BEGIN SCATTER2D /COMETA_ZZ_production_analysis/totxsec
Path=/COMETA_ZZ_production_analysis/totxsec
ScaledBy=1.36075046992988942e-05
Title=~
# val1       	err1-        	err1+        	val2         	err2-        	err2+        	
1.300000e+04 	5.000000e-01 	5.000000e-01 	7.952159e+00 	2.614491e-03 	2.614491e-03 	
END SCATTER2D

BEGIN SCATTER2D /COMETA_ZZ_production_analysis/m4l
Path=/COMETA_ZZ_production_analysis/m4l
ScaledBy=1.36075046992988942e-05
Title=~
# val1       	err1-        	err1+        	val2         	err2-        	err2+        	
1.000000e+01 	1.000000e+01 	1.000000e+01 	0.000000e+00 	0.000000e+00 	0.000000e+00 	
3.000000e+01 	1.000000e+01 	1.000000e+01 	0.000000e+00 	0.000000e+00 	0.000000e+00 	
5.000000e+01 	1.000000e+01 	1.000000e+01 	0.000000e+00 	0.000000e+00 	0.000000e+00 	
7.000000e+01 	1.000000e+01 	1.000000e+01 	0.000000e+00 	0.000000e+00 	0.000000e+00 	
9.000000e+01 	1.000000e+01 	1.000000e+01 	0.000000e+00 	0.000000e+00 	0.000000e+00 	
1.100000e+02 	1.000000e+01 	1.000000e+01 	0.000000e+00 	0.000000e+00 	0.000000e+00 	
1.300000e+02 	1.000000e+01 	1.000000e+01 	0.000000e+00 	0.000000e+00 	0.000000e+00 	
1.500000e+02 	1.000000e+01 	1.000000e+01 	0.000000e+00 	0.000000e+00 	0.000000e+00 	
1.700000e+02 	1.000000e+01 	1.000000e+01 	0.000000e+00 	0.000000e+00 	0.000000e+00 	
1.900000e+02 	1.000000e+01 	1.000000e+01 	4.975061e-02 	4.694310e-05 	4.694310e-05 	
2.100000e+02 	1.000000e+01 	1.000000e+01 	6.550560e-02 	5.129427e-05 	5.129427e-05 	
2.300000e+02 	1.000000e+01 	1.000000e+01 	5.481644e-02 	4.709811e-05 	4.709811e-05 	
2.500000e+02 	1.000000e+01 	1.000000e+01 	4.361645e-02 	4.262765e-05 	4.262765e-05 	
2.700000e+02 	1.000000e+01 	1.000000e+01 	3.440939e-02 	3.831850e-05 	3.831850e-05 	
2.900000e+02 	1.000000e+01 	1.000000e+01 	2.705760e-02 	3.474781e-05 	3.474781e-05 	
3.100000e+02 	1.000000e+01 	1.000000e+01 	2.143128e-02 	3.145247e-05 	3.145247e-05 	
3.300000e+02 	1.000000e+01 	1.000000e+01 	1.710577e-02 	2.843735e-05 	2.843735e-05 	
3.500000e+02 	1.000000e+01 	1.000000e+01 	1.375720e-02 	2.586805e-05 	2.586805e-05 	
3.700000e+02 	1.000000e+01 	1.000000e+01 	1.111435e-02 	2.271065e-05 	2.271065e-05 	
3.900000e+02 	1.000000e+01 	1.000000e+01 	9.059694e-03 	2.112425e-05 	2.112425e-05 	
4.100000e+02 	1.000000e+01 	1.000000e+01 	7.443840e-03 	1.894630e-05 	1.894630e-05 	
4.300000e+02 	1.000000e+01 	1.000000e+01 	6.123807e-03 	1.718865e-05 	1.718865e-05 	
4.500000e+02 	1.000000e+01 	1.000000e+01 	5.093393e-03 	1.566785e-05 	1.566785e-05 	
4.700000e+02 	1.000000e+01 	1.000000e+01 	4.247804e-03 	1.388923e-05 	1.388923e-05 	
4.900000e+02 	1.000000e+01 	1.000000e+01 	3.577638e-03 	1.300095e-05 	1.300095e-05 	
5.100000e+02 	1.000000e+01 	1.000000e+01 	3.033030e-03 	1.234648e-05 	1.234648e-05 	
5.300000e+02 	1.000000e+01 	1.000000e+01 	2.569902e-03 	1.101139e-05 	1.101139e-05 	
5.500000e+02 	1.000000e+01 	1.000000e+01 	2.184610e-03 	9.816335e-06 	9.816335e-06 	
5.700000e+02 	1.000000e+01 	1.000000e+01 	1.861748e-03 	8.733872e-06 	8.733872e-06 	
5.900000e+02 	1.000000e+01 	1.000000e+01 	1.620768e-03 	8.131340e-06 	8.131340e-06 	
6.100000e+02 	1.000000e+01 	1.000000e+01 	1.380043e-03 	7.385951e-06 	7.385951e-06 	
6.300000e+02 	1.000000e+01 	1.000000e+01 	1.202572e-03 	6.573711e-06 	6.573711e-06 	
6.500000e+02 	1.000000e+01 	1.000000e+01 	1.042515e-03 	6.027240e-06 	6.027240e-06 	
6.700000e+02 	1.000000e+01 	1.000000e+01 	9.029792e-04 	5.986762e-06 	5.986762e-06 	
6.900000e+02 	1.000000e+01 	1.000000e+01 	7.962377e-04 	5.357424e-06 	5.357424e-06 	
7.100000e+02 	1.000000e+01 	1.000000e+01 	6.864570e-04 	4.749166e-06 	4.749166e-06 	
7.300000e+02 	1.000000e+01 	1.000000e+01 	6.162394e-04 	4.456425e-06 	4.456425e-06 	
7.500000e+02 	1.000000e+01 	1.000000e+01 	5.414002e-04 	3.987615e-06 	3.987615e-06 	
7.700000e+02 	1.000000e+01 	1.000000e+01 	4.841264e-04 	3.549599e-06 	3.549599e-06 	
7.900000e+02 	1.000000e+01 	1.000000e+01 	4.260913e-04 	3.219550e-06 	3.219550e-06 	
8.100000e+02 	1.000000e+01 	1.000000e+01 	3.773056e-04 	2.956122e-06 	2.956122e-06 	
8.300000e+02 	1.000000e+01 	1.000000e+01 	3.374366e-04 	2.799039e-06 	2.799039e-06 	
8.500000e+02 	1.000000e+01 	1.000000e+01 	2.998687e-04 	2.468615e-06 	2.468615e-06 	
8.700000e+02 	1.000000e+01 	1.000000e+01 	2.695739e-04 	2.365758e-06 	2.365758e-06 	
8.900000e+02 	1.000000e+01 	1.000000e+01 	2.407951e-04 	2.139528e-06 	2.139528e-06 	
9.100000e+02 	1.000000e+01 	1.000000e+01 	2.169819e-04 	1.952509e-06 	1.952509e-06 	
9.300000e+02 	1.000000e+01 	1.000000e+01 	1.988457e-04 	1.849808e-06 	1.849808e-06 	
9.500000e+02 	1.000000e+01 	1.000000e+01 	1.794059e-04 	1.691009e-06 	1.691009e-06 	
9.700000e+02 	1.000000e+01 	1.000000e+01 	1.643007e-04 	1.577068e-06 	1.577068e-06 	
9.900000e+02 	1.000000e+01 	1.000000e+01 	1.461069e-04 	1.369188e-06 	1.369188e-06 	
1.010000e+03 	1.000000e+01 	1.000000e+01 	1.317659e-04 	1.274833e-06 	1.274833e-06 	
1.030000e+03 	1.000000e+01 	1.000000e+01 	1.195367e-04 	1.177100e-06 	1.177100e-06 	
1.050000e+03 	1.000000e+01 	1.000000e+01 	1.101574e-04 	1.097291e-06 	1.097291e-06 	
1.070000e+03 	1.000000e+01 	1.000000e+01 	9.981645e-05 	1.023219e-06 	1.023219e-06 	
1.090000e+03 	1.000000e+01 	1.000000e+01 	9.154284e-05 	9.383691e-07 	9.383691e-07 	
1.110000e+03 	1.000000e+01 	1.000000e+01 	8.550913e-05 	8.911191e-07 	8.911191e-07 	
1.130000e+03 	1.000000e+01 	1.000000e+01 	7.594308e-05 	7.998673e-07 	7.998673e-07 	
1.150000e+03 	1.000000e+01 	1.000000e+01 	7.080078e-05 	7.575857e-07 	7.575857e-07 	
1.170000e+03 	1.000000e+01 	1.000000e+01 	6.575327e-05 	7.117873e-07 	7.117873e-07 	
1.190000e+03 	1.000000e+01 	1.000000e+01 	6.095420e-05 	6.630403e-07 	6.630403e-07 	
1.210000e+03 	1.000000e+01 	1.000000e+01 	5.488213e-05 	6.258482e-07 	6.258482e-07 	
1.230000e+03 	1.000000e+01 	1.000000e+01 	4.998113e-05 	5.726225e-07 	5.726225e-07 	
1.250000e+03 	1.000000e+01 	1.000000e+01 	4.793120e-05 	5.539480e-07 	5.539480e-07 	
1.270000e+03 	1.000000e+01 	1.000000e+01 	4.315831e-05 	5.121439e-07 	5.121439e-07 	
1.290000e+03 	1.000000e+01 	1.000000e+01 	4.073591e-05 	4.861910e-07 	4.861910e-07 	
1.310000e+03 	1.000000e+01 	1.000000e+01 	3.718059e-05 	4.455722e-07 	4.455722e-07 	
1.330000e+03 	1.000000e+01 	1.000000e+01 	3.515854e-05 	4.322715e-07 	4.322715e-07 	
1.350000e+03 	1.000000e+01 	1.000000e+01 	3.215265e-05 	4.004973e-07 	4.004973e-07 	
1.370000e+03 	1.000000e+01 	1.000000e+01 	2.956042e-05 	3.760856e-07 	3.760856e-07 	
1.390000e+03 	1.000000e+01 	1.000000e+01 	2.772722e-05 	3.508144e-07 	3.508144e-07 	
1.410000e+03 	1.000000e+01 	1.000000e+01 	2.507629e-05 	3.281580e-07 	3.281580e-07 	
1.430000e+03 	1.000000e+01 	1.000000e+01 	2.336962e-05 	3.110847e-07 	3.110847e-07 	
1.450000e+03 	1.000000e+01 	1.000000e+01 	2.193466e-05 	2.922791e-07 	2.922791e-07 	
1.470000e+03 	1.000000e+01 	1.000000e+01 	2.052195e-05 	2.779371e-07 	2.779371e-07 	
1.490000e+03 	1.000000e+01 	1.000000e+01 	1.899300e-05 	2.604271e-07 	2.604271e-07 	
1.510000e+03 	1.000000e+01 	1.000000e+01 	1.826255e-05 	2.536674e-07 	2.536674e-07 	
1.530000e+03 	1.000000e+01 	1.000000e+01 	1.710219e-05 	2.387533e-07 	2.387533e-07 	
1.550000e+03 	1.000000e+01 	1.000000e+01 	1.533995e-05 	2.186519e-07 	2.186519e-07 	
1.570000e+03 	1.000000e+01 	1.000000e+01 	1.476133e-05 	2.126790e-07 	2.126790e-07 	
1.590000e+03 	1.000000e+01 	1.000000e+01 	1.367894e-05 	2.005689e-07 	2.005689e-07 	
1.610000e+03 	1.000000e+01 	1.000000e+01 	1.267805e-05 	1.889453e-07 	1.889453e-07 	
1.630000e+03 	1.000000e+01 	1.000000e+01 	1.192316e-05 	1.792857e-07 	1.792857e-07 	
1.650000e+03 	1.000000e+01 	1.000000e+01 	1.122178e-05 	1.702506e-07 	1.702506e-07 	
1.670000e+03 	1.000000e+01 	1.000000e+01 	1.058621e-05 	1.653413e-07 	1.653413e-07 	
1.690000e+03 	1.000000e+01 	1.000000e+01 	9.850066e-06 	1.554644e-07 	1.554644e-07 	
1.710000e+03 	1.000000e+01 	1.000000e+01 	9.414665e-06 	1.474391e-07 	1.474391e-07 	
1.730000e+03 	1.000000e+01 	1.000000e+01 	8.769132e-06 	1.375324e-07 	1.375324e-07 	
1.750000e+03 	1.000000e+01 	1.000000e+01 	8.345482e-06 	1.328230e-07 	1.328230e-07 	
1.770000e+03 	1.000000e+01 	1.000000e+01 	7.629101e-06 	1.248187e-07 	1.248187e-07 	
1.790000e+03 	1.000000e+01 	1.000000e+01 	7.260054e-06 	1.192155e-07 	1.192155e-07 	
1.810000e+03 	1.000000e+01 	1.000000e+01 	6.693168e-06 	1.118629e-07 	1.118629e-07 	
1.830000e+03 	1.000000e+01 	1.000000e+01 	6.369423e-06 	1.071408e-07 	1.071408e-07 	
1.850000e+03 	1.000000e+01 	1.000000e+01 	5.711678e-06 	9.782578e-08 	9.782578e-08 	
1.870000e+03 	1.000000e+01 	1.000000e+01 	5.567417e-06 	9.515975e-08 	9.515975e-08 	
1.890000e+03 	1.000000e+01 	1.000000e+01 	5.360146e-06 	9.345804e-08 	9.345804e-08 	
1.910000e+03 	1.000000e+01 	1.000000e+01 	4.920273e-06 	8.678956e-08 	8.678956e-08 	
1.930000e+03 	1.000000e+01 	1.000000e+01 	4.775530e-06 	8.248410e-08 	8.248410e-08 	
1.950000e+03 	1.000000e+01 	1.000000e+01 	4.284863e-06 	7.763851e-08 	7.763851e-08 	
1.970000e+03 	1.000000e+01 	1.000000e+01 	4.147529e-06 	7.490569e-08 	7.490569e-08 	
1.990000e+03 	1.000000e+01 	1.000000e+01 	3.786206e-06 	6.924117e-08 	6.924117e-08 	
END SCATTER2D

BEGIN SCATTER2D /COMETA_ZZ_production_analysis/m3l
Path=/COMETA_ZZ_production_analysis/m3l
ScaledBy=1.36075046992988942e-05
Title=~
# val1       	err1-        	err1+        	val2         	err2-        	err2+        	
5.000000e+00 	5.000000e+00 	5.000000e+00 	0.000000e+00 	0.000000e+00 	0.000000e+00 	
1.500000e+01 	5.000000e+00 	5.000000e+00 	0.000000e+00 	0.000000e+00 	0.000000e+00 	
2.500000e+01 	5.000000e+00 	5.000000e+00 	0.000000e+00 	0.000000e+00 	0.000000e+00 	
3.500000e+01 	5.000000e+00 	5.000000e+00 	0.000000e+00 	0.000000e+00 	0.000000e+00 	
4.500000e+01 	5.000000e+00 	5.000000e+00 	0.000000e+00 	0.000000e+00 	0.000000e+00 	
5.500000e+01 	5.000000e+00 	5.000000e+00 	0.000000e+00 	0.000000e+00 	0.000000e+00 	
6.500000e+01 	5.000000e+00 	5.000000e+00 	0.000000e+00 	0.000000e+00 	0.000000e+00 	
7.500000e+01 	5.000000e+00 	5.000000e+00 	0.000000e+00 	0.000000e+00 	0.000000e+00 	
8.500000e+01 	5.000000e+00 	5.000000e+00 	7.020919e-05 	2.459555e-06 	2.459555e-06 	
9.500000e+01 	5.000000e+00 	5.000000e+00 	5.850310e-03 	2.356558e-05 	2.356558e-05 	
1.050000e+02 	5.000000e+00 	5.000000e+00 	3.479702e-02 	5.800750e-05 	5.800750e-05 	
1.150000e+02 	5.000000e+00 	5.000000e+00 	6.080324e-02 	7.604236e-05 	7.604236e-05 	
1.250000e+02 	5.000000e+00 	5.000000e+00 	6.623441e-02 	7.499409e-05 	7.499409e-05 	
1.350000e+02 	5.000000e+00 	5.000000e+00 	6.335626e-02 	7.039149e-05 	7.039149e-05 	
1.450000e+02 	5.000000e+00 	5.000000e+00 	6.068070e-02 	7.013649e-05 	7.013649e-05 	
1.550000e+02 	5.000000e+00 	5.000000e+00 	5.648634e-02 	6.778576e-05 	6.778576e-05 	
1.650000e+02 	5.000000e+00 	5.000000e+00 	5.121367e-02 	6.444415e-05 	6.444415e-05 	
1.750000e+02 	5.000000e+00 	5.000000e+00 	4.567124e-02 	6.120012e-05 	6.120012e-05 	
1.850000e+02 	5.000000e+00 	5.000000e+00 	4.036510e-02 	5.799193e-05 	5.799193e-05 	
1.950000e+02 	5.000000e+00 	5.000000e+00 	3.544381e-02 	5.470006e-05 	5.470006e-05 	
2.050000e+02 	5.000000e+00 	5.000000e+00 	3.105626e-02 	5.148129e-05 	5.148129e-05 	
2.150000e+02 	5.000000e+00 	5.000000e+00 	2.715650e-02 	4.859329e-05 	4.859329e-05 	
2.250000e+02 	5.000000e+00 	5.000000e+00 	2.378005e-02 	4.583515e-05 	4.583515e-05 	
2.350000e+02 	5.000000e+00 	5.000000e+00 	2.084648e-02 	4.316785e-05 	4.316785e-05 	
2.450000e+02 	5.000000e+00 	5.000000e+00 	1.819318e-02 	4.053665e-05 	4.053665e-05 	
2.550000e+02 	5.000000e+00 	5.000000e+00 	1.604734e-02 	3.844844e-05 	3.844844e-05 	
2.650000e+02 	5.000000e+00 	5.000000e+00 	1.406618e-02 	3.620380e-05 	3.620380e-05 	
2.750000e+02 	5.000000e+00 	5.000000e+00 	1.236712e-02 	3.410180e-05 	3.410180e-05 	
2.850000e+02 	5.000000e+00 	5.000000e+00 	1.092938e-02 	3.212093e-05 	3.212093e-05 	
2.950000e+02 	5.000000e+00 	5.000000e+00 	9.707874e-03 	3.038055e-05 	3.038055e-05 	
3.050000e+02 	5.000000e+00 	5.000000e+00 	8.548929e-03 	2.854615e-05 	2.854615e-05 	
3.150000e+02 	5.000000e+00 	5.000000e+00 	7.606520e-03 	2.697000e-05 	2.697000e-05 	
3.250000e+02 	5.000000e+00 	5.000000e+00 	6.807508e-03 	2.548506e-05 	2.548506e-05 	
3.350000e+02 	5.000000e+00 	5.000000e+00 	6.015365e-03 	2.390101e-05 	2.390101e-05 	
3.450000e+02 	5.000000e+00 	5.000000e+00 	5.423262e-03 	2.275929e-05 	2.275929e-05 	
3.550000e+02 	5.000000e+00 	5.000000e+00 	4.861601e-03 	2.147183e-05 	2.147183e-05 	
3.650000e+02 	5.000000e+00 	5.000000e+00 	4.320388e-03 	2.017792e-05 	2.017792e-05 	
3.750000e+02 	5.000000e+00 	5.000000e+00 	3.883915e-03 	1.914472e-05 	1.914472e-05 	
3.850000e+02 	5.000000e+00 	5.000000e+00 	3.508217e-03 	1.807172e-05 	1.807172e-05 	
3.950000e+02 	5.000000e+00 	5.000000e+00 	3.189208e-03 	1.725668e-05 	1.725668e-05 	
4.050000e+02 	5.000000e+00 	5.000000e+00 	2.874624e-03 	1.632405e-05 	1.632405e-05 	
4.150000e+02 	5.000000e+00 	5.000000e+00 	2.601407e-03 	1.543452e-05 	1.543452e-05 	
4.250000e+02 	5.000000e+00 	5.000000e+00 	2.353517e-03 	1.455464e-05 	1.455464e-05 	
4.350000e+02 	5.000000e+00 	5.000000e+00 	2.123173e-03 	1.377209e-05 	1.377209e-05 	
4.450000e+02 	5.000000e+00 	5.000000e+00 	1.962467e-03 	1.314743e-05 	1.314743e-05 	
4.550000e+02 	5.000000e+00 	5.000000e+00 	1.767021e-03 	1.224053e-05 	1.224053e-05 	
4.650000e+02 	5.000000e+00 	5.000000e+00 	1.617667e-03 	1.182837e-05 	1.182837e-05 	
4.750000e+02 	5.000000e+00 	5.000000e+00 	1.476469e-03 	1.138048e-05 	1.138048e-05 	
4.850000e+02 	5.000000e+00 	5.000000e+00 	1.352503e-03 	1.064398e-05 	1.064398e-05 	
4.950000e+02 	5.000000e+00 	5.000000e+00 	1.244792e-03 	1.020174e-05 	1.020174e-05 	
5.050000e+02 	5.000000e+00 	5.000000e+00 	1.138153e-03 	9.568130e-06 	9.568130e-06 	
5.150000e+02 	5.000000e+00 	5.000000e+00 	1.056092e-03 	9.226862e-06 	9.226862e-06 	
5.250000e+02 	5.000000e+00 	5.000000e+00 	9.534210e-04 	8.441817e-06 	8.441817e-06 	
5.350000e+02 	5.000000e+00 	5.000000e+00 	8.777978e-04 	8.013305e-06 	8.013305e-06 	
5.450000e+02 	5.000000e+00 	5.000000e+00 	8.106753e-04 	7.580529e-06 	7.580529e-06 	
5.550000e+02 	5.000000e+00 	5.000000e+00 	7.331669e-04 	6.959678e-06 	6.959678e-06 	
5.650000e+02 	5.000000e+00 	5.000000e+00 	6.963074e-04 	6.867042e-06 	6.867042e-06 	
5.750000e+02 	5.000000e+00 	5.000000e+00 	6.439454e-04 	6.561674e-06 	6.561674e-06 	
5.850000e+02 	5.000000e+00 	5.000000e+00 	5.886367e-04 	6.319589e-06 	6.319589e-06 	
5.950000e+02 	5.000000e+00 	5.000000e+00 	5.451661e-04 	5.836180e-06 	5.836180e-06 	
6.050000e+02 	5.000000e+00 	5.000000e+00 	5.086827e-04 	5.668078e-06 	5.668078e-06 	
6.150000e+02 	5.000000e+00 	5.000000e+00 	4.771508e-04 	5.225113e-06 	5.225113e-06 	
6.250000e+02 	5.000000e+00 	5.000000e+00 	4.388333e-04 	5.068569e-06 	5.068569e-06 	
6.350000e+02 	5.000000e+00 	5.000000e+00 	4.107464e-04 	4.706799e-06 	4.706799e-06 	
6.450000e+02 	5.000000e+00 	5.000000e+00 	3.836579e-04 	4.717714e-06 	4.717714e-06 	
6.550000e+02 	5.000000e+00 	5.000000e+00 	3.468858e-04 	4.272148e-06 	4.272148e-06 	
6.650000e+02 	5.000000e+00 	5.000000e+00 	3.290433e-04 	4.136867e-06 	4.136867e-06 	
6.750000e+02 	5.000000e+00 	5.000000e+00 	3.115454e-04 	4.020828e-06 	4.020828e-06 	
6.850000e+02 	5.000000e+00 	5.000000e+00 	2.861077e-04 	3.726813e-06 	3.726813e-06 	
6.950000e+02 	5.000000e+00 	5.000000e+00 	2.708831e-04 	3.586859e-06 	3.586859e-06 	
7.050000e+02 	5.000000e+00 	5.000000e+00 	2.534983e-04 	3.345818e-06 	3.345818e-06 	
7.150000e+02 	5.000000e+00 	5.000000e+00 	2.293560e-04 	3.067815e-06 	3.067815e-06 	
7.250000e+02 	5.000000e+00 	5.000000e+00 	2.190683e-04 	3.043222e-06 	3.043222e-06 	
7.350000e+02 	5.000000e+00 	5.000000e+00 	2.079566e-04 	2.911833e-06 	2.911833e-06 	
7.450000e+02 	5.000000e+00 	5.000000e+00 	1.948800e-04 	2.797097e-06 	2.797097e-06 	
7.550000e+02 	5.000000e+00 	5.000000e+00 	1.846650e-04 	2.556661e-06 	2.556661e-06 	
7.650000e+02 	5.000000e+00 	5.000000e+00 	1.760680e-04 	2.515083e-06 	2.515083e-06 	
7.750000e+02 	5.000000e+00 	5.000000e+00 	1.649367e-04 	2.399219e-06 	2.399219e-06 	
7.850000e+02 	5.000000e+00 	5.000000e+00 	1.522033e-04 	2.266982e-06 	2.266982e-06 	
7.950000e+02 	5.000000e+00 	5.000000e+00 	1.422538e-04 	2.108712e-06 	2.108712e-06 	
8.050000e+02 	5.000000e+00 	5.000000e+00 	1.368381e-04 	2.066393e-06 	2.066393e-06 	
8.150000e+02 	5.000000e+00 	5.000000e+00 	1.226522e-04 	1.905315e-06 	1.905315e-06 	
8.250000e+02 	5.000000e+00 	5.000000e+00 	1.208584e-04 	1.956992e-06 	1.956992e-06 	
8.350000e+02 	5.000000e+00 	5.000000e+00 	1.120747e-04 	1.743783e-06 	1.743783e-06 	
8.450000e+02 	5.000000e+00 	5.000000e+00 	1.068657e-04 	1.711650e-06 	1.711650e-06 	
8.550000e+02 	5.000000e+00 	5.000000e+00 	1.007979e-04 	1.612818e-06 	1.612818e-06 	
8.650000e+02 	5.000000e+00 	5.000000e+00 	9.488764e-05 	1.541700e-06 	1.541700e-06 	
8.750000e+02 	5.000000e+00 	5.000000e+00 	9.189659e-05 	1.555939e-06 	1.555939e-06 	
8.850000e+02 	5.000000e+00 	5.000000e+00 	8.666288e-05 	1.514395e-06 	1.514395e-06 	
8.950000e+02 	5.000000e+00 	5.000000e+00 	8.151218e-05 	1.363983e-06 	1.363983e-06 	
9.050000e+02 	5.000000e+00 	5.000000e+00 	7.699009e-05 	1.344911e-06 	1.344911e-06 	
9.150000e+02 	5.000000e+00 	5.000000e+00 	7.298531e-05 	1.278385e-06 	1.278385e-06 	
9.250000e+02 	5.000000e+00 	5.000000e+00 	7.117522e-05 	1.269210e-06 	1.269210e-06 	
9.350000e+02 	5.000000e+00 	5.000000e+00 	6.616092e-05 	1.160090e-06 	1.160090e-06 	
9.450000e+02 	5.000000e+00 	5.000000e+00 	6.407306e-05 	1.184317e-06 	1.184317e-06 	
9.550000e+02 	5.000000e+00 	5.000000e+00 	6.146729e-05 	1.115208e-06 	1.115208e-06 	
9.650000e+02 	5.000000e+00 	5.000000e+00 	5.693834e-05 	1.057979e-06 	1.057979e-06 	
9.750000e+02 	5.000000e+00 	5.000000e+00 	5.437167e-05 	1.007386e-06 	1.007386e-06 	
9.850000e+02 	5.000000e+00 	5.000000e+00 	5.143601e-05 	9.548591e-07 	9.548591e-07 	
9.950000e+02 	5.000000e+00 	5.000000e+00 	4.937235e-05 	9.305288e-07 	9.305288e-07 	
END SCATTER2D

BEGIN SCATTER2D /COMETA_ZZ_production_analysis/mpp
Path=/COMETA_ZZ_production_analysis/mpp
ScaledBy=1.36075046992988942e-05
Title=~
# val1       	err1-        	err1+        	val2         	err2-        	err2+        	
5.000000e+00 	5.000000e+00 	5.000000e+00 	7.213686e-03 	2.572845e-05 	2.572845e-05 	
1.500000e+01 	5.000000e+00 	5.000000e+00 	2.191272e-02 	4.477403e-05 	4.477403e-05 	
2.500000e+01 	5.000000e+00 	5.000000e+00 	3.553333e-02 	5.691210e-05 	5.691210e-05 	
3.500000e+01 	5.000000e+00 	5.000000e+00 	4.791858e-02 	6.604186e-05 	6.604186e-05 	
4.500000e+01 	5.000000e+00 	5.000000e+00 	5.697600e-02 	7.165733e-05 	7.165733e-05 	
5.500000e+01 	5.000000e+00 	5.000000e+00 	6.115148e-02 	7.348371e-05 	7.348371e-05 	
6.500000e+01 	5.000000e+00 	5.000000e+00 	6.023378e-02 	7.162147e-05 	7.162147e-05 	
7.500000e+01 	5.000000e+00 	5.000000e+00 	5.615149e-02 	6.763124e-05 	6.763124e-05 	
8.500000e+01 	5.000000e+00 	5.000000e+00 	5.107658e-02 	6.362476e-05 	6.362476e-05 	
9.500000e+01 	5.000000e+00 	5.000000e+00 	4.643925e-02 	6.073266e-05 	6.073266e-05 	
1.050000e+02 	5.000000e+00 	5.000000e+00 	4.196390e-02 	5.819753e-05 	5.819753e-05 	
1.150000e+02 	5.000000e+00 	5.000000e+00 	3.770228e-02 	5.565257e-05 	5.565257e-05 	
1.250000e+02 	5.000000e+00 	5.000000e+00 	3.340334e-02 	5.266140e-05 	5.266140e-05 	
1.350000e+02 	5.000000e+00 	5.000000e+00 	2.947895e-02 	4.982671e-05 	4.982671e-05 	
1.450000e+02 	5.000000e+00 	5.000000e+00 	2.570854e-02 	4.688520e-05 	4.688520e-05 	
1.550000e+02 	5.000000e+00 	5.000000e+00 	2.242064e-02 	4.410274e-05 	4.410274e-05 	
1.650000e+02 	5.000000e+00 	5.000000e+00 	1.950517e-02 	4.147818e-05 	4.147818e-05 	
1.750000e+02 	5.000000e+00 	5.000000e+00 	1.687747e-02 	3.875409e-05 	3.875409e-05 	
1.850000e+02 	5.000000e+00 	5.000000e+00 	1.466211e-02 	3.643294e-05 	3.643294e-05 	
1.950000e+02 	5.000000e+00 	5.000000e+00 	1.272436e-02 	3.414806e-05 	3.414806e-05 	
2.050000e+02 	5.000000e+00 	5.000000e+00 	1.108042e-02 	3.204531e-05 	3.204531e-05 	
2.150000e+02 	5.000000e+00 	5.000000e+00 	9.591640e-03 	2.986387e-05 	2.986387e-05 	
2.250000e+02 	5.000000e+00 	5.000000e+00 	8.377115e-03 	2.804905e-05 	2.804905e-05 	
2.350000e+02 	5.000000e+00 	5.000000e+00 	7.326786e-03 	2.632877e-05 	2.632877e-05 	
2.450000e+02 	5.000000e+00 	5.000000e+00 	6.401459e-03 	2.462519e-05 	2.462519e-05 	
2.550000e+02 	5.000000e+00 	5.000000e+00 	5.634797e-03 	2.313395e-05 	2.313395e-05 	
2.650000e+02 	5.000000e+00 	5.000000e+00 	4.950271e-03 	2.171002e-05 	2.171002e-05 	
2.750000e+02 	5.000000e+00 	5.000000e+00 	4.385319e-03 	2.029024e-05 	2.029024e-05 	
2.850000e+02 	5.000000e+00 	5.000000e+00 	3.825090e-03 	1.904757e-05 	1.904757e-05 	
2.950000e+02 	5.000000e+00 	5.000000e+00 	3.388147e-03 	1.781672e-05 	1.781672e-05 	
3.050000e+02 	5.000000e+00 	5.000000e+00 	2.986182e-03 	1.659791e-05 	1.659791e-05 	
3.150000e+02 	5.000000e+00 	5.000000e+00 	2.670173e-03 	1.567560e-05 	1.567560e-05 	
3.250000e+02 	5.000000e+00 	5.000000e+00 	2.384755e-03 	1.473073e-05 	1.473073e-05 	
3.350000e+02 	5.000000e+00 	5.000000e+00 	2.104420e-03 	1.392683e-05 	1.392683e-05 	
3.450000e+02 	5.000000e+00 	5.000000e+00 	1.909708e-03 	1.314333e-05 	1.314333e-05 	
3.550000e+02 	5.000000e+00 	5.000000e+00 	1.675936e-03 	1.219112e-05 	1.219112e-05 	
3.650000e+02 	5.000000e+00 	5.000000e+00 	1.499051e-03 	1.143866e-05 	1.143866e-05 	
3.750000e+02 	5.000000e+00 	5.000000e+00 	1.365118e-03 	1.080394e-05 	1.080394e-05 	
3.850000e+02 	5.000000e+00 	5.000000e+00 	1.236572e-03 	1.031651e-05 	1.031651e-05 	
3.950000e+02 	5.000000e+00 	5.000000e+00 	1.104236e-03 	9.555694e-06 	9.555694e-06 	
4.050000e+02 	5.000000e+00 	5.000000e+00 	1.000968e-03 	8.986595e-06 	8.986595e-06 	
4.150000e+02 	5.000000e+00 	5.000000e+00 	8.957303e-04 	8.351831e-06 	8.351831e-06 	
4.250000e+02 	5.000000e+00 	5.000000e+00 	8.189143e-04 	7.929946e-06 	7.929946e-06 	
4.350000e+02 	5.000000e+00 	5.000000e+00 	7.369889e-04 	7.566133e-06 	7.566133e-06 	
4.450000e+02 	5.000000e+00 	5.000000e+00 	6.743216e-04 	6.953034e-06 	6.953034e-06 	
4.550000e+02 	5.000000e+00 	5.000000e+00 	6.157353e-04 	6.766800e-06 	6.766800e-06 	
4.650000e+02 	5.000000e+00 	5.000000e+00 	5.523692e-04 	6.070432e-06 	6.070432e-06 	
4.750000e+02 	5.000000e+00 	5.000000e+00 	5.025324e-04 	5.738235e-06 	5.738235e-06 	
4.850000e+02 	5.000000e+00 	5.000000e+00 	4.615580e-04 	5.568732e-06 	5.568732e-06 	
4.950000e+02 	5.000000e+00 	5.000000e+00 	4.266773e-04 	5.164232e-06 	5.164232e-06 	
5.050000e+02 	5.000000e+00 	5.000000e+00 	3.853863e-04 	4.675680e-06 	4.675680e-06 	
5.150000e+02 	5.000000e+00 	5.000000e+00 	3.539773e-04 	4.413720e-06 	4.413720e-06 	
5.250000e+02 	5.000000e+00 	5.000000e+00 	3.214305e-04 	4.132021e-06 	4.132021e-06 	
5.350000e+02 	5.000000e+00 	5.000000e+00 	2.993134e-04 	4.085480e-06 	4.085480e-06 	
5.450000e+02 	5.000000e+00 	5.000000e+00 	2.714153e-04 	3.713435e-06 	3.713435e-06 	
5.550000e+02 	5.000000e+00 	5.000000e+00 	2.497741e-04 	3.549326e-06 	3.549326e-06 	
5.650000e+02 	5.000000e+00 	5.000000e+00 	2.344686e-04 	3.306536e-06 	3.306536e-06 	
5.750000e+02 	5.000000e+00 	5.000000e+00 	2.210808e-04 	3.292136e-06 	3.292136e-06 	
5.850000e+02 	5.000000e+00 	5.000000e+00 	2.025847e-04 	3.031267e-06 	3.031267e-06 	
5.950000e+02 	5.000000e+00 	5.000000e+00 	1.824987e-04 	2.789700e-06 	2.789700e-06 	
6.050000e+02 	5.000000e+00 	5.000000e+00 	1.745941e-04 	2.725716e-06 	2.725716e-06 	
6.150000e+02 	5.000000e+00 	5.000000e+00 	1.614971e-04 	2.620016e-06 	2.620016e-06 	
6.250000e+02 	5.000000e+00 	5.000000e+00 	1.457318e-04 	2.399377e-06 	2.399377e-06 	
6.350000e+02 	5.000000e+00 	5.000000e+00 	1.380616e-04 	2.378722e-06 	2.378722e-06 	
6.450000e+02 	5.000000e+00 	5.000000e+00 	1.296020e-04 	2.228552e-06 	2.228552e-06 	
6.550000e+02 	5.000000e+00 	5.000000e+00 	1.198147e-04 	2.051920e-06 	2.051920e-06 	
6.650000e+02 	5.000000e+00 	5.000000e+00 	1.143814e-04 	1.998265e-06 	1.998265e-06 	
6.750000e+02 	5.000000e+00 	5.000000e+00 	1.085251e-04 	1.968914e-06 	1.968914e-06 	
6.850000e+02 	5.000000e+00 	5.000000e+00 	9.604222e-05 	1.756734e-06 	1.756734e-06 	
6.950000e+02 	5.000000e+00 	5.000000e+00 	8.915498e-05 	1.705816e-06 	1.705816e-06 	
7.050000e+02 	5.000000e+00 	5.000000e+00 	8.579671e-05 	1.633896e-06 	1.633896e-06 	
7.150000e+02 	5.000000e+00 	5.000000e+00 	8.119632e-05 	1.563411e-06 	1.563411e-06 	
7.250000e+02 	5.000000e+00 	5.000000e+00 	7.228314e-05 	1.418774e-06 	1.418774e-06 	
7.350000e+02 	5.000000e+00 	5.000000e+00 	7.240058e-05 	1.426760e-06 	1.426760e-06 	
7.450000e+02 	5.000000e+00 	5.000000e+00 	6.725661e-05 	1.353333e-06 	1.353333e-06 	
7.550000e+02 	5.000000e+00 	5.000000e+00 	6.195848e-05 	1.296345e-06 	1.296345e-06 	
7.650000e+02 	5.000000e+00 	5.000000e+00 	5.770296e-05 	1.201643e-06 	1.201643e-06 	
7.750000e+02 	5.000000e+00 	5.000000e+00 	5.545255e-05 	1.168767e-06 	1.168767e-06 	
7.850000e+02 	5.000000e+00 	5.000000e+00 	5.326239e-05 	1.126672e-06 	1.126672e-06 	
7.950000e+02 	5.000000e+00 	5.000000e+00 	4.748920e-05 	1.046163e-06 	1.046163e-06 	
END SCATTER2D

BEGIN SCATTER2D /COMETA_ZZ_production_analysis/mee
Path=/COMETA_ZZ_production_analysis/mee
ScaledBy=1.36075046992988942e-05
Title=~
# val1       	err1-        	err1+        	val2         	err2-        	err2+        	
8.125000e+01 	2.500000e-01 	2.500000e-01 	3.425389e-02 	2.405705e-04 	2.405705e-04 	
8.175000e+01 	2.500000e-01 	2.500000e-01 	3.781955e-02 	2.539811e-04 	2.539811e-04 	
8.225000e+01 	2.500000e-01 	2.500000e-01 	4.200900e-02 	2.673846e-04 	2.673846e-04 	
8.275000e+01 	2.500000e-01 	2.500000e-01 	4.738739e-02 	2.858312e-04 	2.858312e-04 	
8.325000e+01 	2.500000e-01 	2.500000e-01 	5.363522e-02 	3.027587e-04 	3.027587e-04 	
8.375000e+01 	2.500000e-01 	2.500000e-01 	6.064377e-02 	3.217392e-04 	3.217392e-04 	
8.425000e+01 	2.500000e-01 	2.500000e-01 	6.943248e-02 	3.448283e-04 	3.448283e-04 	
8.475000e+01 	2.500000e-01 	2.500000e-01 	7.958141e-02 	3.690279e-04 	3.690279e-04 	
8.525000e+01 	2.500000e-01 	2.500000e-01 	9.487932e-02 	4.034307e-04 	4.034307e-04 	
8.575000e+01 	2.500000e-01 	2.500000e-01 	1.116926e-01 	4.373867e-04 	4.373867e-04 	
8.625000e+01 	2.500000e-01 	2.500000e-01 	1.344552e-01 	4.802586e-04 	4.802586e-04 	
8.675000e+01 	2.500000e-01 	2.500000e-01 	1.639002e-01 	5.284910e-04 	5.284910e-04 	
8.725000e+01 	2.500000e-01 	2.500000e-01 	2.039621e-01 	5.909558e-04 	5.909558e-04 	
8.775000e+01 	2.500000e-01 	2.500000e-01 	2.610099e-01 	6.686663e-04 	6.686663e-04 	
8.825000e+01 	2.500000e-01 	2.500000e-01 	3.443192e-01 	7.678593e-04 	7.678593e-04 	
8.875000e+01 	2.500000e-01 	2.500000e-01 	4.684551e-01 	8.960016e-04 	8.960016e-04 	
8.925000e+01 	2.500000e-01 	2.500000e-01 	6.640714e-01 	1.067871e-03 	1.067871e-03 	
8.975000e+01 	2.500000e-01 	2.500000e-01 	9.769896e-01 	1.295895e-03 	1.295895e-03 	
9.025000e+01 	2.500000e-01 	2.500000e-01 	1.440122e+00 	1.572759e-03 	1.572759e-03 	
9.075000e+01 	2.500000e-01 	2.500000e-01 	1.974952e+00 	1.842309e-03 	1.842309e-03 	
9.125000e+01 	2.500000e-01 	2.500000e-01 	2.167146e+00 	1.929696e-03 	1.929696e-03 	
9.175000e+01 	2.500000e-01 	2.500000e-01 	1.798841e+00 	1.759657e-03 	1.759657e-03 	
9.225000e+01 	2.500000e-01 	2.500000e-01 	1.260950e+00 	1.473585e-03 	1.473585e-03 	
9.275000e+01 	2.500000e-01 	2.500000e-01 	8.454561e-01 	1.205798e-03 	1.205798e-03 	
9.325000e+01 	2.500000e-01 	2.500000e-01 	5.843036e-01 	1.004043e-03 	1.004043e-03 	
9.375000e+01 	2.500000e-01 	2.500000e-01 	4.159084e-01 	8.457024e-04 	8.457024e-04 	
9.425000e+01 	2.500000e-01 	2.500000e-01 	3.097874e-01 	7.318335e-04 	7.318335e-04 	
9.475000e+01 	2.500000e-01 	2.500000e-01 	2.373759e-01 	6.397955e-04 	6.397955e-04 	
9.525000e+01 	2.500000e-01 	2.500000e-01 	1.866652e-01 	5.681895e-04 	5.681895e-04 	
9.575000e+01 	2.500000e-01 	2.500000e-01 	1.506697e-01 	5.092960e-04 	5.092960e-04 	
9.625000e+01 	2.500000e-01 	2.500000e-01 	1.237991e-01 	4.630501e-04 	4.630501e-04 	
9.675000e+01 	2.500000e-01 	2.500000e-01 	1.038695e-01 	4.229677e-04 	4.229677e-04 	
9.725000e+01 	2.500000e-01 	2.500000e-01 	8.832852e-02 	3.908301e-04 	3.908301e-04 	
9.775000e+01 	2.500000e-01 	2.500000e-01 	7.534138e-02 	3.606609e-04 	3.606609e-04 	
9.825000e+01 	2.500000e-01 	2.500000e-01 	6.521363e-02 	3.353499e-04 	3.353499e-04 	
9.875000e+01 	2.500000e-01 	2.500000e-01 	5.671493e-02 	3.131153e-04 	3.131153e-04 	
9.925000e+01 	2.500000e-01 	2.500000e-01 	5.076585e-02 	2.955877e-04 	2.955877e-04 	
9.975000e+01 	2.500000e-01 	2.500000e-01 	4.466832e-02 	2.782509e-04 	2.782509e-04 	
1.002500e+02 	2.500000e-01 	2.500000e-01 	3.960624e-02 	2.611121e-04 	2.611121e-04 	
1.007500e+02 	2.500000e-01 	2.500000e-01 	3.533652e-02 	2.463130e-04 	2.463130e-04 	
END SCATTER2D

BEGIN SCATTER2D /COMETA_ZZ_production_analysis/pt4l
Path=/COMETA_ZZ_production_analysis/pt4l
ScaledBy=1.36075046992988942e-05
Title=~
# val1       	err1-        	err1+        	val2         	err2-        	err2+        	
2.500000e+00 	2.500000e+00 	2.500000e+00 	1.590432e+00 	5.228982e-04 	5.228982e-04 	
7.500000e+00 	2.500000e+00 	2.500000e+00 	0.000000e+00 	0.000000e+00 	0.000000e+00 	
1.250000e+01 	2.500000e+00 	2.500000e+00 	0.000000e+00 	0.000000e+00 	0.000000e+00 	
1.750000e+01 	2.500000e+00 	2.500000e+00 	0.000000e+00 	0.000000e+00 	0.000000e+00 	
2.250000e+01 	2.500000e+00 	2.500000e+00 	0.000000e+00 	0.000000e+00 	0.000000e+00 	
2.750000e+01 	2.500000e+00 	2.500000e+00 	0.000000e+00 	0.000000e+00 	0.000000e+00 	
3.250000e+01 	2.500000e+00 	2.500000e+00 	0.000000e+00 	0.000000e+00 	0.000000e+00 	
3.750000e+01 	2.500000e+00 	2.500000e+00 	0.000000e+00 	0.000000e+00 	0.000000e+00 	
4.250000e+01 	2.500000e+00 	2.500000e+00 	0.000000e+00 	0.000000e+00 	0.000000e+00 	
4.750000e+01 	2.500000e+00 	2.500000e+00 	0.000000e+00 	0.000000e+00 	0.000000e+00 	
5.250000e+01 	2.500000e+00 	2.500000e+00 	0.000000e+00 	0.000000e+00 	0.000000e+00 	
5.750000e+01 	2.500000e+00 	2.500000e+00 	0.000000e+00 	0.000000e+00 	0.000000e+00 	
6.250000e+01 	2.500000e+00 	2.500000e+00 	0.000000e+00 	0.000000e+00 	0.000000e+00 	
6.750000e+01 	2.500000e+00 	2.500000e+00 	0.000000e+00 	0.000000e+00 	0.000000e+00 	
7.250000e+01 	2.500000e+00 	2.500000e+00 	0.000000e+00 	0.000000e+00 	0.000000e+00 	
7.750000e+01 	2.500000e+00 	2.500000e+00 	0.000000e+00 	0.000000e+00 	0.000000e+00 	
8.250000e+01 	2.500000e+00 	2.500000e+00 	0.000000e+00 	0.000000e+00 	0.000000e+00 	
8.750000e+01 	2.500000e+00 	2.500000e+00 	0.000000e+00 	0.000000e+00 	0.000000e+00 	
9.250000e+01 	2.500000e+00 	2.500000e+00 	0.000000e+00 	0.000000e+00 	0.000000e+00 	
9.750000e+01 	2.500000e+00 	2.500000e+00 	0.000000e+00 	0.000000e+00 	0.000000e+00 	
1.025000e+02 	2.500000e+00 	2.500000e+00 	0.000000e+00 	0.000000e+00 	0.000000e+00 	
1.075000e+02 	2.500000e+00 	2.500000e+00 	0.000000e+00 	0.000000e+00 	0.000000e+00 	
1.125000e+02 	2.500000e+00 	2.500000e+00 	0.000000e+00 	0.000000e+00 	0.000000e+00 	
1.175000e+02 	2.500000e+00 	2.500000e+00 	0.000000e+00 	0.000000e+00 	0.000000e+00 	
1.225000e+02 	2.500000e+00 	2.500000e+00 	0.000000e+00 	0.000000e+00 	0.000000e+00 	
1.275000e+02 	2.500000e+00 	2.500000e+00 	0.000000e+00 	0.000000e+00 	0.000000e+00 	
1.325000e+02 	2.500000e+00 	2.500000e+00 	0.000000e+00 	0.000000e+00 	0.000000e+00 	
1.375000e+02 	2.500000e+00 	2.500000e+00 	0.000000e+00 	0.000000e+00 	0.000000e+00 	
1.425000e+02 	2.500000e+00 	2.500000e+00 	0.000000e+00 	0.000000e+00 	0.000000e+00 	
1.475000e+02 	2.500000e+00 	2.500000e+00 	0.000000e+00 	0.000000e+00 	0.000000e+00 	
1.525000e+02 	2.500000e+00 	2.500000e+00 	0.000000e+00 	0.000000e+00 	0.000000e+00 	
1.575000e+02 	2.500000e+00 	2.500000e+00 	0.000000e+00 	0.000000e+00 	0.000000e+00 	
1.625000e+02 	2.500000e+00 	2.500000e+00 	0.000000e+00 	0.000000e+00 	0.000000e+00 	
1.675000e+02 	2.500000e+00 	2.500000e+00 	0.000000e+00 	0.000000e+00 	0.000000e+00 	
1.725000e+02 	2.500000e+00 	2.500000e+00 	0.000000e+00 	0.000000e+00 	0.000000e+00 	
1.775000e+02 	2.500000e+00 	2.500000e+00 	0.000000e+00 	0.000000e+00 	0.000000e+00 	
1.825000e+02 	2.500000e+00 	2.500000e+00 	0.000000e+00 	0.000000e+00 	0.000000e+00 	
1.875000e+02 	2.500000e+00 	2.500000e+00 	0.000000e+00 	0.000000e+00 	0.000000e+00 	
1.925000e+02 	2.500000e+00 	2.500000e+00 	0.000000e+00 	0.000000e+00 	0.000000e+00 	
1.975000e+02 	2.500000e+00 	2.500000e+00 	0.000000e+00 	0.000000e+00 	0.000000e+00 	
2.025000e+02 	2.500000e+00 	2.500000e+00 	0.000000e+00 	0.000000e+00 	0.000000e+00 	
2.075000e+02 	2.500000e+00 	2.500000e+00 	0.000000e+00 	0.000000e+00 	0.000000e+00 	
2.125000e+02 	2.500000e+00 	2.500000e+00 	0.000000e+00 	0.000000e+00 	0.000000e+00 	
2.175000e+02 	2.500000e+00 	2.500000e+00 	0.000000e+00 	0.000000e+00 	0.000000e+00 	
2.225000e+02 	2.500000e+00 	2.500000e+00 	0.000000e+00 	0.000000e+00 	0.000000e+00 	
2.275000e+02 	2.500000e+00 	2.500000e+00 	0.000000e+00 	0.000000e+00 	0.000000e+00 	
2.325000e+02 	2.500000e+00 	2.500000e+00 	0.000000e+00 	0.000000e+00 	0.000000e+00 	
2.375000e+02 	2.500000e+00 	2.500000e+00 	0.000000e+00 	0.000000e+00 	0.000000e+00 	
2.425000e+02 	2.500000e+00 	2.500000e+00 	0.000000e+00 	0.000000e+00 	0.000000e+00 	
2.475000e+02 	2.500000e+00 	2.500000e+00 	0.000000e+00 	0.000000e+00 	0.000000e+00 	
2.525000e+02 	2.500000e+00 	2.500000e+00 	0.000000e+00 	0.000000e+00 	0.000000e+00 	
2.575000e+02 	2.500000e+00 	2.500000e+00 	0.000000e+00 	0.000000e+00 	0.000000e+00 	
2.625000e+02 	2.500000e+00 	2.500000e+00 	0.000000e+00 	0.000000e+00 	0.000000e+00 	
2.675000e+02 	2.500000e+00 	2.500000e+00 	0.000000e+00 	0.000000e+00 	0.000000e+00 	
2.725000e+02 	2.500000e+00 	2.500000e+00 	0.000000e+00 	0.000000e+00 	0.000000e+00 	
2.775000e+02 	2.500000e+00 	2.500000e+00 	0.000000e+00 	0.000000e+00 	0.000000e+00 	
2.825000e+02 	2.500000e+00 	2.500000e+00 	0.000000e+00 	0.000000e+00 	0.000000e+00 	
2.875000e+02 	2.500000e+00 	2.500000e+00 	0.000000e+00 	0.000000e+00 	0.000000e+00 	
2.925000e+02 	2.500000e+00 	2.500000e+00 	0.000000e+00 	0.000000e+00 	0.000000e+00 	
2.975000e+02 	2.500000e+00 	2.500000e+00 	0.000000e+00 	0.000000e+00 	0.000000e+00 	
END SCATTER2D

BEGIN SCATTER2D /COMETA_ZZ_production_analysis/ptpp
Path=/COMETA_ZZ_production_analysis/ptpp
ScaledBy=1.36075046992988942e-05
Title=~
# val1       	err1-        	err1+        	val2         	err2-        	err2+        	
7.500000e+00 	7.500000e+00 	7.500000e+00 	3.613361e-02 	4.723854e-05 	4.723854e-05 	
2.250000e+01 	7.500000e+00 	7.500000e+00 	6.722966e-02 	6.329445e-05 	6.329445e-05 	
3.750000e+01 	7.500000e+00 	7.500000e+00 	8.211371e-02 	6.902706e-05 	6.902706e-05 	
5.250000e+01 	7.500000e+00 	7.500000e+00 	9.299255e-02 	7.268647e-05 	7.268647e-05 	
6.750000e+01 	7.500000e+00 	7.500000e+00 	9.760831e-02 	7.427948e-05 	7.427948e-05 	
8.250000e+01 	7.500000e+00 	7.500000e+00 	8.492114e-02 	7.034862e-05 	7.034862e-05 	
9.750000e+01 	7.500000e+00 	7.500000e+00 	3.720772e-02 	4.757370e-05 	4.757370e-05 	
1.125000e+02 	7.500000e+00 	7.500000e+00 	1.398448e-02 	2.724813e-05 	2.724813e-05 	
1.275000e+02 	7.500000e+00 	7.500000e+00 	6.806102e-03 	1.743027e-05 	1.743027e-05 	
1.425000e+02 	7.500000e+00 	7.500000e+00 	3.775372e-03 	1.191654e-05 	1.191654e-05 	
1.575000e+02 	7.500000e+00 	7.500000e+00 	2.273387e-03 	8.546204e-06 	8.546204e-06 	
1.725000e+02 	7.500000e+00 	7.500000e+00 	1.464455e-03 	6.372279e-06 	6.372279e-06 	
1.875000e+02 	7.500000e+00 	7.500000e+00 	9.744298e-04 	4.820783e-06 	4.820783e-06 	
2.025000e+02 	7.500000e+00 	7.500000e+00 	6.742137e-04 	3.748271e-06 	3.748271e-06 	
2.175000e+02 	7.500000e+00 	7.500000e+00 	4.727352e-04 	2.939822e-06 	2.939822e-06 	
2.325000e+02 	7.500000e+00 	7.500000e+00 	3.462302e-04 	2.368930e-06 	2.368930e-06 	
2.475000e+02 	7.500000e+00 	7.500000e+00 	2.543443e-04 	1.900572e-06 	1.900572e-06 	
2.625000e+02 	7.500000e+00 	7.500000e+00 	1.875519e-04 	1.523015e-06 	1.523015e-06 	
2.775000e+02 	7.500000e+00 	7.500000e+00 	1.449283e-04 	1.276072e-06 	1.276072e-06 	
2.925000e+02 	7.500000e+00 	7.500000e+00 	1.128993e-04 	1.061133e-06 	1.061133e-06 	
3.075000e+02 	7.500000e+00 	7.500000e+00 	8.590873e-05 	8.763971e-07 	8.763971e-07 	
3.225000e+02 	7.500000e+00 	7.500000e+00 	6.799872e-05 	7.318670e-07 	7.318670e-07 	
3.375000e+02 	7.500000e+00 	7.500000e+00 	5.361949e-05 	6.164167e-07 	6.164167e-07 	
3.525000e+02 	7.500000e+00 	7.500000e+00 	4.379439e-05 	5.313286e-07 	5.313286e-07 	
3.675000e+02 	7.500000e+00 	7.500000e+00 	3.521409e-05 	4.503978e-07 	4.503978e-07 	
3.825000e+02 	7.500000e+00 	7.500000e+00 	2.909639e-05 	3.910702e-07 	3.910702e-07 	
3.975000e+02 	7.500000e+00 	7.500000e+00 	2.311668e-05 	3.255437e-07 	3.255437e-07 	
4.125000e+02 	7.500000e+00 	7.500000e+00 	1.977686e-05 	2.888739e-07 	2.888739e-07 	
4.275000e+02 	7.500000e+00 	7.500000e+00 	1.593885e-05 	2.435482e-07 	2.435482e-07 	
4.425000e+02 	7.500000e+00 	7.500000e+00 	1.364095e-05 	2.165905e-07 	2.165905e-07 	
4.575000e+02 	7.500000e+00 	7.500000e+00 	1.122700e-05 	1.878887e-07 	1.878887e-07 	
4.725000e+02 	7.500000e+00 	7.500000e+00 	9.396330e-06 	1.638717e-07 	1.638717e-07 	
4.875000e+02 	7.500000e+00 	7.500000e+00 	7.994922e-06 	1.449400e-07 	1.449400e-07 	
5.025000e+02 	7.500000e+00 	7.500000e+00 	6.758602e-06 	1.264434e-07 	1.264434e-07 	
5.175000e+02 	7.500000e+00 	7.500000e+00 	5.875855e-06 	1.139512e-07 	1.139512e-07 	
5.325000e+02 	7.500000e+00 	7.500000e+00 	4.743465e-06 	9.681859e-08 	9.681859e-08 	
5.475000e+02 	7.500000e+00 	7.500000e+00 	4.195822e-06 	8.840922e-08 	8.840922e-08 	
5.625000e+02 	7.500000e+00 	7.500000e+00 	3.544317e-06 	7.814255e-08 	7.814255e-08 	
5.775000e+02 	7.500000e+00 	7.500000e+00 	3.031704e-06 	6.791701e-08 	6.791701e-08 	
5.925000e+02 	7.500000e+00 	7.500000e+00 	2.576060e-06 	6.031991e-08 	6.031991e-08 	
END SCATTER2D

BEGIN SCATTER2D /COMETA_ZZ_production_analysis/ptee
Path=/COMETA_ZZ_production_analysis/ptee
ScaledBy=1.36075046992988942e-05
Title=~
# val1       	err1-        	err1+        	val2         	err2-        	err2+        	
7.500000e+00 	7.500000e+00 	7.500000e+00 	1.649165e-02 	2.489781e-05 	2.489781e-05 	
2.250000e+01 	7.500000e+00 	7.500000e+00 	7.283504e-02 	6.420524e-05 	6.420524e-05 	
3.750000e+01 	7.500000e+00 	7.500000e+00 	1.030391e-01 	8.221561e-05 	8.221561e-05 	
5.250000e+01 	7.500000e+00 	7.500000e+00 	9.238229e-02 	7.872632e-05 	7.872632e-05 	
6.750000e+01 	7.500000e+00 	7.500000e+00 	6.965058e-02 	6.656730e-05 	6.656730e-05 	
8.250000e+01 	7.500000e+00 	7.500000e+00 	4.929411e-02 	5.380348e-05 	5.380348e-05 	
9.750000e+01 	7.500000e+00 	7.500000e+00 	3.435355e-02 	4.296058e-05 	4.296058e-05 	
1.125000e+02 	7.500000e+00 	7.500000e+00 	2.392086e-02 	3.429477e-05 	3.429477e-05 	
1.275000e+02 	7.500000e+00 	7.500000e+00 	1.688194e-02 	2.751370e-05 	2.751370e-05 	
1.425000e+02 	7.500000e+00 	7.500000e+00 	1.216844e-02 	2.228235e-05 	2.228235e-05 	
1.575000e+02 	7.500000e+00 	7.500000e+00 	8.839197e-03 	1.804152e-05 	1.804152e-05 	
1.725000e+02 	7.500000e+00 	7.500000e+00 	6.563548e-03 	1.491952e-05 	1.491952e-05 	
1.875000e+02 	7.500000e+00 	7.500000e+00 	4.932051e-03 	1.231907e-05 	1.231907e-05 	
2.025000e+02 	7.500000e+00 	7.500000e+00 	3.767522e-03 	1.029238e-05 	1.029238e-05 	
2.175000e+02 	7.500000e+00 	7.500000e+00 	2.895644e-03 	8.588078e-06 	8.588078e-06 	
2.325000e+02 	7.500000e+00 	7.500000e+00 	2.256263e-03 	7.342491e-06 	7.342491e-06 	
2.475000e+02 	7.500000e+00 	7.500000e+00 	1.786183e-03 	6.177721e-06 	6.177721e-06 	
2.625000e+02 	7.500000e+00 	7.500000e+00 	1.413157e-03 	5.208916e-06 	5.208916e-06 	
2.775000e+02 	7.500000e+00 	7.500000e+00 	1.134914e-03 	4.479047e-06 	4.479047e-06 	
2.925000e+02 	7.500000e+00 	7.500000e+00 	9.069795e-04 	3.822014e-06 	3.822014e-06 	
3.075000e+02 	7.500000e+00 	7.500000e+00 	7.418025e-04 	3.312900e-06 	3.312900e-06 	
3.225000e+02 	7.500000e+00 	7.500000e+00 	6.028407e-04 	2.884234e-06 	2.884234e-06 	
3.375000e+02 	7.500000e+00 	7.500000e+00 	4.934773e-04 	2.474364e-06 	2.474364e-06 	
3.525000e+02 	7.500000e+00 	7.500000e+00 	4.100474e-04 	2.146781e-06 	2.146781e-06 	
3.675000e+02 	7.500000e+00 	7.500000e+00 	3.431061e-04 	1.871844e-06 	1.871844e-06 	
3.825000e+02 	7.500000e+00 	7.500000e+00 	2.867796e-04 	1.643577e-06 	1.643577e-06 	
3.975000e+02 	7.500000e+00 	7.500000e+00 	2.414743e-04 	1.460580e-06 	1.460580e-06 	
4.125000e+02 	7.500000e+00 	7.500000e+00 	2.043443e-04 	1.288749e-06 	1.288749e-06 	
4.275000e+02 	7.500000e+00 	7.500000e+00 	1.718981e-04 	1.134005e-06 	1.134005e-06 	
4.425000e+02 	7.500000e+00 	7.500000e+00 	1.462149e-04 	9.961809e-07 	9.961809e-07 	
4.575000e+02 	7.500000e+00 	7.500000e+00 	1.248324e-04 	8.797984e-07 	8.797984e-07 	
4.725000e+02 	7.500000e+00 	7.500000e+00 	1.088151e-04 	7.844198e-07 	7.844198e-07 	
4.875000e+02 	7.500000e+00 	7.500000e+00 	9.272090e-05 	6.929584e-07 	6.929584e-07 	
5.025000e+02 	7.500000e+00 	7.500000e+00 	7.980856e-05 	6.151644e-07 	6.151644e-07 	
5.175000e+02 	7.500000e+00 	7.500000e+00 	6.954812e-05 	5.494169e-07 	5.494169e-07 	
5.325000e+02 	7.500000e+00 	7.500000e+00 	5.975775e-05 	4.900599e-07 	4.900599e-07 	
5.475000e+02 	7.500000e+00 	7.500000e+00 	5.206497e-05 	4.400726e-07 	4.400726e-07 	
5.625000e+02 	7.500000e+00 	7.500000e+00 	4.590871e-05 	3.961995e-07 	3.961995e-07 	
5.775000e+02 	7.500000e+00 	7.500000e+00 	3.985909e-05 	3.544120e-07 	3.544120e-07 	
5.925000e+02 	7.500000e+00 	7.500000e+00 	3.445362e-05 	3.157810e-07 	3.157810e-07 	
END SCATTER2D

BEGIN SCATTER2D /COMETA_ZZ_production_analysis/ptep
Path=/COMETA_ZZ_production_analysis/ptep
ScaledBy=1.36075046992988942e-05
Title=~
# val1       	err1-        	err1+        	val2         	err2-        	err2+        	
5.000000e+00 	5.000000e+00 	5.000000e+00 	7.421265e-03 	2.477388e-05 	2.477388e-05 	
1.500000e+01 	5.000000e+00 	5.000000e+00 	6.170005e-02 	7.332686e-05 	7.332686e-05 	
2.500000e+01 	5.000000e+00 	5.000000e+00 	1.206457e-01 	1.056273e-04 	1.056273e-04 	
3.500000e+01 	5.000000e+00 	5.000000e+00 	1.367461e-01 	1.096891e-04 	1.096891e-04 	
4.500000e+01 	5.000000e+00 	5.000000e+00 	1.187971e-01 	9.975628e-05 	9.975628e-05 	
5.500000e+01 	5.000000e+00 	5.000000e+00 	9.946644e-02 	9.414567e-05 	9.414567e-05 	
6.500000e+01 	5.000000e+00 	5.000000e+00 	7.415015e-02 	8.254525e-05 	8.254525e-05 	
7.500000e+01 	5.000000e+00 	5.000000e+00 	5.101743e-02 	6.815626e-05 	6.815626e-05 	
8.500000e+01 	5.000000e+00 	5.000000e+00 	3.451879e-02 	5.476966e-05 	5.476966e-05 	
9.500000e+01 	5.000000e+00 	5.000000e+00 	2.358853e-02 	4.382335e-05 	4.382335e-05 	
1.050000e+02 	5.000000e+00 	5.000000e+00 	1.644346e-02 	3.527122e-05 	3.527122e-05 	
1.150000e+02 	5.000000e+00 	5.000000e+00 	1.170739e-02 	2.864230e-05 	2.864230e-05 	
1.250000e+02 	5.000000e+00 	5.000000e+00 	8.555664e-03 	2.352624e-05 	2.352624e-05 	
1.350000e+02 	5.000000e+00 	5.000000e+00 	6.330756e-03 	1.943759e-05 	1.943759e-05 	
1.450000e+02 	5.000000e+00 	5.000000e+00 	4.747985e-03 	1.617663e-05 	1.617663e-05 	
1.550000e+02 	5.000000e+00 	5.000000e+00 	3.654380e-03 	1.363897e-05 	1.363897e-05 	
1.650000e+02 	5.000000e+00 	5.000000e+00 	2.850090e-03 	1.156914e-05 	1.156914e-05 	
1.750000e+02 	5.000000e+00 	5.000000e+00 	2.255927e-03 	9.919330e-06 	9.919330e-06 	
1.850000e+02 	5.000000e+00 	5.000000e+00 	1.790221e-03 	8.500003e-06 	8.500003e-06 	
1.950000e+02 	5.000000e+00 	5.000000e+00 	1.431893e-03 	7.305744e-06 	7.305744e-06 	
2.050000e+02 	5.000000e+00 	5.000000e+00 	1.165429e-03 	6.364000e-06 	6.364000e-06 	
2.150000e+02 	5.000000e+00 	5.000000e+00 	9.432593e-04 	5.524583e-06 	5.524583e-06 	
2.250000e+02 	5.000000e+00 	5.000000e+00 	7.880793e-04 	4.867501e-06 	4.867501e-06 	
2.350000e+02 	5.000000e+00 	5.000000e+00 	6.399117e-04 	4.224449e-06 	4.224449e-06 	
2.450000e+02 	5.000000e+00 	5.000000e+00 	5.420426e-04 	3.746914e-06 	3.746914e-06 	
2.550000e+02 	5.000000e+00 	5.000000e+00 	4.527092e-04 	3.303577e-06 	3.303577e-06 	
2.650000e+02 	5.000000e+00 	5.000000e+00 	3.801208e-04 	2.913050e-06 	2.913050e-06 	
2.750000e+02 	5.000000e+00 	5.000000e+00 	3.236599e-04 	2.597475e-06 	2.597475e-06 	
2.850000e+02 	5.000000e+00 	5.000000e+00 	2.773213e-04 	2.332135e-06 	2.332135e-06 	
2.950000e+02 	5.000000e+00 	5.000000e+00 	2.315240e-04 	2.055251e-06 	2.055251e-06 	
3.050000e+02 	5.000000e+00 	5.000000e+00 	2.006441e-04 	1.850118e-06 	1.850118e-06 	
3.150000e+02 	5.000000e+00 	5.000000e+00 	1.696380e-04 	1.642300e-06 	1.642300e-06 	
3.250000e+02 	5.000000e+00 	5.000000e+00 	1.462744e-04 	1.473083e-06 	1.473083e-06 	
3.350000e+02 	5.000000e+00 	5.000000e+00 	1.265790e-04 	1.319435e-06 	1.319435e-06 	
3.450000e+02 	5.000000e+00 	5.000000e+00 	1.118829e-04 	1.207618e-06 	1.207618e-06 	
3.550000e+02 	5.000000e+00 	5.000000e+00 	9.815664e-05 	1.096176e-06 	1.096176e-06 	
3.650000e+02 	5.000000e+00 	5.000000e+00 	8.451383e-05 	9.817394e-07 	9.817394e-07 	
3.750000e+02 	5.000000e+00 	5.000000e+00 	7.483605e-05 	9.006262e-07 	9.006262e-07 	
3.850000e+02 	5.000000e+00 	5.000000e+00 	6.634649e-05 	8.176206e-07 	8.176206e-07 	
3.950000e+02 	5.000000e+00 	5.000000e+00 	5.812561e-05 	7.458231e-07 	7.458231e-07 	
END SCATTER2D

BEGIN SCATTER2D /COMETA_ZZ_production_analysis/ptmm
Path=/COMETA_ZZ_production_analysis/ptmm
ScaledBy=1.36075046992988942e-05
Title=~
# val1       	err1-        	err1+        	val2         	err2-        	err2+        	
5.000000e+00 	5.000000e+00 	5.000000e+00 	1.117099e-02 	3.069564e-05 	3.069564e-05 	
1.500000e+01 	5.000000e+00 	5.000000e+00 	6.397672e-02 	7.485639e-05 	7.485639e-05 	
2.500000e+01 	5.000000e+00 	5.000000e+00 	1.210673e-01 	1.055468e-04 	1.055468e-04 	
3.500000e+01 	5.000000e+00 	5.000000e+00 	1.349081e-01 	1.085202e-04 	1.085202e-04 	
4.500000e+01 	5.000000e+00 	5.000000e+00 	1.174537e-01 	9.930913e-05 	9.930913e-05 	
5.500000e+01 	5.000000e+00 	5.000000e+00 	9.809367e-02 	9.359983e-05 	9.359983e-05 	
6.500000e+01 	5.000000e+00 	5.000000e+00 	7.323318e-02 	8.224840e-05 	8.224840e-05 	
7.500000e+01 	5.000000e+00 	5.000000e+00 	5.034959e-02 	6.789907e-05 	6.789907e-05 	
8.500000e+01 	5.000000e+00 	5.000000e+00 	3.425671e-02 	5.468245e-05 	5.468245e-05 	
9.500000e+01 	5.000000e+00 	5.000000e+00 	2.346850e-02 	4.378560e-05 	4.378560e-05 	
1.050000e+02 	5.000000e+00 	5.000000e+00 	1.639997e-02 	3.525995e-05 	3.525995e-05 	
1.150000e+02 	5.000000e+00 	5.000000e+00 	1.168939e-02 	2.863938e-05 	2.863938e-05 	
1.250000e+02 	5.000000e+00 	5.000000e+00 	8.489259e-03 	2.344886e-05 	2.344886e-05 	
1.350000e+02 	5.000000e+00 	5.000000e+00 	6.324783e-03 	1.943032e-05 	1.943032e-05 	
1.450000e+02 	5.000000e+00 	5.000000e+00 	4.792008e-03 	1.626710e-05 	1.626710e-05 	
1.550000e+02 	5.000000e+00 	5.000000e+00 	3.663664e-03 	1.366107e-05 	1.366107e-05 	
1.650000e+02 	5.000000e+00 	5.000000e+00 	2.865687e-03 	1.162993e-05 	1.162993e-05 	
1.750000e+02 	5.000000e+00 	5.000000e+00 	2.242350e-03 	9.887517e-06 	9.887517e-06 	
1.850000e+02 	5.000000e+00 	5.000000e+00 	1.805999e-03 	8.550023e-06 	8.550023e-06 	
1.950000e+02 	5.000000e+00 	5.000000e+00 	1.447453e-03 	7.380279e-06 	7.380279e-06 	
2.050000e+02 	5.000000e+00 	5.000000e+00 	1.164500e-03 	6.371343e-06 	6.371343e-06 	
2.150000e+02 	5.000000e+00 	5.000000e+00 	9.598189e-04 	5.579200e-06 	5.579200e-06 	
2.250000e+02 	5.000000e+00 	5.000000e+00 	7.933478e-04 	4.910462e-06 	4.910462e-06 	
2.350000e+02 	5.000000e+00 	5.000000e+00 	6.533915e-04 	4.283732e-06 	4.283732e-06 	
2.450000e+02 	5.000000e+00 	5.000000e+00 	5.463140e-04 	3.779758e-06 	3.779758e-06 	
2.550000e+02 	5.000000e+00 	5.000000e+00 	4.565047e-04 	3.323837e-06 	3.323837e-06 	
2.650000e+02 	5.000000e+00 	5.000000e+00 	3.843596e-04 	2.941595e-06 	2.941595e-06 	
2.750000e+02 	5.000000e+00 	5.000000e+00 	3.259055e-04 	2.633405e-06 	2.633405e-06 	
2.850000e+02 	5.000000e+00 	5.000000e+00 	2.829291e-04 	2.367536e-06 	2.367536e-06 	
2.950000e+02 	5.000000e+00 	5.000000e+00 	2.404446e-04 	2.113778e-06 	2.113778e-06 	
3.050000e+02 	5.000000e+00 	5.000000e+00 	2.079246e-04 	1.907256e-06 	1.907256e-06 	
3.150000e+02 	5.000000e+00 	5.000000e+00 	1.765698e-04 	1.684847e-06 	1.684847e-06 	
3.250000e+02 	5.000000e+00 	5.000000e+00 	1.511043e-04 	1.508819e-06 	1.508819e-06 	
3.350000e+02 	5.000000e+00 	5.000000e+00 	1.334388e-04 	1.370826e-06 	1.370826e-06 	
3.450000e+02 	5.000000e+00 	5.000000e+00 	1.164514e-04 	1.244958e-06 	1.244958e-06 	
3.550000e+02 	5.000000e+00 	5.000000e+00 	1.004657e-04 	1.113947e-06 	1.113947e-06 	
3.650000e+02 	5.000000e+00 	5.000000e+00 	8.854674e-05 	1.014985e-06 	1.014985e-06 	
3.750000e+02 	5.000000e+00 	5.000000e+00 	7.674893e-05 	9.153438e-07 	9.153438e-07 	
3.850000e+02 	5.000000e+00 	5.000000e+00 	6.873758e-05 	8.445521e-07 	8.445521e-07 	
3.950000e+02 	5.000000e+00 	5.000000e+00 	5.997423e-05 	7.566227e-07 	7.566227e-07 	
END SCATTER2D

BEGIN SCATTER2D /COMETA_ZZ_production_analysis/yep
Path=/COMETA_ZZ_production_analysis/yep
ScaledBy=1.36075046992988942e-05
Title=~
# val1       	err1-        	err1+        	val2         	err2-        	err2+        	
-2.375000e+00	1.250000e-01 	1.250000e-01 	6.948273e-01 	1.721950e-03 	1.721950e-03 	
-2.125000e+00	1.250000e-01 	1.250000e-01 	9.652372e-01 	1.981284e-03 	1.981284e-03 	
-1.875000e+00	1.250000e-01 	1.250000e-01 	1.166969e+00 	2.122581e-03 	2.122581e-03 	
-1.625000e+00	1.250000e-01 	1.250000e-01 	1.371636e+00 	2.246727e-03 	2.246727e-03 	
-1.375000e+00	1.250000e-01 	1.250000e-01 	1.574725e+00 	2.354046e-03 	2.354046e-03 	
-1.125000e+00	1.250000e-01 	1.250000e-01 	1.766686e+00 	2.440938e-03 	2.440938e-03 	
-8.750000e-01	1.250000e-01 	1.250000e-01 	1.932711e+00 	2.510583e-03 	2.510583e-03 	
-6.250000e-01	1.250000e-01 	1.250000e-01 	2.067008e+00 	2.563158e-03 	2.563158e-03 	
-3.750000e-01	1.250000e-01 	1.250000e-01 	2.157969e+00 	2.592556e-03 	2.592556e-03 	
-1.250000e-01	1.250000e-01 	1.250000e-01 	2.205107e+00 	2.607516e-03 	2.607516e-03 	
1.250000e-01 	1.250000e-01 	1.250000e-01 	2.204203e+00 	2.606981e-03 	2.606981e-03 	
3.750000e-01 	1.250000e-01 	1.250000e-01 	2.160591e+00 	2.594928e-03 	2.594928e-03 	
6.250000e-01 	1.250000e-01 	1.250000e-01 	2.065867e+00 	2.561337e-03 	2.561337e-03 	
8.750000e-01 	1.250000e-01 	1.250000e-01 	1.929034e+00 	2.509265e-03 	2.509265e-03 	
1.125000e+00 	1.250000e-01 	1.250000e-01 	1.765795e+00 	2.445918e-03 	2.445918e-03 	
1.375000e+00 	1.250000e-01 	1.250000e-01 	1.578324e+00 	2.369124e-03 	2.369124e-03 	
1.625000e+00 	1.250000e-01 	1.250000e-01 	1.375705e+00 	2.270268e-03 	2.270268e-03 	
1.875000e+00 	1.250000e-01 	1.250000e-01 	1.163456e+00 	2.151089e-03 	2.151089e-03 	
2.125000e+00 	1.250000e-01 	1.250000e-01 	9.651962e-01 	2.026484e-03 	2.026484e-03 	
2.375000e+00 	1.250000e-01 	1.250000e-01 	6.975887e-01 	1.778265e-03 	1.778265e-03 	
END SCATTER2D

BEGIN SCATTER2D /COMETA_ZZ_production_analysis/ymm
Path=/COMETA_ZZ_production_analysis/ymm
ScaledBy=1.36075046992988942e-05
Title=~
# val1       	err1-        	err1+        	val2         	err2-        	err2+        	
-2.375000e+00	1.250000e-01 	1.250000e-01 	7.968864e-01 	1.858441e-03 	1.858441e-03 	
-2.125000e+00	1.250000e-01 	1.250000e-01 	9.724999e-01 	1.990623e-03 	1.990623e-03 	
-1.875000e+00	1.250000e-01 	1.250000e-01 	1.152711e+00 	2.103664e-03 	2.103664e-03 	
-1.625000e+00	1.250000e-01 	1.250000e-01 	1.336960e+00 	2.199239e-03 	2.199239e-03 	
-1.375000e+00	1.250000e-01 	1.250000e-01 	1.522652e+00 	2.294862e-03 	2.294862e-03 	
-1.125000e+00	1.250000e-01 	1.250000e-01 	1.692303e+00 	2.365798e-03 	2.365798e-03 	
-8.750000e-01	1.250000e-01 	1.250000e-01 	1.834688e+00 	2.421401e-03 	2.421401e-03 	
-6.250000e-01	1.250000e-01 	1.250000e-01 	1.954441e+00 	2.463877e-03 	2.463877e-03 	
-3.750000e-01	1.250000e-01 	1.250000e-01 	2.035710e+00 	2.491264e-03 	2.491264e-03 	
-1.250000e-01	1.250000e-01 	1.250000e-01 	2.086154e+00 	2.510102e-03 	2.510102e-03 	
1.250000e-01 	1.250000e-01 	1.250000e-01 	2.084966e+00 	2.509233e-03 	2.509233e-03 	
3.750000e-01 	1.250000e-01 	1.250000e-01 	2.032436e+00 	2.486416e-03 	2.486416e-03 	
6.250000e-01 	1.250000e-01 	1.250000e-01 	1.956023e+00 	2.461739e-03 	2.461739e-03 	
8.750000e-01 	1.250000e-01 	1.250000e-01 	1.836393e+00 	2.420304e-03 	2.420304e-03 	
1.125000e+00 	1.250000e-01 	1.250000e-01 	1.687515e+00 	2.362734e-03 	2.362734e-03 	
1.375000e+00 	1.250000e-01 	1.250000e-01 	1.520375e+00 	2.296427e-03 	2.296427e-03 	
1.625000e+00 	1.250000e-01 	1.250000e-01 	1.338262e+00 	2.214932e-03 	2.214932e-03 	
1.875000e+00 	1.250000e-01 	1.250000e-01 	1.150226e+00 	2.121058e-03 	2.121058e-03 	
2.125000e+00 	1.250000e-01 	1.250000e-01 	9.676346e-01 	2.016157e-03 	2.016157e-03 	
2.375000e+00 	1.250000e-01 	1.250000e-01 	7.990929e-01 	1.909872e-03 	1.909872e-03 	
END SCATTER2D

BEGIN SCATTER2D /COMETA_ZZ_production_analysis/yee
Path=/COMETA_ZZ_production_analysis/yee
ScaledBy=1.36075046992988942e-05
Title=~
# val1       	err1-        	err1+        	val2         	err2-        	err2+        	
-2.875000e+00	1.250000e-01 	1.250000e-01 	0.000000e+00 	0.000000e+00 	0.000000e+00 	
-2.625000e+00	1.250000e-01 	1.250000e-01 	0.000000e+00 	0.000000e+00 	0.000000e+00 	
-2.375000e+00	1.250000e-01 	1.250000e-01 	1.456021e-01 	8.183199e-04 	8.183199e-04 	
-2.125000e+00	1.250000e-01 	1.250000e-01 	5.650535e-01 	1.586955e-03 	1.586955e-03 	
-1.875000e+00	1.250000e-01 	1.250000e-01 	9.882386e-01 	2.044772e-03 	2.044772e-03 	
-1.625000e+00	1.250000e-01 	1.250000e-01 	1.359462e+00 	2.325959e-03 	2.325959e-03 	
-1.375000e+00	1.250000e-01 	1.250000e-01 	1.674308e+00 	2.500516e-03 	2.500516e-03 	
-1.125000e+00	1.250000e-01 	1.250000e-01 	1.931804e+00 	2.599083e-03 	2.599083e-03 	
-8.750000e-01	1.250000e-01 	1.250000e-01 	2.129817e+00 	2.647970e-03 	2.647970e-03 	
-6.250000e-01	1.250000e-01 	1.250000e-01 	2.283579e+00 	2.673590e-03 	2.673590e-03 	
-3.750000e-01	1.250000e-01 	1.250000e-01 	2.386046e+00 	2.683903e-03 	2.683903e-03 	
-1.250000e-01	1.250000e-01 	1.250000e-01 	2.435637e+00 	2.684528e-03 	2.684528e-03 	
1.250000e-01 	1.250000e-01 	1.250000e-01 	2.438107e+00 	2.681839e-03 	2.681839e-03 	
3.750000e-01 	1.250000e-01 	1.250000e-01 	2.390276e+00 	2.680787e-03 	2.680787e-03 	
6.250000e-01 	1.250000e-01 	1.250000e-01 	2.278694e+00 	2.662895e-03 	2.662895e-03 	
8.750000e-01 	1.250000e-01 	1.250000e-01 	2.136441e+00 	2.651160e-03 	2.651160e-03 	
1.125000e+00 	1.250000e-01 	1.250000e-01 	1.929848e+00 	2.597700e-03 	2.597700e-03 	
1.375000e+00 	1.250000e-01 	1.250000e-01 	1.676081e+00 	2.509681e-03 	2.509681e-03 	
1.625000e+00 	1.250000e-01 	1.250000e-01 	1.357732e+00 	2.351360e-03 	2.351360e-03 	
1.875000e+00 	1.250000e-01 	1.250000e-01 	9.897721e-01 	2.098880e-03 	2.098880e-03 	
2.125000e+00 	1.250000e-01 	1.250000e-01 	5.651593e-01 	1.659326e-03 	1.659326e-03 	
2.375000e+00 	1.250000e-01 	1.250000e-01 	1.469783e-01 	8.828671e-04 	8.828671e-04 	
2.625000e+00 	1.250000e-01 	1.250000e-01 	0.000000e+00 	0.000000e+00 	0.000000e+00 	
2.875000e+00 	1.250000e-01 	1.250000e-01 	0.000000e+00 	0.000000e+00 	0.000000e+00 	
END SCATTER2D

BEGIN SCATTER2D /COMETA_ZZ_production_analysis/dyee
Path=/COMETA_ZZ_production_analysis/dyee
ScaledBy=1.36075046992988942e-05
Title=~
# val1       	err1-        	err1+        	val2         	err2-        	err2+        	
1.250000e-01 	1.250000e-01 	1.250000e-01 	5.092079e+00 	4.173163e-03 	4.173163e-03 	
3.750000e-01 	1.250000e-01 	1.250000e-01 	4.848077e+00 	4.045285e-03 	4.045285e-03 	
6.250000e-01 	1.250000e-01 	1.250000e-01 	4.474984e+00 	3.866469e-03 	3.866469e-03 	
8.750000e-01 	1.250000e-01 	1.250000e-01 	3.979787e+00 	3.651134e-03 	3.651134e-03 	
1.125000e+00 	1.250000e-01 	1.250000e-01 	3.396469e+00 	3.389755e-03 	3.389755e-03 	
1.375000e+00 	1.250000e-01 	1.250000e-01 	2.793960e+00 	3.100474e-03 	3.100474e-03 	
1.625000e+00 	1.250000e-01 	1.250000e-01 	2.213711e+00 	2.790988e-03 	2.790988e-03 	
1.875000e+00 	1.250000e-01 	1.250000e-01 	1.676237e+00 	2.453304e-03 	2.453304e-03 	
2.125000e+00 	1.250000e-01 	1.250000e-01 	1.220089e+00 	2.114843e-03 	2.114843e-03 	
2.375000e+00 	1.250000e-01 	1.250000e-01 	8.449862e-01 	1.778030e-03 	1.778030e-03 	
2.625000e+00 	1.250000e-01 	1.250000e-01 	5.572737e-01 	1.456294e-03 	1.456294e-03 	
2.875000e+00 	1.250000e-01 	1.250000e-01 	3.433534e-01 	1.143937e-03 	1.143937e-03 	
3.125000e+00 	1.250000e-01 	1.250000e-01 	1.938667e-01 	8.544332e-04 	8.544332e-04 	
3.375000e+00 	1.250000e-01 	1.250000e-01 	9.941263e-02 	6.015561e-04 	6.015561e-04 	
3.625000e+00 	1.250000e-01 	1.250000e-01 	4.631512e-02 	3.999415e-04 	3.999415e-04 	
3.875000e+00 	1.250000e-01 	1.250000e-01 	1.864719e-02 	2.396372e-04 	2.396372e-04 	
4.125000e+00 	1.250000e-01 	1.250000e-01 	6.900699e-03 	1.378909e-04 	1.378909e-04 	
4.375000e+00 	1.250000e-01 	1.250000e-01 	1.987273e-03 	6.818772e-05 	6.818772e-05 	
4.625000e+00 	1.250000e-01 	1.250000e-01 	4.515503e-04 	3.029593e-05 	3.029593e-05 	
4.875000e+00 	1.250000e-01 	1.250000e-01 	4.781549e-05 	1.041716e-05 	1.041716e-05 	
END SCATTER2D

BEGIN SCATTER2D /COMETA_ZZ_production_analysis/dypp
Path=/COMETA_ZZ_production_analysis/dypp
ScaledBy=1.36075046992988942e-05
Title=~
# val1       	err1-        	err1+        	val2         	err2-        	err2+        	
1.250000e-01 	1.250000e-01 	1.250000e-01 	4.319901e+00 	3.759900e-03 	3.759900e-03 	
3.750000e-01 	1.250000e-01 	1.250000e-01 	4.192597e+00 	3.699440e-03 	3.699440e-03 	
6.250000e-01 	1.250000e-01 	1.250000e-01 	3.942115e+00 	3.583033e-03 	3.583033e-03 	
8.750000e-01 	1.250000e-01 	1.250000e-01 	3.606246e+00 	3.429124e-03 	3.429124e-03 	
1.125000e+00 	1.250000e-01 	1.250000e-01 	3.201985e+00 	3.238916e-03 	3.238916e-03 	
1.375000e+00 	1.250000e-01 	1.250000e-01 	2.767947e+00 	3.027336e-03 	3.027336e-03 	
1.625000e+00 	1.250000e-01 	1.250000e-01 	2.311944e+00 	2.789945e-03 	2.789945e-03 	
1.875000e+00 	1.250000e-01 	1.250000e-01 	1.882635e+00 	2.547372e-03 	2.547372e-03 	
2.125000e+00 	1.250000e-01 	1.250000e-01 	1.502923e+00 	2.317635e-03 	2.317635e-03 	
2.375000e+00 	1.250000e-01 	1.250000e-01 	1.160693e+00 	2.077390e-03 	2.077390e-03 	
2.625000e+00 	1.250000e-01 	1.250000e-01 	8.845180e-01 	1.862171e-03 	1.862171e-03 	
2.875000e+00 	1.250000e-01 	1.250000e-01 	6.525568e-01 	1.650814e-03 	1.650814e-03 	
3.125000e+00 	1.250000e-01 	1.250000e-01 	4.733075e-01 	1.452464e-03 	1.452464e-03 	
3.375000e+00 	1.250000e-01 	1.250000e-01 	3.347786e-01 	1.269235e-03 	1.269235e-03 	
3.625000e+00 	1.250000e-01 	1.250000e-01 	2.276833e-01 	1.095883e-03 	1.095883e-03 	
3.875000e+00 	1.250000e-01 	1.250000e-01 	1.501415e-01 	9.298458e-04 	9.298458e-04 	
4.125000e+00 	1.250000e-01 	1.250000e-01 	9.665253e-02 	7.842429e-04 	7.842429e-04 	
4.375000e+00 	1.250000e-01 	1.250000e-01 	5.595226e-02 	6.245334e-04 	6.245334e-04 	
4.625000e+00 	1.250000e-01 	1.250000e-01 	3.004370e-02 	4.853073e-04 	4.853073e-04 	
4.875000e+00 	1.250000e-01 	1.250000e-01 	1.207733e-02 	3.135074e-04 	3.135074e-04 	
END SCATTER2D

BEGIN SCATTER2D /COMETA_ZZ_production_analysis/dyez
Path=/COMETA_ZZ_production_analysis/dyez
ScaledBy=1.36075046992988942e-05
Title=~
# val1       	err1-        	err1+        	val2         	err2-        	err2+        	
1.250000e-01 	1.250000e-01 	1.250000e-01 	4.730020e+00 	3.901826e-03 	3.901826e-03 	
3.750000e-01 	1.250000e-01 	1.250000e-01 	4.560364e+00 	3.826284e-03 	3.826284e-03 	
6.250000e-01 	1.250000e-01 	1.250000e-01 	4.244375e+00 	3.684478e-03 	3.684478e-03 	
8.750000e-01 	1.250000e-01 	1.250000e-01 	3.801485e+00 	3.487887e-03 	3.487887e-03 	
1.125000e+00 	1.250000e-01 	1.250000e-01 	3.281054e+00 	3.255709e-03 	3.255709e-03 	
1.375000e+00 	1.250000e-01 	1.250000e-01 	2.741179e+00 	3.007147e-03 	3.007147e-03 	
1.625000e+00 	1.250000e-01 	1.250000e-01 	2.218289e+00 	2.754142e-03 	2.754142e-03 	
1.875000e+00 	1.250000e-01 	1.250000e-01 	1.749746e+00 	2.506039e-03 	2.506039e-03 	
2.125000e+00 	1.250000e-01 	1.250000e-01 	1.342321e+00 	2.259220e-03 	2.259220e-03 	
2.375000e+00 	1.250000e-01 	1.250000e-01 	1.004660e+00 	2.021219e-03 	2.021219e-03 	
2.625000e+00 	1.250000e-01 	1.250000e-01 	7.260078e-01 	1.784307e-03 	1.784307e-03 	
2.875000e+00 	1.250000e-01 	1.250000e-01 	5.171049e-01 	1.573343e-03 	1.573343e-03 	
3.125000e+00 	1.250000e-01 	1.250000e-01 	3.544545e-01 	1.366671e-03 	1.366671e-03 	
3.375000e+00 	1.250000e-01 	1.250000e-01 	2.330603e-01 	1.163753e-03 	1.163753e-03 	
3.625000e+00 	1.250000e-01 	1.250000e-01 	1.438759e-01 	9.646562e-04 	9.646562e-04 	
3.875000e+00 	1.250000e-01 	1.250000e-01 	8.544706e-02 	7.893868e-04 	7.893868e-04 	
4.125000e+00 	1.250000e-01 	1.250000e-01 	4.424394e-02 	5.942801e-04 	5.942801e-04 	
4.375000e+00 	1.250000e-01 	1.250000e-01 	2.138716e-02 	4.296255e-04 	4.296255e-04 	
4.625000e+00 	1.250000e-01 	1.250000e-01 	7.764230e-03 	2.725771e-04 	2.725771e-04 	
4.875000e+00 	1.250000e-01 	1.250000e-01 	1.695843e-03 	1.351504e-04 	1.351504e-04 	
END SCATTER2D

BEGIN SCATTER2D /COMETA_ZZ_production_analysis/dphiee
Path=/COMETA_ZZ_production_analysis/dphiee
ScaledBy=1.36075046992988942e-05
Title=~
# val1       	err1-        	err1+        	val2         	err2-        	err2+        	
3.000000e+00 	3.000000e+00 	3.000000e+00 	1.236932e-02 	3.582055e-05 	3.582055e-05 	
9.000000e+00 	3.000000e+00 	3.000000e+00 	1.260456e-02 	3.597311e-05 	3.597311e-05 	
1.500000e+01 	3.000000e+00 	3.000000e+00 	1.325951e-02 	3.672562e-05 	3.672562e-05 	
2.100000e+01 	3.000000e+00 	3.000000e+00 	1.406373e-02 	3.756594e-05 	3.756594e-05 	
2.700000e+01 	3.000000e+00 	3.000000e+00 	1.512842e-02 	3.888435e-05 	3.888435e-05 	
3.300000e+01 	3.000000e+00 	3.000000e+00 	1.650865e-02 	4.073321e-05 	4.073321e-05 	
3.900000e+01 	3.000000e+00 	3.000000e+00 	1.798837e-02 	4.292839e-05 	4.292839e-05 	
4.500000e+01 	3.000000e+00 	3.000000e+00 	1.959537e-02 	4.534488e-05 	4.534488e-05 	
5.100000e+01 	3.000000e+00 	3.000000e+00 	2.133550e-02 	4.798950e-05 	4.798950e-05 	
5.700000e+01 	3.000000e+00 	3.000000e+00 	2.342099e-02 	5.116310e-05 	5.116310e-05 	
6.300000e+01 	3.000000e+00 	3.000000e+00 	2.560923e-02 	5.456453e-05 	5.456453e-05 	
6.900000e+01 	3.000000e+00 	3.000000e+00 	2.821379e-02 	5.838357e-05 	5.838357e-05 	
7.500000e+01 	3.000000e+00 	3.000000e+00 	3.097386e-02 	6.233331e-05 	6.233331e-05 	
8.100000e+01 	3.000000e+00 	3.000000e+00 	3.385247e-02 	6.624601e-05 	6.624601e-05 	
8.700000e+01 	3.000000e+00 	3.000000e+00 	3.743128e-02 	7.103713e-05 	7.103713e-05 	
9.300000e+01 	3.000000e+00 	3.000000e+00 	4.104597e-02 	7.561391e-05 	7.561391e-05 	
9.900000e+01 	3.000000e+00 	3.000000e+00 	4.521626e-02 	8.058563e-05 	8.058563e-05 	
1.050000e+02 	3.000000e+00 	3.000000e+00 	4.975859e-02 	8.580708e-05 	8.580708e-05 	
1.110000e+02 	3.000000e+00 	3.000000e+00 	5.441320e-02 	9.093221e-05 	9.093221e-05 	
1.170000e+02 	3.000000e+00 	3.000000e+00 	5.963597e-02 	9.622297e-05 	9.622297e-05 	
1.230000e+02 	3.000000e+00 	3.000000e+00 	6.482517e-02 	1.011724e-04 	1.011724e-04 	
1.290000e+02 	3.000000e+00 	3.000000e+00 	6.965876e-02 	1.051592e-04 	1.051592e-04 	
1.350000e+02 	3.000000e+00 	3.000000e+00 	7.458729e-02 	1.089384e-04 	1.089384e-04 	
1.410000e+02 	3.000000e+00 	3.000000e+00 	7.824071e-02 	1.110468e-04 	1.110468e-04 	
1.470000e+02 	3.000000e+00 	3.000000e+00 	8.079328e-02 	1.118080e-04 	1.118080e-04 	
1.530000e+02 	3.000000e+00 	3.000000e+00 	8.121600e-02 	1.110992e-04 	1.110992e-04 	
1.590000e+02 	3.000000e+00 	3.000000e+00 	8.040021e-02 	1.096533e-04 	1.096533e-04 	
1.650000e+02 	3.000000e+00 	3.000000e+00 	7.766895e-02 	1.070334e-04 	1.070334e-04 	
1.710000e+02 	3.000000e+00 	3.000000e+00 	7.404677e-02 	1.049892e-04 	1.049892e-04 	
1.770000e+02 	3.000000e+00 	3.000000e+00 	7.149764e-02 	1.044061e-04 	1.044061e-04 	
END SCATTER2D

BEGIN SCATTER2D /COMETA_ZZ_production_analysis/dphipp
Path=/COMETA_ZZ_production_analysis/dphipp
ScaledBy=1.36075046992988942e-05
Title=~
# val1       	err1-        	err1+        	val2         	err2-        	err2+        	
3.000000e+00 	3.000000e+00 	3.000000e+00 	3.034899e-02 	6.818323e-05 	6.818323e-05 	
9.000000e+00 	3.000000e+00 	3.000000e+00 	3.081496e-02 	6.868702e-05 	6.868702e-05 	
1.500000e+01 	3.000000e+00 	3.000000e+00 	3.085890e-02 	6.854550e-05 	6.854550e-05 	
2.100000e+01 	3.000000e+00 	3.000000e+00 	3.110464e-02 	6.894144e-05 	6.894144e-05 	
2.700000e+01 	3.000000e+00 	3.000000e+00 	3.146565e-02 	6.930677e-05 	6.930677e-05 	
3.300000e+01 	3.000000e+00 	3.000000e+00 	3.174627e-02 	6.951746e-05 	6.951746e-05 	
3.900000e+01 	3.000000e+00 	3.000000e+00 	3.215931e-02 	6.995039e-05 	6.995039e-05 	
4.500000e+01 	3.000000e+00 	3.000000e+00 	3.277470e-02 	7.053579e-05 	7.053579e-05 	
5.100000e+01 	3.000000e+00 	3.000000e+00 	3.342553e-02 	7.117925e-05 	7.117925e-05 	
5.700000e+01 	3.000000e+00 	3.000000e+00 	3.397423e-02 	7.161026e-05 	7.161026e-05 	
6.300000e+01 	3.000000e+00 	3.000000e+00 	3.484406e-02 	7.241006e-05 	7.241006e-05 	
6.900000e+01 	3.000000e+00 	3.000000e+00 	3.569836e-02 	7.312135e-05 	7.312135e-05 	
7.500000e+01 	3.000000e+00 	3.000000e+00 	3.667891e-02 	7.381204e-05 	7.381204e-05 	
8.100000e+01 	3.000000e+00 	3.000000e+00 	3.772292e-02 	7.474055e-05 	7.474055e-05 	
8.700000e+01 	3.000000e+00 	3.000000e+00 	3.884648e-02 	7.561408e-05 	7.561408e-05 	
9.300000e+01 	3.000000e+00 	3.000000e+00 	4.033266e-02 	7.685552e-05 	7.685552e-05 	
9.900000e+01 	3.000000e+00 	3.000000e+00 	4.180899e-02 	7.805602e-05 	7.805602e-05 	
1.050000e+02 	3.000000e+00 	3.000000e+00 	4.320366e-02 	7.900901e-05 	7.900901e-05 	
1.110000e+02 	3.000000e+00 	3.000000e+00 	4.518240e-02 	8.064056e-05 	8.064056e-05 	
1.170000e+02 	3.000000e+00 	3.000000e+00 	4.701855e-02 	8.190514e-05 	8.190514e-05 	
1.230000e+02 	3.000000e+00 	3.000000e+00 	4.924740e-02 	8.378109e-05 	8.378109e-05 	
1.290000e+02 	3.000000e+00 	3.000000e+00 	5.145623e-02 	8.513671e-05 	8.513671e-05 	
1.350000e+02 	3.000000e+00 	3.000000e+00 	5.392452e-02 	8.690141e-05 	8.690141e-05 	
1.410000e+02 	3.000000e+00 	3.000000e+00 	5.646764e-02 	8.861155e-05 	8.861155e-05 	
1.470000e+02 	3.000000e+00 	3.000000e+00 	5.938218e-02 	9.048064e-05 	9.048064e-05 	
1.530000e+02 	3.000000e+00 	3.000000e+00 	6.214284e-02 	9.213153e-05 	9.213153e-05 	
1.590000e+02 	3.000000e+00 	3.000000e+00 	6.488250e-02 	9.361184e-05 	9.361184e-05 	
1.650000e+02 	3.000000e+00 	3.000000e+00 	6.739995e-02 	9.479692e-05 	9.479692e-05 	
1.710000e+02 	3.000000e+00 	3.000000e+00 	6.955409e-02 	9.578565e-05 	9.578565e-05 	
1.770000e+02 	3.000000e+00 	3.000000e+00 	7.089233e-02 	9.640300e-05 	9.640300e-05 	
END SCATTER2D

BEGIN SCATTER2D /COMETA_ZZ_production_analysis/dree
Path=/COMETA_ZZ_production_analysis/dree
ScaledBy=1.36075046992988942e-05
Title=~
# val1       	err1-        	err1+        	val2         	err2-        	err2+        	
1.000000e-01 	1.000000e-01 	1.000000e-01 	9.668294e-04 	4.811315e-06 	4.811315e-06 	
3.000000e-01 	1.000000e-01 	1.000000e-01 	3.263240e-02 	8.831825e-05 	8.831825e-05 	
5.000000e-01 	1.000000e-01 	1.000000e-01 	1.437726e-01 	3.210603e-04 	3.210603e-04 	
7.000000e-01 	1.000000e-01 	1.000000e-01 	3.351062e-01 	6.637636e-04 	6.637636e-04 	
9.000000e-01 	1.000000e-01 	1.000000e-01 	5.841757e-01 	1.053519e-03 	1.053519e-03 	
1.100000e+00 	1.000000e-01 	1.000000e-01 	8.898111e-01 	1.470404e-03 	1.470404e-03 	
1.300000e+00 	1.000000e-01 	1.000000e-01 	1.243634e+00 	1.905246e-03 	1.905246e-03 	
1.500000e+00 	1.000000e-01 	1.000000e-01 	1.661845e+00 	2.362580e-03 	2.362580e-03 	
1.700000e+00 	1.000000e-01 	1.000000e-01 	2.145434e+00 	2.840436e-03 	2.840436e-03 	
1.900000e+00 	1.000000e-01 	1.000000e-01 	2.700693e+00 	3.340764e-03 	3.340764e-03 	
2.100000e+00 	1.000000e-01 	1.000000e-01 	3.333015e+00 	3.855665e-03 	3.855665e-03 	
2.300000e+00 	1.000000e-01 	1.000000e-01 	4.002759e+00 	4.329897e-03 	4.329897e-03 	
2.500000e+00 	1.000000e-01 	1.000000e-01 	4.619185e+00 	4.687632e-03 	4.687632e-03 	
2.700000e+00 	1.000000e-01 	1.000000e-01 	5.003946e+00 	4.851190e-03 	4.851190e-03 	
2.900000e+00 	1.000000e-01 	1.000000e-01 	5.005031e+00 	4.798750e-03 	4.798750e-03 	
3.100000e+00 	1.000000e-01 	1.000000e-01 	4.364542e+00 	4.471157e-03 	4.471157e-03 	
3.300000e+00 	1.000000e-01 	1.000000e-01 	1.885184e+00 	2.926884e-03 	2.926884e-03 	
3.500000e+00 	1.000000e-01 	1.000000e-01 	9.121845e-01 	2.025885e-03 	2.025885e-03 	
3.700000e+00 	1.000000e-01 	1.000000e-01 	4.644384e-01 	1.431192e-03 	1.431192e-03 	
3.900000e+00 	1.000000e-01 	1.000000e-01 	2.352662e-01 	1.002957e-03 	1.002957e-03 	
4.100000e+00 	1.000000e-01 	1.000000e-01 	1.131373e-01 	6.797300e-04 	6.797300e-04 	
4.300000e+00 	1.000000e-01 	1.000000e-01 	5.126990e-02 	4.392825e-04 	4.392825e-04 	
4.500000e+00 	1.000000e-01 	1.000000e-01 	2.094702e-02 	2.648158e-04 	2.648158e-04 	
4.700000e+00 	1.000000e-01 	1.000000e-01 	8.065543e-03 	1.544457e-04 	1.544457e-04 	
4.900000e+00 	1.000000e-01 	1.000000e-01 	2.753547e-03 	8.622282e-05 	8.622282e-05 	
5.100000e+00 	1.000000e-01 	1.000000e-01 	7.865191e-04 	4.313037e-05 	4.313037e-05 	
5.300000e+00 	1.000000e-01 	1.000000e-01 	1.752993e-04 	1.725729e-05 	1.725729e-05 	
5.500000e+00 	1.000000e-01 	1.000000e-01 	3.750633e-05 	7.315704e-06 	7.315704e-06 	
5.700000e+00 	1.000000e-01 	1.000000e-01 	7.043999e-07 	3.284279e-07 	3.284279e-07 	
5.900000e+00 	1.000000e-01 	1.000000e-01 	5.275738e-14 	5.275738e-14 	5.275738e-14 	
END SCATTER2D

BEGIN SCATTER2D /COMETA_ZZ_production_analysis/drpp
Path=/COMETA_ZZ_production_analysis/drpp
ScaledBy=1.36075046992988942e-05
Title=~
# val1       	err1-        	err1+        	val2         	err2-        	err2+        	
1.000000e-01 	1.000000e-01 	1.000000e-01 	1.531881e-01 	8.453978e-04 	8.453978e-04 	
3.000000e-01 	1.000000e-01 	1.000000e-01 	4.869471e-01 	1.502066e-03 	1.502066e-03 	
5.000000e-01 	1.000000e-01 	1.000000e-01 	7.972051e-01 	1.910596e-03 	1.910596e-03 	
7.000000e-01 	1.000000e-01 	1.000000e-01 	1.080212e+00 	2.212792e-03 	2.212792e-03 	
9.000000e-01 	1.000000e-01 	1.000000e-01 	1.338272e+00 	2.443139e-03 	2.443139e-03 	
1.100000e+00 	1.000000e-01 	1.000000e-01 	1.578989e+00 	2.637066e-03 	2.637066e-03 	
1.300000e+00 	1.000000e-01 	1.000000e-01 	1.789701e+00 	2.783497e-03 	2.783497e-03 	
1.500000e+00 	1.000000e-01 	1.000000e-01 	2.003105e+00 	2.923111e-03 	2.923111e-03 	
1.700000e+00 	1.000000e-01 	1.000000e-01 	2.202023e+00 	3.046590e-03 	3.046590e-03 	
1.900000e+00 	1.000000e-01 	1.000000e-01 	2.406130e+00 	3.166797e-03 	3.166797e-03 	
2.100000e+00 	1.000000e-01 	1.000000e-01 	2.626615e+00 	3.293799e-03 	3.293799e-03 	
2.300000e+00 	1.000000e-01 	1.000000e-01 	2.870166e+00 	3.433713e-03 	3.433713e-03 	
2.500000e+00 	1.000000e-01 	1.000000e-01 	3.136130e+00 	3.576583e-03 	3.576583e-03 	
2.700000e+00 	1.000000e-01 	1.000000e-01 	3.440573e+00 	3.738416e-03 	3.738416e-03 	
2.900000e+00 	1.000000e-01 	1.000000e-01 	3.746442e+00 	3.883189e-03 	3.883189e-03 	
3.100000e+00 	1.000000e-01 	1.000000e-01 	3.783662e+00 	3.899005e-03 	3.899005e-03 	
3.300000e+00 	1.000000e-01 	1.000000e-01 	2.213021e+00 	3.079942e-03 	3.079942e-03 	
3.500000e+00 	1.000000e-01 	1.000000e-01 	1.403554e+00 	2.534425e-03 	2.534425e-03 	
3.700000e+00 	1.000000e-01 	1.000000e-01 	9.352556e-01 	2.143821e-03 	2.143821e-03 	
3.900000e+00 	1.000000e-01 	1.000000e-01 	6.296851e-01 	1.823403e-03 	1.823403e-03 	
4.100000e+00 	1.000000e-01 	1.000000e-01 	4.205387e-01 	1.542483e-03 	1.542483e-03 	
4.300000e+00 	1.000000e-01 	1.000000e-01 	2.810282e-01 	1.316957e-03 	1.316957e-03 	
4.500000e+00 	1.000000e-01 	1.000000e-01 	1.819116e-01 	1.103521e-03 	1.103521e-03 	
4.700000e+00 	1.000000e-01 	1.000000e-01 	1.151472e-01 	9.157087e-04 	9.157087e-04 	
4.900000e+00 	1.000000e-01 	1.000000e-01 	7.020349e-02 	7.356822e-04 	7.356822e-04 	
5.100000e+00 	1.000000e-01 	1.000000e-01 	3.805780e-02 	5.624040e-04 	5.624040e-04 	
5.300000e+00 	1.000000e-01 	1.000000e-01 	2.060273e-02 	4.282021e-04 	4.282021e-04 	
5.500000e+00 	1.000000e-01 	1.000000e-01 	8.863720e-03 	2.878055e-04 	2.878055e-04 	
5.700000e+00 	1.000000e-01 	1.000000e-01 	3.058266e-03 	1.692745e-04 	1.692745e-04 	
5.900000e+00 	1.000000e-01 	1.000000e-01 	4.963750e-04 	6.688298e-05 	6.688298e-05 	
END SCATTER2D

BEGIN SCATTER2D /COMETA_ZZ_production_analysis/cthep
Path=/COMETA_ZZ_production_analysis/cthep
ScaledBy=1.36075046992988942e-05
Title=~
# val1       	err1-        	err1+        	val2         	err2-        	err2+        	
-9.750000e-01	2.500000e-02 	2.500000e-02 	5.388993e+00 	1.022946e-02 	1.022946e-02 	
-9.250000e-01	2.500000e-02 	2.500000e-02 	5.411873e+00 	1.015615e-02 	1.015615e-02 	
-8.750000e-01	2.500000e-02 	2.500000e-02 	5.216863e+00 	9.884611e-03 	9.884611e-03 	
-8.250000e-01	2.500000e-02 	2.500000e-02 	4.971590e+00 	9.552412e-03 	9.552412e-03 	
-7.750000e-01	2.500000e-02 	2.500000e-02 	4.752735e+00 	9.249717e-03 	9.249717e-03 	
-7.250000e-01	2.500000e-02 	2.500000e-02 	4.564524e+00 	9.005938e-03 	9.005938e-03 	
-6.750000e-01	2.500000e-02 	2.500000e-02 	4.346621e+00 	8.697660e-03 	8.697660e-03 	
-6.250000e-01	2.500000e-02 	2.500000e-02 	4.156060e+00 	8.431395e-03 	8.431395e-03 	
-5.750000e-01	2.500000e-02 	2.500000e-02 	3.972732e+00 	8.177560e-03 	8.177560e-03 	
-5.250000e-01	2.500000e-02 	2.500000e-02 	3.820555e+00 	7.965865e-03 	7.965865e-03 	
-4.750000e-01	2.500000e-02 	2.500000e-02 	3.678726e+00 	7.755084e-03 	7.755084e-03 	
-4.250000e-01	2.500000e-02 	2.500000e-02 	3.541416e+00 	7.560354e-03 	7.560354e-03 	
-3.750000e-01	2.500000e-02 	2.500000e-02 	3.442647e+00 	7.421674e-03 	7.421674e-03 	
-3.250000e-01	2.500000e-02 	2.500000e-02 	3.324055e+00 	7.252607e-03 	7.252607e-03 	
-2.750000e-01	2.500000e-02 	2.500000e-02 	3.250113e+00 	7.147163e-03 	7.147163e-03 	
-2.250000e-01	2.500000e-02 	2.500000e-02 	3.181134e+00 	7.043097e-03 	7.043097e-03 	
-1.750000e-01	2.500000e-02 	2.500000e-02 	3.114459e+00 	6.961469e-03 	6.961469e-03 	
-1.250000e-01	2.500000e-02 	2.500000e-02 	3.070517e+00 	6.906614e-03 	6.906614e-03 	
-7.500000e-02	2.500000e-02 	2.500000e-02 	3.044377e+00 	6.856836e-03 	6.856836e-03 	
-2.500000e-02	2.500000e-02 	2.500000e-02 	3.043707e+00 	6.855045e-03 	6.855045e-03 	
2.500000e-02 	2.500000e-02 	2.500000e-02 	3.040143e+00 	6.868750e-03 	6.868750e-03 	
7.500000e-02 	2.500000e-02 	2.500000e-02 	3.056300e+00 	6.887243e-03 	6.887243e-03 	
1.250000e-01 	2.500000e-02 	2.500000e-02 	3.088296e+00 	6.948216e-03 	6.948216e-03 	
1.750000e-01 	2.500000e-02 	2.500000e-02 	3.130246e+00 	7.004489e-03 	7.004489e-03 	
2.250000e-01 	2.500000e-02 	2.500000e-02 	3.192736e+00 	7.100195e-03 	7.100195e-03 	
2.750000e-01 	2.500000e-02 	2.500000e-02 	3.267435e+00 	7.209872e-03 	7.209872e-03 	
3.250000e-01 	2.500000e-02 	2.500000e-02 	3.352611e+00 	7.333192e-03 	7.333192e-03 	
3.750000e-01 	2.500000e-02 	2.500000e-02 	3.467286e+00 	7.510119e-03 	7.510119e-03 	
4.250000e-01 	2.500000e-02 	2.500000e-02 	3.577687e+00 	7.666342e-03 	7.666342e-03 	
4.750000e-01 	2.500000e-02 	2.500000e-02 	3.711738e+00 	7.856938e-03 	7.856938e-03 	
5.250000e-01 	2.500000e-02 	2.500000e-02 	3.849818e+00 	8.062934e-03 	8.062934e-03 	
5.750000e-01 	2.500000e-02 	2.500000e-02 	4.019946e+00 	8.293721e-03 	8.293721e-03 	
6.250000e-01 	2.500000e-02 	2.500000e-02 	4.192621e+00 	8.527895e-03 	8.527895e-03 	
6.750000e-01 	2.500000e-02 	2.500000e-02 	4.381022e+00 	8.795181e-03 	8.795181e-03 	
7.250000e-01 	2.500000e-02 	2.500000e-02 	4.571275e+00 	9.042211e-03 	9.042211e-03 	
7.750000e-01 	2.500000e-02 	2.500000e-02 	4.780613e+00 	9.328418e-03 	9.328418e-03 	
8.250000e-01 	2.500000e-02 	2.500000e-02 	5.018789e+00 	9.641429e-03 	9.641429e-03 	
8.750000e-01 	2.500000e-02 	2.500000e-02 	5.218700e+00 	9.917802e-03 	9.917802e-03 	
9.250000e-01 	2.500000e-02 	2.500000e-02 	5.425148e+00 	1.019804e-02 	1.019804e-02 	
9.750000e-01 	2.500000e-02 	2.500000e-02 	5.407068e+00 	1.024222e-02 	1.024222e-02 	
END SCATTER2D

BEGIN SCATTER2D /COMETA_ZZ_production_analysis/cthmm
Path=/COMETA_ZZ_production_analysis/cthmm
ScaledBy=1.36075046992988942e-05
Title=~
# val1       	err1-        	err1+        	val2         	err2-        	err2+        	
-9.750000e-01	2.500000e-02 	2.500000e-02 	5.646273e+00 	1.043644e-02 	1.043644e-02 	
-9.250000e-01	2.500000e-02 	2.500000e-02 	5.462779e+00 	1.017336e-02 	1.017336e-02 	
-8.750000e-01	2.500000e-02 	2.500000e-02 	5.214406e+00 	9.846322e-03 	9.846322e-03 	
-8.250000e-01	2.500000e-02 	2.500000e-02 	5.013278e+00 	9.589012e-03 	9.589012e-03 	
-7.750000e-01	2.500000e-02 	2.500000e-02 	4.754822e+00 	9.248241e-03 	9.248241e-03 	
-7.250000e-01	2.500000e-02 	2.500000e-02 	4.529960e+00 	8.953134e-03 	8.953134e-03 	
-6.750000e-01	2.500000e-02 	2.500000e-02 	4.326488e+00 	8.671200e-03 	8.671200e-03 	
-6.250000e-01	2.500000e-02 	2.500000e-02 	4.129662e+00 	8.411268e-03 	8.411268e-03 	
-5.750000e-01	2.500000e-02 	2.500000e-02 	3.964076e+00 	8.179975e-03 	8.179975e-03 	
-5.250000e-01	2.500000e-02 	2.500000e-02 	3.790161e+00 	7.941021e-03 	7.941021e-03 	
-4.750000e-01	2.500000e-02 	2.500000e-02 	3.660109e+00 	7.761545e-03 	7.761545e-03 	
-4.250000e-01	2.500000e-02 	2.500000e-02 	3.529840e+00 	7.591384e-03 	7.591384e-03 	
-3.750000e-01	2.500000e-02 	2.500000e-02 	3.399455e+00 	7.394381e-03 	7.394381e-03 	
-3.250000e-01	2.500000e-02 	2.500000e-02 	3.294331e+00 	7.232103e-03 	7.232103e-03 	
-2.750000e-01	2.500000e-02 	2.500000e-02 	3.233730e+00 	7.159115e-03 	7.159115e-03 	
-2.250000e-01	2.500000e-02 	2.500000e-02 	3.155394e+00 	7.047230e-03 	7.047230e-03 	
-1.750000e-01	2.500000e-02 	2.500000e-02 	3.093760e+00 	6.938798e-03 	6.938798e-03 	
-1.250000e-01	2.500000e-02 	2.500000e-02 	3.049046e+00 	6.872971e-03 	6.872971e-03 	
-7.500000e-02	2.500000e-02 	2.500000e-02 	3.010338e+00 	6.819787e-03 	6.819787e-03 	
-2.500000e-02	2.500000e-02 	2.500000e-02 	3.003505e+00 	6.814220e-03 	6.814220e-03 	
2.500000e-02 	2.500000e-02 	2.500000e-02 	3.007451e+00 	6.812257e-03 	6.812257e-03 	
7.500000e-02 	2.500000e-02 	2.500000e-02 	3.025649e+00 	6.842825e-03 	6.842825e-03 	
1.250000e-01 	2.500000e-02 	2.500000e-02 	3.050634e+00 	6.880485e-03 	6.880485e-03 	
1.750000e-01 	2.500000e-02 	2.500000e-02 	3.100759e+00 	6.954197e-03 	6.954197e-03 	
2.250000e-01 	2.500000e-02 	2.500000e-02 	3.160509e+00 	7.044088e-03 	7.044088e-03 	
2.750000e-01 	2.500000e-02 	2.500000e-02 	3.230191e+00 	7.145801e-03 	7.145801e-03 	
3.250000e-01 	2.500000e-02 	2.500000e-02 	3.319232e+00 	7.291760e-03 	7.291760e-03 	
3.750000e-01 	2.500000e-02 	2.500000e-02 	3.427964e+00 	7.441787e-03 	7.441787e-03 	
4.250000e-01 	2.500000e-02 	2.500000e-02 	3.557763e+00 	7.622239e-03 	7.622239e-03 	
4.750000e-01 	2.500000e-02 	2.500000e-02 	3.682594e+00 	7.806071e-03 	7.806071e-03 	
5.250000e-01 	2.500000e-02 	2.500000e-02 	3.826705e+00 	7.999393e-03 	7.999393e-03 	
5.750000e-01 	2.500000e-02 	2.500000e-02 	3.971790e+00 	8.217457e-03 	8.217457e-03 	
6.250000e-01 	2.500000e-02 	2.500000e-02 	4.172285e+00 	8.491671e-03 	8.491671e-03 	
6.750000e-01 	2.500000e-02 	2.500000e-02 	4.356930e+00 	8.754783e-03 	8.754783e-03 	
7.250000e-01 	2.500000e-02 	2.500000e-02 	4.577658e+00 	9.056187e-03 	9.056187e-03 	
7.750000e-01 	2.500000e-02 	2.500000e-02 	4.796307e+00 	9.350132e-03 	9.350132e-03 	
8.250000e-01 	2.500000e-02 	2.500000e-02 	5.028059e+00 	9.658176e-03 	9.658176e-03 	
8.750000e-01 	2.500000e-02 	2.500000e-02 	5.270550e+00 	9.979161e-03 	9.979161e-03 	
9.250000e-01 	2.500000e-02 	2.500000e-02 	5.535373e+00 	1.032296e-02 	1.032296e-02 	
9.750000e-01 	2.500000e-02 	2.500000e-02 	5.683361e+00 	1.052988e-02 	1.052988e-02 	
END SCATTER2D

BEGIN SCATTER2D /COMETA_ZZ_production_analysis/cscatt
Path=/COMETA_ZZ_production_analysis/cscatt
ScaledBy=1.36075046992988942e-05
Title=~
# val1       	err1-        	err1+        	val2         	err2-        	err2+        	
1.250000e-02 	1.250000e-02 	1.250000e-02 	5.005386e+00 	1.194602e-02 	1.194602e-02 	
3.750000e-02 	1.250000e-02 	1.250000e-02 	5.039834e+00 	1.200927e-02 	1.200927e-02 	
6.250000e-02 	1.250000e-02 	1.250000e-02 	5.053244e+00 	1.205218e-02 	1.205218e-02 	
8.750000e-02 	1.250000e-02 	1.250000e-02 	5.092392e+00 	1.213405e-02 	1.213405e-02 	
1.125000e-01 	1.250000e-02 	1.250000e-02 	5.143557e+00 	1.220448e-02 	1.220448e-02 	
1.375000e-01 	1.250000e-02 	1.250000e-02 	5.163128e+00 	1.225288e-02 	1.225288e-02 	
1.625000e-01 	1.250000e-02 	1.250000e-02 	5.238238e+00 	1.236867e-02 	1.236867e-02 	
1.875000e-01 	1.250000e-02 	1.250000e-02 	5.314308e+00 	1.252078e-02 	1.252078e-02 	
2.125000e-01 	1.250000e-02 	1.250000e-02 	5.376856e+00 	1.260095e-02 	1.260095e-02 	
2.375000e-01 	1.250000e-02 	1.250000e-02 	5.460594e+00 	1.273801e-02 	1.273801e-02 	
2.625000e-01 	1.250000e-02 	1.250000e-02 	5.572001e+00 	1.292215e-02 	1.292215e-02 	
2.875000e-01 	1.250000e-02 	1.250000e-02 	5.699168e+00 	1.313400e-02 	1.313400e-02 	
3.125000e-01 	1.250000e-02 	1.250000e-02 	5.797904e+00 	1.328115e-02 	1.328115e-02 	
3.375000e-01 	1.250000e-02 	1.250000e-02 	5.953611e+00 	1.351641e-02 	1.351641e-02 	
3.625000e-01 	1.250000e-02 	1.250000e-02 	6.090254e+00 	1.372765e-02 	1.372765e-02 	
3.875000e-01 	1.250000e-02 	1.250000e-02 	6.233528e+00 	1.400699e-02 	1.400699e-02 	
4.125000e-01 	1.250000e-02 	1.250000e-02 	6.381360e+00 	1.427258e-02 	1.427258e-02 	
4.375000e-01 	1.250000e-02 	1.250000e-02 	6.605793e+00 	1.459827e-02 	1.459827e-02 	
4.625000e-01 	1.250000e-02 	1.250000e-02 	6.790043e+00 	1.483829e-02 	1.483829e-02 	
4.875000e-01 	1.250000e-02 	1.250000e-02 	7.019145e+00 	1.518905e-02 	1.518905e-02 	
5.125000e-01 	1.250000e-02 	1.250000e-02 	7.196548e+00 	1.543422e-02 	1.543422e-02 	
5.375000e-01 	1.250000e-02 	1.250000e-02 	7.433366e+00 	1.571573e-02 	1.571573e-02 	
5.625000e-01 	1.250000e-02 	1.250000e-02 	7.688630e+00 	1.602088e-02 	1.602088e-02 	
5.875000e-01 	1.250000e-02 	1.250000e-02 	7.929862e+00 	1.637809e-02 	1.637809e-02 	
6.125000e-01 	1.250000e-02 	1.250000e-02 	8.236828e+00 	1.677254e-02 	1.677254e-02 	
6.375000e-01 	1.250000e-02 	1.250000e-02 	8.494350e+00 	1.711002e-02 	1.711002e-02 	
6.625000e-01 	1.250000e-02 	1.250000e-02 	8.822663e+00 	1.749431e-02 	1.749431e-02 	
6.875000e-01 	1.250000e-02 	1.250000e-02 	9.154365e+00 	1.784765e-02 	1.784765e-02 	
7.125000e-01 	1.250000e-02 	1.250000e-02 	9.493967e+00 	1.815723e-02 	1.815723e-02 	
7.375000e-01 	1.250000e-02 	1.250000e-02 	9.858245e+00 	1.843036e-02 	1.843036e-02 	
7.625000e-01 	1.250000e-02 	1.250000e-02 	1.022538e+01 	1.887858e-02 	1.887858e-02 	
7.875000e-01 	1.250000e-02 	1.250000e-02 	1.063408e+01 	1.924206e-02 	1.924206e-02 	
8.125000e-01 	1.250000e-02 	1.250000e-02 	1.106687e+01 	1.982360e-02 	1.982360e-02 	
8.375000e-01 	1.250000e-02 	1.250000e-02 	1.154782e+01 	2.035028e-02 	2.035028e-02 	
8.625000e-01 	1.250000e-02 	1.250000e-02 	1.204468e+01 	2.108715e-02 	2.108715e-02 	
8.875000e-01 	1.250000e-02 	1.250000e-02 	1.250953e+01 	2.133482e-02 	2.133482e-02 	
9.125000e-01 	1.250000e-02 	1.250000e-02 	1.302740e+01 	2.167545e-02 	2.167545e-02 	
9.375000e-01 	1.250000e-02 	1.250000e-02 	1.345392e+01 	2.265372e-02 	2.265372e-02 	
9.625000e-01 	1.250000e-02 	1.250000e-02 	1.364913e+01 	2.367372e-02 	2.367372e-02 	
9.875000e-01 	1.250000e-02 	1.250000e-02 	1.158838e+01 	2.492972e-02 	2.492972e-02 	
END SCATTER2D

BEGIN SCATTER2D /COMETA_ZZ_production_analysis/cosee
Path=/COMETA_ZZ_production_analysis/cosee
ScaledBy=1.36075046992988942e-05
Title=~
# val1       	err1-        	err1+        	val2         	err2-        	err2+        	
-9.750000e-01	2.500000e-02 	2.500000e-02 	3.045982e+00 	6.622624e-03 	6.622624e-03 	
-9.250000e-01	2.500000e-02 	2.500000e-02 	3.271571e+00 	6.916583e-03 	6.916583e-03 	
-8.750000e-01	2.500000e-02 	2.500000e-02 	3.441230e+00 	7.243770e-03 	7.243770e-03 	
-8.250000e-01	2.500000e-02 	2.500000e-02 	3.532985e+00 	7.456410e-03 	7.456410e-03 	
-7.750000e-01	2.500000e-02 	2.500000e-02 	3.599458e+00 	7.629228e-03 	7.629228e-03 	
-7.250000e-01	2.500000e-02 	2.500000e-02 	3.640086e+00 	7.728799e-03 	7.728799e-03 	
-6.750000e-01	2.500000e-02 	2.500000e-02 	3.638540e+00 	7.776326e-03 	7.776326e-03 	
-6.250000e-01	2.500000e-02 	2.500000e-02 	3.652520e+00 	7.836537e-03 	7.836537e-03 	
-5.750000e-01	2.500000e-02 	2.500000e-02 	3.648281e+00 	7.852466e-03 	7.852466e-03 	
-5.250000e-01	2.500000e-02 	2.500000e-02 	3.627412e+00 	7.835584e-03 	7.835584e-03 	
-4.750000e-01	2.500000e-02 	2.500000e-02 	3.624391e+00 	7.836145e-03 	7.836145e-03 	
-4.250000e-01	2.500000e-02 	2.500000e-02 	3.608844e+00 	7.833536e-03 	7.833536e-03 	
-3.750000e-01	2.500000e-02 	2.500000e-02 	3.607691e+00 	7.830053e-03 	7.830053e-03 	
-3.250000e-01	2.500000e-02 	2.500000e-02 	3.600061e+00 	7.828052e-03 	7.828052e-03 	
-2.750000e-01	2.500000e-02 	2.500000e-02 	3.592807e+00 	7.813609e-03 	7.813609e-03 	
-2.250000e-01	2.500000e-02 	2.500000e-02 	3.605076e+00 	7.833129e-03 	7.833129e-03 	
-1.750000e-01	2.500000e-02 	2.500000e-02 	3.599522e+00 	7.818565e-03 	7.818565e-03 	
-1.250000e-01	2.500000e-02 	2.500000e-02 	3.598337e+00 	7.807471e-03 	7.807471e-03 	
-7.500000e-02	2.500000e-02 	2.500000e-02 	3.608529e+00 	7.818585e-03 	7.818585e-03 	
-2.500000e-02	2.500000e-02 	2.500000e-02 	3.638290e+00 	7.858158e-03 	7.858158e-03 	
2.500000e-02 	2.500000e-02 	2.500000e-02 	3.638168e+00 	7.845272e-03 	7.845272e-03 	
7.500000e-02 	2.500000e-02 	2.500000e-02 	3.679098e+00 	7.897662e-03 	7.897662e-03 	
1.250000e-01 	2.500000e-02 	2.500000e-02 	3.723824e+00 	7.943678e-03 	7.943678e-03 	
1.750000e-01 	2.500000e-02 	2.500000e-02 	3.773380e+00 	8.010749e-03 	8.010749e-03 	
2.250000e-01 	2.500000e-02 	2.500000e-02 	3.834829e+00 	8.081181e-03 	8.081181e-03 	
2.750000e-01 	2.500000e-02 	2.500000e-02 	3.897481e+00 	8.164803e-03 	8.164803e-03 	
3.250000e-01 	2.500000e-02 	2.500000e-02 	3.973685e+00 	8.251514e-03 	8.251514e-03 	
3.750000e-01 	2.500000e-02 	2.500000e-02 	4.057438e+00 	8.366598e-03 	8.366598e-03 	
4.250000e-01 	2.500000e-02 	2.500000e-02 	4.192312e+00 	8.521003e-03 	8.521003e-03 	
4.750000e-01 	2.500000e-02 	2.500000e-02 	4.293762e+00 	8.658056e-03 	8.658056e-03 	
5.250000e-01 	2.500000e-02 	2.500000e-02 	4.435412e+00 	8.815658e-03 	8.815658e-03 	
5.750000e-01 	2.500000e-02 	2.500000e-02 	4.619582e+00 	9.066819e-03 	9.066819e-03 	
6.250000e-01 	2.500000e-02 	2.500000e-02 	4.828395e+00 	9.312727e-03 	9.312727e-03 	
6.750000e-01 	2.500000e-02 	2.500000e-02 	5.037129e+00 	9.567154e-03 	9.567154e-03 	
7.250000e-01 	2.500000e-02 	2.500000e-02 	5.325822e+00 	9.903612e-03 	9.903612e-03 	
7.750000e-01 	2.500000e-02 	2.500000e-02 	5.669076e+00 	1.034007e-02 	1.034007e-02 	
8.250000e-01 	2.500000e-02 	2.500000e-02 	5.978323e+00 	1.070357e-02 	1.070357e-02 	
8.750000e-01 	2.500000e-02 	2.500000e-02 	6.157280e+00 	1.098814e-02 	1.098814e-02 	
9.250000e-01 	2.500000e-02 	2.500000e-02 	5.075940e+00 	9.754839e-03 	9.754839e-03 	
9.750000e-01 	2.500000e-02 	2.500000e-02 	1.670629e+00 	4.047030e-03 	4.047030e-03 	
END SCATTER2D

BEGIN SCATTER2D /COMETA_ZZ_production_analysis/cospp
Path=/COMETA_ZZ_production_analysis/cospp
ScaledBy=1.36075046992988942e-05
Title=~
# val1       	err1-        	err1+        	val2         	err2-        	err2+        	
-9.750000e-01	2.500000e-02 	2.500000e-02 	5.024914e+00 	9.595565e-03 	9.595565e-03 	
-9.250000e-01	2.500000e-02 	2.500000e-02 	4.505121e+00 	9.007682e-03 	9.007682e-03 	
-8.750000e-01	2.500000e-02 	2.500000e-02 	4.177672e+00 	8.545733e-03 	8.545733e-03 	
-8.250000e-01	2.500000e-02 	2.500000e-02 	3.951336e+00 	8.235143e-03 	8.235143e-03 	
-7.750000e-01	2.500000e-02 	2.500000e-02 	3.777439e+00 	7.981113e-03 	7.981113e-03 	
-7.250000e-01	2.500000e-02 	2.500000e-02 	3.640535e+00 	7.785532e-03 	7.785532e-03 	
-6.750000e-01	2.500000e-02 	2.500000e-02 	3.524714e+00 	7.614638e-03 	7.614638e-03 	
-6.250000e-01	2.500000e-02 	2.500000e-02 	3.434273e+00 	7.471113e-03 	7.471113e-03 	
-5.750000e-01	2.500000e-02 	2.500000e-02 	3.347460e+00 	7.361186e-03 	7.361186e-03 	
-5.250000e-01	2.500000e-02 	2.500000e-02 	3.303587e+00 	7.300102e-03 	7.300102e-03 	
-4.750000e-01	2.500000e-02 	2.500000e-02 	3.247204e+00 	7.220665e-03 	7.220665e-03 	
-4.250000e-01	2.500000e-02 	2.500000e-02 	3.219994e+00 	7.170249e-03 	7.170249e-03 	
-3.750000e-01	2.500000e-02 	2.500000e-02 	3.189521e+00 	7.127873e-03 	7.127873e-03 	
-3.250000e-01	2.500000e-02 	2.500000e-02 	3.171020e+00 	7.117042e-03 	7.117042e-03 	
-2.750000e-01	2.500000e-02 	2.500000e-02 	3.159406e+00 	7.090588e-03 	7.090588e-03 	
-2.250000e-01	2.500000e-02 	2.500000e-02 	3.157294e+00 	7.081571e-03 	7.081571e-03 	
-1.750000e-01	2.500000e-02 	2.500000e-02 	3.161271e+00 	7.099660e-03 	7.099660e-03 	
-1.250000e-01	2.500000e-02 	2.500000e-02 	3.181013e+00 	7.116361e-03 	7.116361e-03 	
-7.500000e-02	2.500000e-02 	2.500000e-02 	3.182241e+00 	7.130074e-03 	7.130074e-03 	
-2.500000e-02	2.500000e-02 	2.500000e-02 	3.213897e+00 	7.172424e-03 	7.172424e-03 	
2.500000e-02 	2.500000e-02 	2.500000e-02 	3.249506e+00 	7.224389e-03 	7.224389e-03 	
7.500000e-02 	2.500000e-02 	2.500000e-02 	3.274429e+00 	7.247388e-03 	7.247388e-03 	
1.250000e-01 	2.500000e-02 	2.500000e-02 	3.319914e+00 	7.323632e-03 	7.323632e-03 	
1.750000e-01 	2.500000e-02 	2.500000e-02 	3.360290e+00 	7.385614e-03 	7.385614e-03 	
2.250000e-01 	2.500000e-02 	2.500000e-02 	3.427412e+00 	7.472065e-03 	7.472065e-03 	
2.750000e-01 	2.500000e-02 	2.500000e-02 	3.489705e+00 	7.557585e-03 	7.557585e-03 	
3.250000e-01 	2.500000e-02 	2.500000e-02 	3.589261e+00 	7.692457e-03 	7.692457e-03 	
3.750000e-01 	2.500000e-02 	2.500000e-02 	3.678474e+00 	7.806310e-03 	7.806310e-03 	
4.250000e-01 	2.500000e-02 	2.500000e-02 	3.786573e+00 	7.951310e-03 	7.951310e-03 	
4.750000e-01 	2.500000e-02 	2.500000e-02 	3.910593e+00 	8.110704e-03 	8.110704e-03 	
5.250000e-01 	2.500000e-02 	2.500000e-02 	4.038307e+00 	8.269991e-03 	8.269991e-03 	
5.750000e-01 	2.500000e-02 	2.500000e-02 	4.244085e+00 	8.528588e-03 	8.528588e-03 	
6.250000e-01 	2.500000e-02 	2.500000e-02 	4.430396e+00 	8.749210e-03 	8.749210e-03 	
6.750000e-01 	2.500000e-02 	2.500000e-02 	4.671406e+00 	9.057479e-03 	9.057479e-03 	
7.250000e-01 	2.500000e-02 	2.500000e-02 	4.983892e+00 	9.430051e-03 	9.430051e-03 	
7.750000e-01 	2.500000e-02 	2.500000e-02 	5.308424e+00 	9.816339e-03 	9.816339e-03 	
8.250000e-01 	2.500000e-02 	2.500000e-02 	5.773792e+00 	1.036782e-02 	1.036782e-02 	
8.750000e-01 	2.500000e-02 	2.500000e-02 	6.292656e+00 	1.097419e-02 	1.097419e-02 	
9.250000e-01 	2.500000e-02 	2.500000e-02 	6.784522e+00 	1.161219e-02 	1.161219e-02 	
9.750000e-01 	2.500000e-02 	2.500000e-02 	6.859632e+00 	1.196128e-02 	1.196128e-02 	
END SCATTER2D

BEGIN SCATTER2D /COMETA_ZZ_production_analysis/cp1dmap_ZZ
Path=/COMETA_ZZ_production_analysis/cp1dmap_ZZ
ScaledBy=1.36075046992988942e-05
Title=~
# val1       	err1-        	err1+        	val2         	err2-        	err2+        	
5.000000e-01 	5.000000e-01 	5.000000e-01 	8.781555e-02 	3.008843e-04 	3.008843e-04 	
1.500000e+00 	5.000000e-01 	5.000000e-01 	9.542511e-02 	3.079020e-04 	3.079020e-04 	
2.500000e+00 	5.000000e-01 	5.000000e-01 	1.479238e-01 	3.778475e-04 	3.778475e-04 	
3.500000e+00 	5.000000e-01 	5.000000e-01 	2.126846e-01 	4.442608e-04 	4.442608e-04 	
4.500000e+00 	5.000000e-01 	5.000000e-01 	3.002441e-01 	5.170392e-04 	5.170392e-04 	
5.500000e+00 	5.000000e-01 	5.000000e-01 	4.220575e-01 	6.004216e-04 	6.004216e-04 	
6.500000e+00 	5.000000e-01 	5.000000e-01 	6.606184e-01 	7.327497e-04 	7.327497e-04 	
7.500000e+00 	5.000000e-01 	5.000000e-01 	6.581131e-01 	7.292790e-04 	7.292790e-04 	
8.500000e+00 	5.000000e-01 	5.000000e-01 	4.197513e-01 	5.921225e-04 	5.921225e-04 	
9.500000e+00 	5.000000e-01 	5.000000e-01 	2.982242e-01 	5.058265e-04 	5.058265e-04 	
1.050000e+01 	5.000000e-01 	5.000000e-01 	2.105451e-01 	4.305469e-04 	4.305469e-04 	
1.150000e+01 	5.000000e-01 	5.000000e-01 	1.448995e-01 	3.616978e-04 	3.616978e-04 	
1.250000e+01 	5.000000e-01 	5.000000e-01 	9.359585e-02 	2.941805e-04 	2.941805e-04 	
1.350000e+01 	5.000000e-01 	5.000000e-01 	8.636755e-02 	2.891470e-04 	2.891470e-04 	
1.450000e+01 	5.000000e-01 	5.000000e-01 	1.382752e-01 	3.234986e-04 	3.234986e-04 	
1.550000e+01 	5.000000e-01 	5.000000e-01 	1.375122e-01 	3.218101e-04 	3.218101e-04 	
1.650000e+01 	5.000000e-01 	5.000000e-01 	8.683054e-02 	2.902131e-04 	2.902131e-04 	
1.750000e+01 	5.000000e-01 	5.000000e-01 	9.364821e-02 	2.943548e-04 	2.943548e-04 	
1.850000e+01 	5.000000e-01 	5.000000e-01 	1.446126e-01 	3.613054e-04 	3.613054e-04 	
1.950000e+01 	5.000000e-01 	5.000000e-01 	2.107642e-01 	4.301838e-04 	4.301838e-04 	
2.050000e+01 	5.000000e-01 	5.000000e-01 	2.979349e-01 	5.048447e-04 	5.048447e-04 	
2.150000e+01 	5.000000e-01 	5.000000e-01 	4.192791e-01 	5.914124e-04 	5.914124e-04 	
2.250000e+01 	5.000000e-01 	5.000000e-01 	6.587633e-01 	7.289485e-04 	7.289485e-04 	
2.350000e+01 	5.000000e-01 	5.000000e-01 	6.608389e-01 	7.329740e-04 	7.329740e-04 	
2.450000e+01 	5.000000e-01 	5.000000e-01 	4.216557e-01 	6.006226e-04 	6.006226e-04 	
2.550000e+01 	5.000000e-01 	5.000000e-01 	3.002221e-01 	5.177187e-04 	5.177187e-04 	
2.650000e+01 	5.000000e-01 	5.000000e-01 	2.133016e-01 	4.445719e-04 	4.445719e-04 	
2.750000e+01 	5.000000e-01 	5.000000e-01 	1.474934e-01 	3.768066e-04 	3.768066e-04 	
2.850000e+01 	5.000000e-01 	5.000000e-01 	9.528853e-02 	3.075330e-04 	3.075330e-04 	
2.950000e+01 	5.000000e-01 	5.000000e-01 	8.747289e-02 	2.995888e-04 	2.995888e-04 	
END SCATTER2D

