BEGIN SCATTER2D /COMETA_ZZ_production_analysis/totxsec
Path=/COMETA_ZZ_production_analysis/totxsec
ScaledBy=1.35843975118632688e-05
Title=~
# val1       	err1-        	err1+        	val2         	err2-        	err2+        	
1.300000e+04 	5.000000e-01 	5.000000e-01 	1.373142e+00 	5.884378e-04 	5.884378e-04 	
END SCATTER2D

BEGIN SCATTER2D /COMETA_ZZ_production_analysis/m4l
Path=/COMETA_ZZ_production_analysis/m4l
ScaledBy=1.35843975118632688e-05
Title=~
# val1       	err1-        	err1+        	val2         	err2-        	err2+        	
1.000000e+01 	1.000000e+01 	1.000000e+01 	0.000000e+00 	0.000000e+00 	0.000000e+00 	
3.000000e+01 	1.000000e+01 	1.000000e+01 	0.000000e+00 	0.000000e+00 	0.000000e+00 	
5.000000e+01 	1.000000e+01 	1.000000e+01 	0.000000e+00 	0.000000e+00 	0.000000e+00 	
7.000000e+01 	1.000000e+01 	1.000000e+01 	0.000000e+00 	0.000000e+00 	0.000000e+00 	
9.000000e+01 	1.000000e+01 	1.000000e+01 	0.000000e+00 	0.000000e+00 	0.000000e+00 	
1.100000e+02 	1.000000e+01 	1.000000e+01 	0.000000e+00 	0.000000e+00 	0.000000e+00 	
1.300000e+02 	1.000000e+01 	1.000000e+01 	0.000000e+00 	0.000000e+00 	0.000000e+00 	
1.500000e+02 	1.000000e+01 	1.000000e+01 	0.000000e+00 	0.000000e+00 	0.000000e+00 	
1.700000e+02 	1.000000e+01 	1.000000e+01 	0.000000e+00 	0.000000e+00 	0.000000e+00 	
1.900000e+02 	1.000000e+01 	1.000000e+01 	1.794957e-02 	1.744123e-05 	1.744123e-05 	
2.100000e+02 	1.000000e+01 	1.000000e+01 	1.811439e-02 	1.557867e-05 	1.557867e-05 	
2.300000e+02 	1.000000e+01 	1.000000e+01 	1.149732e-02 	1.156040e-05 	1.156040e-05 	
2.500000e+02 	1.000000e+01 	1.000000e+01 	7.157139e-03 	8.640193e-06 	8.640193e-06 	
2.700000e+02 	1.000000e+01 	1.000000e+01 	4.510508e-03 	6.503724e-06 	6.503724e-06 	
2.900000e+02 	1.000000e+01 	1.000000e+01 	2.896524e-03 	5.027670e-06 	5.027670e-06 	
3.100000e+02 	1.000000e+01 	1.000000e+01 	1.911383e-03 	3.935217e-06 	3.935217e-06 	
3.300000e+02 	1.000000e+01 	1.000000e+01 	1.293468e-03 	3.118272e-06 	3.118272e-06 	
3.500000e+02 	1.000000e+01 	1.000000e+01 	8.911411e-04 	2.494718e-06 	2.494718e-06 	
3.700000e+02 	1.000000e+01 	1.000000e+01 	6.226143e-04 	1.934723e-06 	1.934723e-06 	
3.900000e+02 	1.000000e+01 	1.000000e+01 	4.455285e-04 	1.612762e-06 	1.612762e-06 	
4.100000e+02 	1.000000e+01 	1.000000e+01 	3.229360e-04 	1.283404e-06 	1.283404e-06 	
4.300000e+02 	1.000000e+01 	1.000000e+01 	2.356602e-04 	1.044652e-06 	1.044652e-06 	
4.500000e+02 	1.000000e+01 	1.000000e+01 	1.778403e-04 	8.638933e-07 	8.638933e-07 	
4.700000e+02 	1.000000e+01 	1.000000e+01 	1.347148e-04 	7.058002e-07 	7.058002e-07 	
4.900000e+02 	1.000000e+01 	1.000000e+01 	1.015759e-04 	5.804092e-07 	5.804092e-07 	
5.100000e+02 	1.000000e+01 	1.000000e+01 	7.828895e-05 	5.007624e-07 	5.007624e-07 	
5.300000e+02 	1.000000e+01 	1.000000e+01 	6.091324e-05 	4.124268e-07 	4.124268e-07 	
5.500000e+02 	1.000000e+01 	1.000000e+01 	4.794307e-05 	3.324256e-07 	3.324256e-07 	
5.700000e+02 	1.000000e+01 	1.000000e+01 	3.738386e-05 	2.654068e-07 	2.654068e-07 	
5.900000e+02 	1.000000e+01 	1.000000e+01 	3.039016e-05 	2.343910e-07 	2.343910e-07 	
6.100000e+02 	1.000000e+01 	1.000000e+01 	2.391290e-05 	1.908879e-07 	1.908879e-07 	
6.300000e+02 	1.000000e+01 	1.000000e+01 	1.933213e-05 	1.622041e-07 	1.622041e-07 	
6.500000e+02 	1.000000e+01 	1.000000e+01 	1.577850e-05 	1.337816e-07 	1.337816e-07 	
6.700000e+02 	1.000000e+01 	1.000000e+01 	1.263458e-05 	1.172015e-07 	1.172015e-07 	
6.900000e+02 	1.000000e+01 	1.000000e+01 	1.040553e-05 	9.801841e-08 	9.801841e-08 	
7.100000e+02 	1.000000e+01 	1.000000e+01 	8.587580e-06 	8.706351e-08 	8.706351e-08 	
7.300000e+02 	1.000000e+01 	1.000000e+01 	7.253617e-06 	7.337693e-08 	7.337693e-08 	
7.500000e+02 	1.000000e+01 	1.000000e+01 	5.977957e-06 	5.766005e-08 	5.766005e-08 	
7.700000e+02 	1.000000e+01 	1.000000e+01 	5.100253e-06 	5.347215e-08 	5.347215e-08 	
7.900000e+02 	1.000000e+01 	1.000000e+01 	4.281378e-06 	4.590773e-08 	4.590773e-08 	
8.100000e+02 	1.000000e+01 	1.000000e+01 	3.581055e-06 	3.747574e-08 	3.747574e-08 	
8.300000e+02 	1.000000e+01 	1.000000e+01 	2.999025e-06 	3.001307e-08 	3.001307e-08 	
8.500000e+02 	1.000000e+01 	1.000000e+01 	2.561189e-06 	2.729780e-08 	2.729780e-08 	
8.700000e+02 	1.000000e+01 	1.000000e+01 	2.206940e-06 	2.472466e-08 	2.472466e-08 	
8.900000e+02 	1.000000e+01 	1.000000e+01 	1.875680e-06 	2.052697e-08 	2.052697e-08 	
9.100000e+02 	1.000000e+01 	1.000000e+01 	1.611957e-06 	1.751153e-08 	1.751153e-08 	
9.300000e+02 	1.000000e+01 	1.000000e+01 	1.398972e-06 	1.612212e-08 	1.612212e-08 	
9.500000e+02 	1.000000e+01 	1.000000e+01 	1.220095e-06 	1.502042e-08 	1.502042e-08 	
9.700000e+02 	1.000000e+01 	1.000000e+01 	1.062548e-06 	1.143630e-08 	1.143630e-08 	
9.900000e+02 	1.000000e+01 	1.000000e+01 	9.081758e-07 	1.007512e-08 	1.007512e-08 	
1.010000e+03 	1.000000e+01 	1.000000e+01 	7.985576e-07 	9.084134e-09 	9.084134e-09 	
1.030000e+03 	1.000000e+01 	1.000000e+01 	6.990940e-07 	8.155994e-09 	8.155994e-09 	
1.050000e+03 	1.000000e+01 	1.000000e+01 	6.247528e-07 	7.934678e-09 	7.934678e-09 	
1.070000e+03 	1.000000e+01 	1.000000e+01 	5.380401e-07 	6.856495e-09 	6.856495e-09 	
1.090000e+03 	1.000000e+01 	1.000000e+01 	4.740091e-07 	5.855720e-09 	5.855720e-09 	
1.110000e+03 	1.000000e+01 	1.000000e+01 	4.198482e-07 	5.110634e-09 	5.110634e-09 	
1.130000e+03 	1.000000e+01 	1.000000e+01 	3.583347e-07 	4.374956e-09 	4.374956e-09 	
1.150000e+03 	1.000000e+01 	1.000000e+01 	3.385621e-07 	4.392088e-09 	4.392088e-09 	
1.170000e+03 	1.000000e+01 	1.000000e+01 	2.898971e-07 	3.729057e-09 	3.729057e-09 	
1.190000e+03 	1.000000e+01 	1.000000e+01 	2.623520e-07 	3.371024e-09 	3.371024e-09 	
1.210000e+03 	1.000000e+01 	1.000000e+01 	2.300509e-07 	3.173632e-09 	3.173632e-09 	
1.230000e+03 	1.000000e+01 	1.000000e+01 	2.064146e-07 	2.947001e-09 	2.947001e-09 	
1.250000e+03 	1.000000e+01 	1.000000e+01 	1.898954e-07 	2.621247e-09 	2.621247e-09 	
1.270000e+03 	1.000000e+01 	1.000000e+01 	1.625266e-07 	2.286407e-09 	2.286407e-09 	
1.290000e+03 	1.000000e+01 	1.000000e+01 	1.508004e-07 	2.184819e-09 	2.184819e-09 	
1.310000e+03 	1.000000e+01 	1.000000e+01 	1.327141e-07 	1.892757e-09 	1.892757e-09 	
1.330000e+03 	1.000000e+01 	1.000000e+01 	1.171469e-07 	1.712685e-09 	1.712685e-09 	
1.350000e+03 	1.000000e+01 	1.000000e+01 	1.069708e-07 	1.604121e-09 	1.604121e-09 	
1.370000e+03 	1.000000e+01 	1.000000e+01 	9.644829e-08 	1.447633e-09 	1.447633e-09 	
1.390000e+03 	1.000000e+01 	1.000000e+01 	8.898916e-08 	1.424892e-09 	1.424892e-09 	
1.410000e+03 	1.000000e+01 	1.000000e+01 	7.733981e-08 	1.209927e-09 	1.209927e-09 	
1.430000e+03 	1.000000e+01 	1.000000e+01 	6.957256e-08 	1.135171e-09 	1.135171e-09 	
1.450000e+03 	1.000000e+01 	1.000000e+01 	6.244569e-08 	9.932053e-10 	9.932053e-10 	
1.470000e+03 	1.000000e+01 	1.000000e+01 	5.705941e-08 	9.186562e-10 	9.186562e-10 	
1.490000e+03 	1.000000e+01 	1.000000e+01 	5.225686e-08 	8.509779e-10 	8.509779e-10 	
1.510000e+03 	1.000000e+01 	1.000000e+01 	4.860215e-08 	8.247227e-10 	8.247227e-10 	
1.530000e+03 	1.000000e+01 	1.000000e+01 	4.363530e-08 	7.286681e-10 	7.286681e-10 	
1.550000e+03 	1.000000e+01 	1.000000e+01 	3.819308e-08 	6.736090e-10 	6.736090e-10 	
1.570000e+03 	1.000000e+01 	1.000000e+01 	3.495356e-08 	6.026184e-10 	6.026184e-10 	
1.590000e+03 	1.000000e+01 	1.000000e+01 	3.193932e-08 	5.587974e-10 	5.587974e-10 	
1.610000e+03 	1.000000e+01 	1.000000e+01 	2.869532e-08 	5.127107e-10 	5.127107e-10 	
1.630000e+03 	1.000000e+01 	1.000000e+01 	2.641312e-08 	4.754978e-10 	4.754978e-10 	
1.650000e+03 	1.000000e+01 	1.000000e+01 	2.483796e-08 	4.693129e-10 	4.693129e-10 	
1.670000e+03 	1.000000e+01 	1.000000e+01 	2.164046e-08 	3.974131e-10 	3.974131e-10 	
1.690000e+03 	1.000000e+01 	1.000000e+01 	2.023665e-08 	3.850144e-10 	3.850144e-10 	
1.710000e+03 	1.000000e+01 	1.000000e+01 	1.916977e-08 	3.540289e-10 	3.540289e-10 	
1.730000e+03 	1.000000e+01 	1.000000e+01 	1.665534e-08 	3.270413e-10 	3.270413e-10 	
1.750000e+03 	1.000000e+01 	1.000000e+01 	1.636421e-08 	3.452867e-10 	3.452867e-10 	
1.770000e+03 	1.000000e+01 	1.000000e+01 	1.372157e-08 	2.681683e-10 	2.681683e-10 	
1.790000e+03 	1.000000e+01 	1.000000e+01 	1.293164e-08 	2.577129e-10 	2.577129e-10 	
1.810000e+03 	1.000000e+01 	1.000000e+01 	1.222797e-08 	2.543723e-10 	2.543723e-10 	
1.830000e+03 	1.000000e+01 	1.000000e+01 	1.109957e-08 	2.185486e-10 	2.185486e-10 	
1.850000e+03 	1.000000e+01 	1.000000e+01 	9.841375e-09 	2.165914e-10 	2.165914e-10 	
1.870000e+03 	1.000000e+01 	1.000000e+01 	9.083437e-09 	1.815279e-10 	1.815279e-10 	
1.890000e+03 	1.000000e+01 	1.000000e+01 	8.569668e-09 	1.882550e-10 	1.882550e-10 	
1.910000e+03 	1.000000e+01 	1.000000e+01 	7.760758e-09 	1.632874e-10 	1.632874e-10 	
1.930000e+03 	1.000000e+01 	1.000000e+01 	7.589014e-09 	1.657052e-10 	1.657052e-10 	
1.950000e+03 	1.000000e+01 	1.000000e+01 	6.672020e-09 	1.474321e-10 	1.474321e-10 	
1.970000e+03 	1.000000e+01 	1.000000e+01 	6.078321e-09 	1.270895e-10 	1.270895e-10 	
1.990000e+03 	1.000000e+01 	1.000000e+01 	5.551710e-09 	1.202350e-10 	1.202350e-10 	
END SCATTER2D

BEGIN SCATTER2D /COMETA_ZZ_production_analysis/m3l
Path=/COMETA_ZZ_production_analysis/m3l
ScaledBy=1.35843975118632688e-05
Title=~
# val1       	err1-        	err1+        	val2         	err2-        	err2+        	
5.000000e+00 	5.000000e+00 	5.000000e+00 	0.000000e+00 	0.000000e+00 	0.000000e+00 	
1.500000e+01 	5.000000e+00 	5.000000e+00 	0.000000e+00 	0.000000e+00 	0.000000e+00 	
2.500000e+01 	5.000000e+00 	5.000000e+00 	0.000000e+00 	0.000000e+00 	0.000000e+00 	
3.500000e+01 	5.000000e+00 	5.000000e+00 	0.000000e+00 	0.000000e+00 	0.000000e+00 	
4.500000e+01 	5.000000e+00 	5.000000e+00 	0.000000e+00 	0.000000e+00 	0.000000e+00 	
5.500000e+01 	5.000000e+00 	5.000000e+00 	0.000000e+00 	0.000000e+00 	0.000000e+00 	
6.500000e+01 	5.000000e+00 	5.000000e+00 	0.000000e+00 	0.000000e+00 	0.000000e+00 	
7.500000e+01 	5.000000e+00 	5.000000e+00 	0.000000e+00 	0.000000e+00 	0.000000e+00 	
8.500000e+01 	5.000000e+00 	5.000000e+00 	2.792381e-06 	1.935510e-07 	1.935510e-07 	
9.500000e+01 	5.000000e+00 	5.000000e+00 	3.237168e-04 	2.511524e-06 	2.511524e-06 	
1.050000e+02 	5.000000e+00 	5.000000e+00 	3.331030e-03 	8.990673e-06 	8.990673e-06 	
1.150000e+02 	5.000000e+00 	5.000000e+00 	9.506429e-03 	1.564022e-05 	1.564022e-05 	
1.250000e+02 	5.000000e+00 	5.000000e+00 	1.627141e-02 	2.107239e-05 	2.107239e-05 	
1.350000e+02 	5.000000e+00 	5.000000e+00 	1.983133e-02 	2.465323e-05 	2.465323e-05 	
1.450000e+02 	5.000000e+00 	5.000000e+00 	1.788656e-02 	2.306602e-05 	2.306602e-05 	
1.550000e+02 	5.000000e+00 	5.000000e+00 	1.483099e-02 	2.010136e-05 	2.010136e-05 	
1.650000e+02 	5.000000e+00 	5.000000e+00 	1.186127e-02 	1.729266e-05 	1.729266e-05 	
1.750000e+02 	5.000000e+00 	5.000000e+00 	9.276763e-03 	1.478122e-05 	1.478122e-05 	
1.850000e+02 	5.000000e+00 	5.000000e+00 	7.201348e-03 	1.263844e-05 	1.263844e-05 	
1.950000e+02 	5.000000e+00 	5.000000e+00 	5.590619e-03 	1.081961e-05 	1.081961e-05 	
2.050000e+02 	5.000000e+00 	5.000000e+00 	4.349989e-03 	9.276827e-06 	9.276827e-06 	
2.150000e+02 	5.000000e+00 	5.000000e+00 	3.372416e-03 	7.978747e-06 	7.978747e-06 	
2.250000e+02 	5.000000e+00 	5.000000e+00 	2.644435e-03 	6.893776e-06 	6.893776e-06 	
2.350000e+02 	5.000000e+00 	5.000000e+00 	2.082781e-03 	5.969392e-06 	5.969392e-06 	
2.450000e+02 	5.000000e+00 	5.000000e+00 	1.639306e-03 	5.150948e-06 	5.150948e-06 	
2.550000e+02 	5.000000e+00 	5.000000e+00 	1.312378e-03 	4.526477e-06 	4.526477e-06 	
2.650000e+02 	5.000000e+00 	5.000000e+00 	1.046834e-03 	3.936750e-06 	3.936750e-06 	
2.750000e+02 	5.000000e+00 	5.000000e+00 	8.412808e-04 	3.441732e-06 	3.441732e-06 	
2.850000e+02 	5.000000e+00 	5.000000e+00 	6.791666e-04 	3.012435e-06 	3.012435e-06 	
2.950000e+02 	5.000000e+00 	5.000000e+00 	5.554630e-04 	2.649662e-06 	2.649662e-06 	
3.050000e+02 	5.000000e+00 	5.000000e+00 	4.532159e-04 	2.340638e-06 	2.340638e-06 	
3.150000e+02 	5.000000e+00 	5.000000e+00 	3.734519e-04 	2.054096e-06 	2.054096e-06 	
3.250000e+02 	5.000000e+00 	5.000000e+00 	3.080988e-04 	1.800737e-06 	1.800737e-06 	
3.350000e+02 	5.000000e+00 	5.000000e+00 	2.558043e-04 	1.596867e-06 	1.596867e-06 	
3.450000e+02 	5.000000e+00 	5.000000e+00 	2.124770e-04 	1.431377e-06 	1.431377e-06 	
3.550000e+02 	5.000000e+00 	5.000000e+00 	1.806906e-04 	1.274294e-06 	1.274294e-06 	
3.650000e+02 	5.000000e+00 	5.000000e+00 	1.479278e-04 	1.088777e-06 	1.088777e-06 	
3.750000e+02 	5.000000e+00 	5.000000e+00 	1.256667e-04 	9.708033e-07 	9.708033e-07 	
3.850000e+02 	5.000000e+00 	5.000000e+00 	1.075536e-04 	8.887318e-07 	8.887318e-07 	
3.950000e+02 	5.000000e+00 	5.000000e+00 	9.162808e-05 	7.904261e-07 	7.904261e-07 	
4.050000e+02 	5.000000e+00 	5.000000e+00 	7.810363e-05 	6.793946e-07 	6.793946e-07 	
4.150000e+02 	5.000000e+00 	5.000000e+00 	6.704823e-05 	6.353915e-07 	6.353915e-07 	
4.250000e+02 	5.000000e+00 	5.000000e+00 	5.768901e-05 	5.577893e-07 	5.577893e-07 	
4.350000e+02 	5.000000e+00 	5.000000e+00 	4.898307e-05 	4.905207e-07 	4.905207e-07 	
4.450000e+02 	5.000000e+00 	5.000000e+00 	4.387625e-05 	4.743061e-07 	4.743061e-07 	
4.550000e+02 	5.000000e+00 	5.000000e+00 	3.711482e-05 	3.987005e-07 	3.987005e-07 	
4.650000e+02 	5.000000e+00 	5.000000e+00 	3.234759e-05 	3.675694e-07 	3.675694e-07 	
4.750000e+02 	5.000000e+00 	5.000000e+00 	2.839890e-05 	3.393971e-07 	3.393971e-07 	
4.850000e+02 	5.000000e+00 	5.000000e+00 	2.431154e-05 	2.855689e-07 	2.855689e-07 	
4.950000e+02 	5.000000e+00 	5.000000e+00 	2.184922e-05 	2.767183e-07 	2.767183e-07 	
5.050000e+02 	5.000000e+00 	5.000000e+00 	1.911084e-05 	2.304832e-07 	2.304832e-07 	
5.150000e+02 	5.000000e+00 	5.000000e+00 	1.690743e-05 	2.187057e-07 	2.187057e-07 	
5.250000e+02 	5.000000e+00 	5.000000e+00 	1.423683e-05 	1.835804e-07 	1.835804e-07 	
5.350000e+02 	5.000000e+00 	5.000000e+00 	1.269375e-05 	1.600632e-07 	1.600632e-07 	
5.450000e+02 	5.000000e+00 	5.000000e+00 	1.152957e-05 	1.522730e-07 	1.522730e-07 	
5.550000e+02 	5.000000e+00 	5.000000e+00 	9.999485e-06 	1.405148e-07 	1.405148e-07 	
5.650000e+02 	5.000000e+00 	5.000000e+00 	9.169722e-06 	1.360561e-07 	1.360561e-07 	
5.750000e+02 	5.000000e+00 	5.000000e+00 	8.071628e-06 	1.144321e-07 	1.144321e-07 	
5.850000e+02 	5.000000e+00 	5.000000e+00 	7.188887e-06 	1.005908e-07 	1.005908e-07 	
5.950000e+02 	5.000000e+00 	5.000000e+00 	6.472345e-06 	9.986746e-08 	9.986746e-08 	
6.050000e+02 	5.000000e+00 	5.000000e+00 	5.656536e-06 	8.358093e-08 	8.358093e-08 	
6.150000e+02 	5.000000e+00 	5.000000e+00 	5.200458e-06 	7.303107e-08 	7.303107e-08 	
6.250000e+02 	5.000000e+00 	5.000000e+00 	4.534564e-06 	6.257484e-08 	6.257484e-08 	
6.350000e+02 	5.000000e+00 	5.000000e+00 	4.175658e-06 	5.939321e-08 	5.939321e-08 	
6.450000e+02 	5.000000e+00 	5.000000e+00 	3.829320e-06 	5.969901e-08 	5.969901e-08 	
6.550000e+02 	5.000000e+00 	5.000000e+00 	3.439880e-06 	4.941405e-08 	4.941405e-08 	
6.650000e+02 	5.000000e+00 	5.000000e+00 	3.072046e-06 	4.743835e-08 	4.743835e-08 	
6.750000e+02 	5.000000e+00 	5.000000e+00 	2.772651e-06 	3.986591e-08 	3.986591e-08 	
6.850000e+02 	5.000000e+00 	5.000000e+00 	2.511558e-06 	4.176962e-08 	4.176962e-08 	
6.950000e+02 	5.000000e+00 	5.000000e+00 	2.313608e-06 	3.682433e-08 	3.682433e-08 	
7.050000e+02 	5.000000e+00 	5.000000e+00 	2.056049e-06 	3.132828e-08 	3.132828e-08 	
7.150000e+02 	5.000000e+00 	5.000000e+00 	1.888132e-06 	3.127181e-08 	3.127181e-08 	
7.250000e+02 	5.000000e+00 	5.000000e+00 	1.750157e-06 	2.778162e-08 	2.778162e-08 	
7.350000e+02 	5.000000e+00 	5.000000e+00 	1.580282e-06 	2.479813e-08 	2.479813e-08 	
7.450000e+02 	5.000000e+00 	5.000000e+00 	1.432539e-06 	2.316945e-08 	2.316945e-08 	
7.550000e+02 	5.000000e+00 	5.000000e+00 	1.336259e-06 	2.144019e-08 	2.144019e-08 	
7.650000e+02 	5.000000e+00 	5.000000e+00 	1.258883e-06 	2.079038e-08 	2.079038e-08 	
7.750000e+02 	5.000000e+00 	5.000000e+00 	1.108043e-06 	1.877486e-08 	1.877486e-08 	
7.850000e+02 	5.000000e+00 	5.000000e+00 	1.056880e-06 	1.907298e-08 	1.907298e-08 	
7.950000e+02 	5.000000e+00 	5.000000e+00 	9.501259e-07 	1.662259e-08 	1.662259e-08 	
8.050000e+02 	5.000000e+00 	5.000000e+00 	8.676518e-07 	1.515377e-08 	1.515377e-08 	
8.150000e+02 	5.000000e+00 	5.000000e+00 	7.746310e-07 	1.423976e-08 	1.423976e-08 	
8.250000e+02 	5.000000e+00 	5.000000e+00 	7.410868e-07 	1.339082e-08 	1.339082e-08 	
8.350000e+02 	5.000000e+00 	5.000000e+00 	6.955145e-07 	1.267096e-08 	1.267096e-08 	
8.450000e+02 	5.000000e+00 	5.000000e+00 	6.145306e-07 	1.153017e-08 	1.153017e-08 	
8.550000e+02 	5.000000e+00 	5.000000e+00 	5.852367e-07 	1.113999e-08 	1.113999e-08 	
8.650000e+02 	5.000000e+00 	5.000000e+00 	5.437790e-07 	1.055309e-08 	1.055309e-08 	
8.750000e+02 	5.000000e+00 	5.000000e+00 	4.892912e-07 	9.632230e-09 	9.632230e-09 	
8.850000e+02 	5.000000e+00 	5.000000e+00 	4.474902e-07 	8.858892e-09 	8.858892e-09 	
8.950000e+02 	5.000000e+00 	5.000000e+00 	4.300251e-07 	8.407711e-09 	8.407711e-09 	
9.050000e+02 	5.000000e+00 	5.000000e+00 	3.734839e-07 	7.492971e-09 	7.492971e-09 	
9.150000e+02 	5.000000e+00 	5.000000e+00 	3.605101e-07 	7.266029e-09 	7.266029e-09 	
9.250000e+02 	5.000000e+00 	5.000000e+00 	3.327923e-07 	6.699175e-09 	6.699175e-09 	
9.350000e+02 	5.000000e+00 	5.000000e+00 	3.141590e-07 	6.714733e-09 	6.714733e-09 	
9.450000e+02 	5.000000e+00 	5.000000e+00 	2.947694e-07 	6.064741e-09 	6.064741e-09 	
9.550000e+02 	5.000000e+00 	5.000000e+00 	2.791424e-07 	5.888325e-09 	5.888325e-09 	
9.650000e+02 	5.000000e+00 	5.000000e+00 	2.484446e-07 	5.360289e-09 	5.360289e-09 	
9.750000e+02 	5.000000e+00 	5.000000e+00 	2.382687e-07 	5.021808e-09 	5.021808e-09 	
9.850000e+02 	5.000000e+00 	5.000000e+00 	2.240093e-07 	4.794500e-09 	4.794500e-09 	
9.950000e+02 	5.000000e+00 	5.000000e+00 	2.038600e-07 	4.437430e-09 	4.437430e-09 	
END SCATTER2D

BEGIN SCATTER2D /COMETA_ZZ_production_analysis/mpp
Path=/COMETA_ZZ_production_analysis/mpp
ScaledBy=1.35843975118632688e-05
Title=~
# val1       	err1-        	err1+        	val2         	err2-        	err2+        	
5.000000e+00 	5.000000e+00 	5.000000e+00 	1.128207e-03 	5.431729e-06 	5.431729e-06 	
1.500000e+01 	5.000000e+00 	5.000000e+00 	3.453082e-03 	9.502384e-06 	9.502384e-06 	
2.500000e+01 	5.000000e+00 	5.000000e+00 	5.635999e-03 	1.211966e-05 	1.211966e-05 	
3.500000e+01 	5.000000e+00 	5.000000e+00 	7.765026e-03 	1.428064e-05 	1.428064e-05 	
4.500000e+01 	5.000000e+00 	5.000000e+00 	9.792467e-03 	1.602092e-05 	1.602092e-05 	
5.500000e+01 	5.000000e+00 	5.000000e+00 	1.161522e-02 	1.745630e-05 	1.745630e-05 	
6.500000e+01 	5.000000e+00 	5.000000e+00 	1.304368e-02 	1.861805e-05 	1.861805e-05 	
7.500000e+01 	5.000000e+00 	5.000000e+00 	1.370707e-02 	1.925299e-05 	1.925299e-05 	
8.500000e+01 	5.000000e+00 	5.000000e+00 	1.335221e-02 	1.931100e-05 	1.931100e-05 	
9.500000e+01 	5.000000e+00 	5.000000e+00 	1.182749e-02 	1.820813e-05 	1.820813e-05 	
1.050000e+02 	5.000000e+00 	5.000000e+00 	9.834690e-03 	1.625515e-05 	1.625515e-05 	
1.150000e+02 	5.000000e+00 	5.000000e+00 	7.932026e-03 	1.414912e-05 	1.414912e-05 	
1.250000e+02 	5.000000e+00 	5.000000e+00 	6.251156e-03 	1.215298e-05 	1.215298e-05 	
1.350000e+02 	5.000000e+00 	5.000000e+00 	4.863929e-03 	1.038251e-05 	1.038251e-05 	
1.450000e+02 	5.000000e+00 	5.000000e+00 	3.753125e-03 	8.843988e-06 	8.843988e-06 	
1.550000e+02 	5.000000e+00 	5.000000e+00 	2.897321e-03 	7.518963e-06 	7.518963e-06 	
1.650000e+02 	5.000000e+00 	5.000000e+00 	2.221342e-03 	6.376118e-06 	6.376118e-06 	
1.750000e+02 	5.000000e+00 	5.000000e+00 	1.724208e-03 	5.461725e-06 	5.461725e-06 	
1.850000e+02 	5.000000e+00 	5.000000e+00 	1.327887e-03 	4.632233e-06 	4.632233e-06 	
1.950000e+02 	5.000000e+00 	5.000000e+00 	1.044800e-03 	4.042053e-06 	4.042053e-06 	
2.050000e+02 	5.000000e+00 	5.000000e+00 	8.067153e-04 	3.414173e-06 	3.414173e-06 	
2.150000e+02 	5.000000e+00 	5.000000e+00 	6.414436e-04 	2.992372e-06 	2.992372e-06 	
2.250000e+02 	5.000000e+00 	5.000000e+00 	5.012347e-04 	2.510432e-06 	2.510432e-06 	
2.350000e+02 	5.000000e+00 	5.000000e+00 	4.001379e-04 	2.200849e-06 	2.200849e-06 	
2.450000e+02 	5.000000e+00 	5.000000e+00 	3.166600e-04 	1.873361e-06 	1.873361e-06 	
2.550000e+02 	5.000000e+00 	5.000000e+00 	2.549615e-04 	1.611263e-06 	1.611263e-06 	
2.650000e+02 	5.000000e+00 	5.000000e+00 	2.066032e-04 	1.381514e-06 	1.381514e-06 	
2.750000e+02 	5.000000e+00 	5.000000e+00 	1.681216e-04 	1.200614e-06 	1.200614e-06 	
2.850000e+02 	5.000000e+00 	5.000000e+00 	1.354447e-04 	1.041710e-06 	1.041710e-06 	
2.950000e+02 	5.000000e+00 	5.000000e+00 	1.112951e-04 	9.171124e-07 	9.171124e-07 	
3.050000e+02 	5.000000e+00 	5.000000e+00 	9.261938e-05 	8.107956e-07 	8.107956e-07 	
3.150000e+02 	5.000000e+00 	5.000000e+00 	7.748649e-05 	7.185194e-07 	7.185194e-07 	
3.250000e+02 	5.000000e+00 	5.000000e+00 	6.327084e-05 	6.021767e-07 	6.021767e-07 	
3.350000e+02 	5.000000e+00 	5.000000e+00 	5.232292e-05 	5.159587e-07 	5.159587e-07 	
3.450000e+02 	5.000000e+00 	5.000000e+00 	4.450866e-05 	4.613060e-07 	4.613060e-07 	
3.550000e+02 	5.000000e+00 	5.000000e+00 	3.749307e-05 	4.283404e-07 	4.283404e-07 	
3.650000e+02 	5.000000e+00 	5.000000e+00 	3.099132e-05 	3.494510e-07 	3.494510e-07 	
3.750000e+02 	5.000000e+00 	5.000000e+00 	2.692742e-05 	2.940655e-07 	2.940655e-07 	
3.850000e+02 	5.000000e+00 	5.000000e+00 	2.210258e-05 	2.492560e-07 	2.492560e-07 	
3.950000e+02 	5.000000e+00 	5.000000e+00 	1.971752e-05 	2.457764e-07 	2.457764e-07 	
4.050000e+02 	5.000000e+00 	5.000000e+00 	1.652902e-05 	2.020338e-07 	2.020338e-07 	
4.150000e+02 	5.000000e+00 	5.000000e+00 	1.435881e-05 	1.794345e-07 	1.794345e-07 	
4.250000e+02 	5.000000e+00 	5.000000e+00 	1.214221e-05 	1.548960e-07 	1.548960e-07 	
4.350000e+02 	5.000000e+00 	5.000000e+00 	1.060289e-05 	1.515273e-07 	1.515273e-07 	
4.450000e+02 	5.000000e+00 	5.000000e+00 	9.136805e-06 	1.202279e-07 	1.202279e-07 	
4.550000e+02 	5.000000e+00 	5.000000e+00 	8.043348e-06 	1.182873e-07 	1.182873e-07 	
4.650000e+02 	5.000000e+00 	5.000000e+00 	6.950092e-06 	1.050302e-07 	1.050302e-07 	
4.750000e+02 	5.000000e+00 	5.000000e+00 	5.997442e-06 	8.407859e-08 	8.407859e-08 	
4.850000e+02 	5.000000e+00 	5.000000e+00 	5.197394e-06 	8.015984e-08 	8.015984e-08 	
4.950000e+02 	5.000000e+00 	5.000000e+00 	4.619662e-06 	6.558888e-08 	6.558888e-08 	
5.050000e+02 	5.000000e+00 	5.000000e+00 	4.180839e-06 	6.127553e-08 	6.127553e-08 	
5.150000e+02 	5.000000e+00 	5.000000e+00 	3.687938e-06 	5.387202e-08 	5.387202e-08 	
5.250000e+02 	5.000000e+00 	5.000000e+00 	3.192889e-06 	5.012651e-08 	5.012651e-08 	
5.350000e+02 	5.000000e+00 	5.000000e+00 	2.746100e-06 	4.084282e-08 	4.084282e-08 	
5.450000e+02 	5.000000e+00 	5.000000e+00 	2.433986e-06 	3.755911e-08 	3.755911e-08 	
5.550000e+02 	5.000000e+00 	5.000000e+00 	2.164724e-06 	3.408574e-08 	3.408574e-08 	
5.650000e+02 	5.000000e+00 	5.000000e+00 	2.021194e-06 	3.213597e-08 	3.213597e-08 	
5.750000e+02 	5.000000e+00 	5.000000e+00 	1.782312e-06 	2.802305e-08 	2.802305e-08 	
5.850000e+02 	5.000000e+00 	5.000000e+00 	1.616841e-06 	2.733016e-08 	2.733016e-08 	
5.950000e+02 	5.000000e+00 	5.000000e+00 	1.396210e-06 	2.337553e-08 	2.337553e-08 	
6.050000e+02 	5.000000e+00 	5.000000e+00 	1.303563e-06 	2.178446e-08 	2.178446e-08 	
6.150000e+02 	5.000000e+00 	5.000000e+00 	1.143892e-06 	2.067224e-08 	2.067224e-08 	
6.250000e+02 	5.000000e+00 	5.000000e+00 	1.029010e-06 	1.824244e-08 	1.824244e-08 	
6.350000e+02 	5.000000e+00 	5.000000e+00 	9.467279e-07 	1.702403e-08 	1.702403e-08 	
6.450000e+02 	5.000000e+00 	5.000000e+00 	8.505460e-07 	1.549806e-08 	1.549806e-08 	
6.550000e+02 	5.000000e+00 	5.000000e+00 	7.778592e-07 	1.453296e-08 	1.453296e-08 	
6.650000e+02 	5.000000e+00 	5.000000e+00 	7.114191e-07 	1.340258e-08 	1.340258e-08 	
6.750000e+02 	5.000000e+00 	5.000000e+00 	6.223257e-07 	1.190721e-08 	1.190721e-08 	
6.850000e+02 	5.000000e+00 	5.000000e+00 	5.575820e-07 	1.102679e-08 	1.102679e-08 	
6.950000e+02 	5.000000e+00 	5.000000e+00 	4.972060e-07 	9.984829e-09 	9.984829e-09 	
7.050000e+02 	5.000000e+00 	5.000000e+00 	4.662252e-07 	9.499722e-09 	9.499722e-09 	
7.150000e+02 	5.000000e+00 	5.000000e+00 	4.373619e-07 	9.041480e-09 	9.041480e-09 	
7.250000e+02 	5.000000e+00 	5.000000e+00 	3.769161e-07 	7.819677e-09 	7.819677e-09 	
7.350000e+02 	5.000000e+00 	5.000000e+00 	3.597167e-07 	7.645437e-09 	7.645437e-09 	
7.450000e+02 	5.000000e+00 	5.000000e+00 	3.261751e-07 	7.048662e-09 	7.048662e-09 	
7.550000e+02 	5.000000e+00 	5.000000e+00 	3.037908e-07 	6.714219e-09 	6.714219e-09 	
7.650000e+02 	5.000000e+00 	5.000000e+00 	2.680818e-07 	6.053783e-09 	6.053783e-09 	
7.750000e+02 	5.000000e+00 	5.000000e+00 	2.509779e-07 	5.619742e-09 	5.619742e-09 	
7.850000e+02 	5.000000e+00 	5.000000e+00 	2.336515e-07 	5.289035e-09 	5.289035e-09 	
7.950000e+02 	5.000000e+00 	5.000000e+00 	2.020558e-07 	4.765381e-09 	4.765381e-09 	
END SCATTER2D

BEGIN SCATTER2D /COMETA_ZZ_production_analysis/mee
Path=/COMETA_ZZ_production_analysis/mee
ScaledBy=1.35843975118632688e-05
Title=~
# val1       	err1-        	err1+        	val2         	err2-        	err2+        	
8.125000e+01 	2.500000e-01 	2.500000e-01 	5.980306e-03 	5.488059e-05 	5.488059e-05 	
8.175000e+01 	2.500000e-01 	2.500000e-01 	6.629415e-03 	5.828306e-05 	5.828306e-05 	
8.225000e+01 	2.500000e-01 	2.500000e-01 	7.294879e-03 	6.064100e-05 	6.064100e-05 	
8.275000e+01 	2.500000e-01 	2.500000e-01 	8.188142e-03 	6.449091e-05 	6.449091e-05 	
8.325000e+01 	2.500000e-01 	2.500000e-01 	9.231643e-03 	6.813202e-05 	6.813202e-05 	
8.375000e+01 	2.500000e-01 	2.500000e-01 	1.055495e-02 	7.388842e-05 	7.388842e-05 	
8.425000e+01 	2.500000e-01 	2.500000e-01 	1.204431e-02 	7.784315e-05 	7.784315e-05 	
8.475000e+01 	2.500000e-01 	2.500000e-01 	1.388922e-02 	8.456658e-05 	8.456658e-05 	
8.525000e+01 	2.500000e-01 	2.500000e-01 	1.646275e-02 	9.134291e-05 	9.134291e-05 	
8.575000e+01 	2.500000e-01 	2.500000e-01 	1.925445e-02 	9.793989e-05 	9.793989e-05 	
8.625000e+01 	2.500000e-01 	2.500000e-01 	2.331699e-02 	1.088083e-04 	1.088083e-04 	
8.675000e+01 	2.500000e-01 	2.500000e-01 	2.857615e-02 	1.208871e-04 	1.208871e-04 	
8.725000e+01 	2.500000e-01 	2.500000e-01 	3.566532e-02 	1.351633e-04 	1.351633e-04 	
8.775000e+01 	2.500000e-01 	2.500000e-01 	4.524768e-02 	1.516467e-04 	1.516467e-04 	
8.825000e+01 	2.500000e-01 	2.500000e-01 	5.993967e-02 	1.742125e-04 	1.742125e-04 	
8.875000e+01 	2.500000e-01 	2.500000e-01 	8.097028e-02 	2.021193e-04 	2.021193e-04 	
8.925000e+01 	2.500000e-01 	2.500000e-01 	1.150712e-01 	2.407615e-04 	2.407615e-04 	
8.975000e+01 	2.500000e-01 	2.500000e-01 	1.686923e-01 	2.918396e-04 	2.918396e-04 	
9.025000e+01 	2.500000e-01 	2.500000e-01 	2.499054e-01 	3.555647e-04 	3.555647e-04 	
9.075000e+01 	2.500000e-01 	2.500000e-01 	3.413979e-01 	4.148024e-04 	4.148024e-04 	
9.125000e+01 	2.500000e-01 	2.500000e-01 	3.750584e-01 	4.352610e-04 	4.352610e-04 	
9.175000e+01 	2.500000e-01 	2.500000e-01 	3.107311e-01 	3.958450e-04 	3.958450e-04 	
9.225000e+01 	2.500000e-01 	2.500000e-01 	2.173284e-01 	3.312316e-04 	3.312316e-04 	
9.275000e+01 	2.500000e-01 	2.500000e-01 	1.455728e-01 	2.707004e-04 	2.707004e-04 	
9.325000e+01 	2.500000e-01 	2.500000e-01 	1.004389e-01 	2.248501e-04 	2.248501e-04 	
9.375000e+01 	2.500000e-01 	2.500000e-01 	7.173030e-02 	1.902709e-04 	1.902709e-04 	
9.425000e+01 	2.500000e-01 	2.500000e-01 	5.325484e-02 	1.638753e-04 	1.638753e-04 	
9.475000e+01 	2.500000e-01 	2.500000e-01 	4.081817e-02 	1.429808e-04 	1.429808e-04 	
9.525000e+01 	2.500000e-01 	2.500000e-01 	3.209512e-02 	1.269334e-04 	1.269334e-04 	
9.575000e+01 	2.500000e-01 	2.500000e-01 	2.564165e-02 	1.129298e-04 	1.129298e-04 	
9.625000e+01 	2.500000e-01 	2.500000e-01 	2.107677e-02 	1.022685e-04 	1.022685e-04 	
9.675000e+01 	2.500000e-01 	2.500000e-01 	1.761575e-02 	9.346757e-05 	9.346757e-05 	
9.725000e+01 	2.500000e-01 	2.500000e-01 	1.504494e-02 	8.660081e-05 	8.660081e-05 	
9.775000e+01 	2.500000e-01 	2.500000e-01 	1.274990e-02 	7.954757e-05 	7.954757e-05 	
9.825000e+01 	2.500000e-01 	2.500000e-01 	1.102288e-02 	7.391653e-05 	7.391653e-05 	
9.875000e+01 	2.500000e-01 	2.500000e-01 	9.534273e-03 	6.869437e-05 	6.869437e-05 	
9.925000e+01 	2.500000e-01 	2.500000e-01 	8.535879e-03 	6.486898e-05 	6.486898e-05 	
9.975000e+01 	2.500000e-01 	2.500000e-01 	7.343618e-03 	5.929355e-05 	5.929355e-05 	
1.002500e+02 	2.500000e-01 	2.500000e-01 	6.575038e-03 	5.660784e-05 	5.660784e-05 	
1.007500e+02 	2.500000e-01 	2.500000e-01 	5.801561e-03 	5.293219e-05 	5.293219e-05 	
END SCATTER2D

BEGIN SCATTER2D /COMETA_ZZ_production_analysis/pt4l
Path=/COMETA_ZZ_production_analysis/pt4l
ScaledBy=1.35843975118632688e-05
Title=~
# val1       	err1-        	err1+        	val2         	err2-        	err2+        	
2.500000e+00 	2.500000e+00 	2.500000e+00 	2.746283e-01 	1.176876e-04 	1.176876e-04 	
7.500000e+00 	2.500000e+00 	2.500000e+00 	0.000000e+00 	0.000000e+00 	0.000000e+00 	
1.250000e+01 	2.500000e+00 	2.500000e+00 	0.000000e+00 	0.000000e+00 	0.000000e+00 	
1.750000e+01 	2.500000e+00 	2.500000e+00 	0.000000e+00 	0.000000e+00 	0.000000e+00 	
2.250000e+01 	2.500000e+00 	2.500000e+00 	0.000000e+00 	0.000000e+00 	0.000000e+00 	
2.750000e+01 	2.500000e+00 	2.500000e+00 	0.000000e+00 	0.000000e+00 	0.000000e+00 	
3.250000e+01 	2.500000e+00 	2.500000e+00 	0.000000e+00 	0.000000e+00 	0.000000e+00 	
3.750000e+01 	2.500000e+00 	2.500000e+00 	0.000000e+00 	0.000000e+00 	0.000000e+00 	
4.250000e+01 	2.500000e+00 	2.500000e+00 	0.000000e+00 	0.000000e+00 	0.000000e+00 	
4.750000e+01 	2.500000e+00 	2.500000e+00 	0.000000e+00 	0.000000e+00 	0.000000e+00 	
5.250000e+01 	2.500000e+00 	2.500000e+00 	0.000000e+00 	0.000000e+00 	0.000000e+00 	
5.750000e+01 	2.500000e+00 	2.500000e+00 	0.000000e+00 	0.000000e+00 	0.000000e+00 	
6.250000e+01 	2.500000e+00 	2.500000e+00 	0.000000e+00 	0.000000e+00 	0.000000e+00 	
6.750000e+01 	2.500000e+00 	2.500000e+00 	0.000000e+00 	0.000000e+00 	0.000000e+00 	
7.250000e+01 	2.500000e+00 	2.500000e+00 	0.000000e+00 	0.000000e+00 	0.000000e+00 	
7.750000e+01 	2.500000e+00 	2.500000e+00 	0.000000e+00 	0.000000e+00 	0.000000e+00 	
8.250000e+01 	2.500000e+00 	2.500000e+00 	0.000000e+00 	0.000000e+00 	0.000000e+00 	
8.750000e+01 	2.500000e+00 	2.500000e+00 	0.000000e+00 	0.000000e+00 	0.000000e+00 	
9.250000e+01 	2.500000e+00 	2.500000e+00 	0.000000e+00 	0.000000e+00 	0.000000e+00 	
9.750000e+01 	2.500000e+00 	2.500000e+00 	0.000000e+00 	0.000000e+00 	0.000000e+00 	
1.025000e+02 	2.500000e+00 	2.500000e+00 	0.000000e+00 	0.000000e+00 	0.000000e+00 	
1.075000e+02 	2.500000e+00 	2.500000e+00 	0.000000e+00 	0.000000e+00 	0.000000e+00 	
1.125000e+02 	2.500000e+00 	2.500000e+00 	0.000000e+00 	0.000000e+00 	0.000000e+00 	
1.175000e+02 	2.500000e+00 	2.500000e+00 	0.000000e+00 	0.000000e+00 	0.000000e+00 	
1.225000e+02 	2.500000e+00 	2.500000e+00 	0.000000e+00 	0.000000e+00 	0.000000e+00 	
1.275000e+02 	2.500000e+00 	2.500000e+00 	0.000000e+00 	0.000000e+00 	0.000000e+00 	
1.325000e+02 	2.500000e+00 	2.500000e+00 	0.000000e+00 	0.000000e+00 	0.000000e+00 	
1.375000e+02 	2.500000e+00 	2.500000e+00 	0.000000e+00 	0.000000e+00 	0.000000e+00 	
1.425000e+02 	2.500000e+00 	2.500000e+00 	0.000000e+00 	0.000000e+00 	0.000000e+00 	
1.475000e+02 	2.500000e+00 	2.500000e+00 	0.000000e+00 	0.000000e+00 	0.000000e+00 	
1.525000e+02 	2.500000e+00 	2.500000e+00 	0.000000e+00 	0.000000e+00 	0.000000e+00 	
1.575000e+02 	2.500000e+00 	2.500000e+00 	0.000000e+00 	0.000000e+00 	0.000000e+00 	
1.625000e+02 	2.500000e+00 	2.500000e+00 	0.000000e+00 	0.000000e+00 	0.000000e+00 	
1.675000e+02 	2.500000e+00 	2.500000e+00 	0.000000e+00 	0.000000e+00 	0.000000e+00 	
1.725000e+02 	2.500000e+00 	2.500000e+00 	0.000000e+00 	0.000000e+00 	0.000000e+00 	
1.775000e+02 	2.500000e+00 	2.500000e+00 	0.000000e+00 	0.000000e+00 	0.000000e+00 	
1.825000e+02 	2.500000e+00 	2.500000e+00 	0.000000e+00 	0.000000e+00 	0.000000e+00 	
1.875000e+02 	2.500000e+00 	2.500000e+00 	0.000000e+00 	0.000000e+00 	0.000000e+00 	
1.925000e+02 	2.500000e+00 	2.500000e+00 	0.000000e+00 	0.000000e+00 	0.000000e+00 	
1.975000e+02 	2.500000e+00 	2.500000e+00 	0.000000e+00 	0.000000e+00 	0.000000e+00 	
2.025000e+02 	2.500000e+00 	2.500000e+00 	0.000000e+00 	0.000000e+00 	0.000000e+00 	
2.075000e+02 	2.500000e+00 	2.500000e+00 	0.000000e+00 	0.000000e+00 	0.000000e+00 	
2.125000e+02 	2.500000e+00 	2.500000e+00 	0.000000e+00 	0.000000e+00 	0.000000e+00 	
2.175000e+02 	2.500000e+00 	2.500000e+00 	0.000000e+00 	0.000000e+00 	0.000000e+00 	
2.225000e+02 	2.500000e+00 	2.500000e+00 	0.000000e+00 	0.000000e+00 	0.000000e+00 	
2.275000e+02 	2.500000e+00 	2.500000e+00 	0.000000e+00 	0.000000e+00 	0.000000e+00 	
2.325000e+02 	2.500000e+00 	2.500000e+00 	0.000000e+00 	0.000000e+00 	0.000000e+00 	
2.375000e+02 	2.500000e+00 	2.500000e+00 	0.000000e+00 	0.000000e+00 	0.000000e+00 	
2.425000e+02 	2.500000e+00 	2.500000e+00 	0.000000e+00 	0.000000e+00 	0.000000e+00 	
2.475000e+02 	2.500000e+00 	2.500000e+00 	0.000000e+00 	0.000000e+00 	0.000000e+00 	
2.525000e+02 	2.500000e+00 	2.500000e+00 	0.000000e+00 	0.000000e+00 	0.000000e+00 	
2.575000e+02 	2.500000e+00 	2.500000e+00 	0.000000e+00 	0.000000e+00 	0.000000e+00 	
2.625000e+02 	2.500000e+00 	2.500000e+00 	0.000000e+00 	0.000000e+00 	0.000000e+00 	
2.675000e+02 	2.500000e+00 	2.500000e+00 	0.000000e+00 	0.000000e+00 	0.000000e+00 	
2.725000e+02 	2.500000e+00 	2.500000e+00 	0.000000e+00 	0.000000e+00 	0.000000e+00 	
2.775000e+02 	2.500000e+00 	2.500000e+00 	0.000000e+00 	0.000000e+00 	0.000000e+00 	
2.825000e+02 	2.500000e+00 	2.500000e+00 	0.000000e+00 	0.000000e+00 	0.000000e+00 	
2.875000e+02 	2.500000e+00 	2.500000e+00 	0.000000e+00 	0.000000e+00 	0.000000e+00 	
2.925000e+02 	2.500000e+00 	2.500000e+00 	0.000000e+00 	0.000000e+00 	0.000000e+00 	
2.975000e+02 	2.500000e+00 	2.500000e+00 	0.000000e+00 	0.000000e+00 	0.000000e+00 	
END SCATTER2D

BEGIN SCATTER2D /COMETA_ZZ_production_analysis/ptpp
Path=/COMETA_ZZ_production_analysis/ptpp
ScaledBy=1.35843975118632688e-05
Title=~
# val1       	err1-        	err1+        	val2         	err2-        	err2+        	
7.500000e+00 	7.500000e+00 	7.500000e+00 	6.836287e-03 	1.108407e-05 	1.108407e-05 	
2.250000e+01 	7.500000e+00 	7.500000e+00 	1.235835e-02 	1.477851e-05 	1.477851e-05 	
3.750000e+01 	7.500000e+00 	7.500000e+00 	1.454899e-02 	1.585895e-05 	1.585895e-05 	
5.250000e+01 	7.500000e+00 	7.500000e+00 	1.708524e-02 	1.709786e-05 	1.709786e-05 	
6.750000e+01 	7.500000e+00 	7.500000e+00 	1.915160e-02 	1.804725e-05 	1.804725e-05 	
8.250000e+01 	7.500000e+00 	7.500000e+00 	1.653210e-02 	1.666870e-05 	1.666870e-05 	
9.750000e+01 	7.500000e+00 	7.500000e+00 	3.736055e-03 	6.680624e-06 	6.680624e-06 	
1.125000e+02 	7.500000e+00 	7.500000e+00 	7.586800e-04 	2.060562e-06 	2.060562e-06 	
1.275000e+02 	7.500000e+00 	7.500000e+00 	2.753314e-04 	9.789841e-07 	9.789841e-07 	
1.425000e+02 	7.500000e+00 	7.500000e+00 	1.209809e-04 	5.301571e-07 	5.301571e-07 	
1.575000e+02 	7.500000e+00 	7.500000e+00 	5.950479e-05 	3.101678e-07 	3.101678e-07 	
1.725000e+02 	7.500000e+00 	7.500000e+00 	3.161556e-05 	1.899311e-07 	1.899311e-07 	
1.875000e+02 	7.500000e+00 	7.500000e+00 	1.788672e-05 	1.219792e-07 	1.219792e-07 	
2.025000e+02 	7.500000e+00 	7.500000e+00 	1.060742e-05 	8.132747e-08 	8.132747e-08 	
2.175000e+02 	7.500000e+00 	7.500000e+00 	6.475635e-06 	5.535549e-08 	5.535549e-08 	
2.325000e+02 	7.500000e+00 	7.500000e+00 	4.161559e-06 	3.855820e-08 	3.855820e-08 	
2.475000e+02 	7.500000e+00 	7.500000e+00 	2.710762e-06 	2.763314e-08 	2.763314e-08 	
2.625000e+02 	7.500000e+00 	7.500000e+00 	1.766090e-06 	1.954201e-08 	1.954201e-08 	
2.775000e+02 	7.500000e+00 	7.500000e+00 	1.236295e-06 	1.476797e-08 	1.476797e-08 	
2.925000e+02 	7.500000e+00 	7.500000e+00 	8.476465e-07 	1.077432e-08 	1.077432e-08 	
3.075000e+02 	7.500000e+00 	7.500000e+00 	5.959981e-07 	8.184166e-09 	8.184166e-09 	
3.225000e+02 	7.500000e+00 	7.500000e+00 	4.307896e-07 	6.259509e-09 	6.259509e-09 	
3.375000e+02 	7.500000e+00 	7.500000e+00 	3.173945e-07 	4.914337e-09 	4.914337e-09 	
3.525000e+02 	7.500000e+00 	7.500000e+00 	2.333659e-07 	3.789489e-09 	3.789489e-09 	
3.675000e+02 	7.500000e+00 	7.500000e+00 	1.734662e-07 	2.962016e-09 	2.962016e-09 	
3.825000e+02 	7.500000e+00 	7.500000e+00 	1.298001e-07 	2.304267e-09 	2.304267e-09 	
3.975000e+02 	7.500000e+00 	7.500000e+00 	9.800679e-08 	1.854840e-09 	1.854840e-09 	
4.125000e+02 	7.500000e+00 	7.500000e+00 	7.785706e-08 	1.510355e-09 	1.510355e-09 	
4.275000e+02 	7.500000e+00 	7.500000e+00 	5.943880e-08 	1.202502e-09 	1.202502e-09 	
4.425000e+02 	7.500000e+00 	7.500000e+00 	4.700960e-08 	9.751077e-10 	9.751077e-10 	
4.575000e+02 	7.500000e+00 	7.500000e+00 	3.652534e-08 	7.977398e-10 	7.977398e-10 	
4.725000e+02 	7.500000e+00 	7.500000e+00 	2.898349e-08 	6.537113e-10 	6.537113e-10 	
4.875000e+02 	7.500000e+00 	7.500000e+00 	2.277379e-08 	5.373731e-10 	5.373731e-10 	
5.025000e+02 	7.500000e+00 	7.500000e+00 	1.773982e-08 	4.378485e-10 	4.378485e-10 	
5.175000e+02 	7.500000e+00 	7.500000e+00 	1.494917e-08 	3.789735e-10 	3.789735e-10 	
5.325000e+02 	7.500000e+00 	7.500000e+00 	1.148112e-08 	3.013365e-10 	3.013365e-10 	
5.475000e+02 	7.500000e+00 	7.500000e+00 	9.182320e-09 	2.492656e-10 	2.492656e-10 	
5.625000e+02 	7.500000e+00 	7.500000e+00 	7.387674e-09 	2.053322e-10 	2.053322e-10 	
5.775000e+02 	7.500000e+00 	7.500000e+00 	6.234013e-09 	1.789374e-10 	1.789374e-10 	
5.925000e+02 	7.500000e+00 	7.500000e+00 	4.949947e-09 	1.482301e-10 	1.482301e-10 	
END SCATTER2D

BEGIN SCATTER2D /COMETA_ZZ_production_analysis/ptee
Path=/COMETA_ZZ_production_analysis/ptee
ScaledBy=1.35843975118632688e-05
Title=~
# val1       	err1-        	err1+        	val2         	err2-        	err2+        	
7.500000e+00 	7.500000e+00 	7.500000e+00 	1.794977e-02 	1.754314e-05 	1.754314e-05 	
2.250000e+01 	7.500000e+00 	7.500000e+00 	2.114882e-02 	2.004780e-05 	2.004780e-05 	
3.750000e+01 	7.500000e+00 	7.500000e+00 	1.540829e-02 	1.718366e-05 	1.718366e-05 	
5.250000e+01 	7.500000e+00 	7.500000e+00 	1.197862e-02 	1.482486e-05 	1.482486e-05 	
6.750000e+01 	7.500000e+00 	7.500000e+00 	8.754834e-03 	1.192173e-05 	1.192173e-05 	
8.250000e+01 	7.500000e+00 	7.500000e+00 	5.872531e-03 	9.000446e-06 	9.000446e-06 	
9.750000e+01 	7.500000e+00 	7.500000e+00 	3.750932e-03 	6.565429e-06 	6.565429e-06 	
1.125000e+02 	7.500000e+00 	7.500000e+00 	2.353742e-03 	4.765329e-06 	4.765329e-06 	
1.275000e+02 	7.500000e+00 	7.500000e+00 	1.479762e-03 	3.444720e-06 	3.444720e-06 	
1.425000e+02 	7.500000e+00 	7.500000e+00 	9.456967e-04 	2.500903e-06 	2.500903e-06 	
1.575000e+02 	7.500000e+00 	7.500000e+00 	6.066986e-04 	1.778878e-06 	1.778878e-06 	
1.725000e+02 	7.500000e+00 	7.500000e+00 	3.961489e-04 	1.317228e-06 	1.317228e-06 	
1.875000e+02 	7.500000e+00 	7.500000e+00 	2.645367e-04 	9.707987e-07 	9.707987e-07 	
2.025000e+02 	7.500000e+00 	7.500000e+00 	1.809281e-04 	7.321906e-07 	7.321906e-07 	
2.175000e+02 	7.500000e+00 	7.500000e+00 	1.241299e-04 	5.461686e-07 	5.461686e-07 	
2.325000e+02 	7.500000e+00 	7.500000e+00 	8.694433e-05 	4.282273e-07 	4.282273e-07 	
2.475000e+02 	7.500000e+00 	7.500000e+00 	6.180218e-05 	3.239771e-07 	3.239771e-07 	
2.625000e+02 	7.500000e+00 	7.500000e+00 	4.443493e-05 	2.455410e-07 	2.455410e-07 	
2.775000e+02 	7.500000e+00 	7.500000e+00 	3.252973e-05 	1.962887e-07 	1.962887e-07 	
2.925000e+02 	7.500000e+00 	7.500000e+00 	2.365573e-05 	1.514378e-07 	1.514378e-07 	
3.075000e+02 	7.500000e+00 	7.500000e+00 	1.760560e-05 	1.207309e-07 	1.207309e-07 	
3.225000e+02 	7.500000e+00 	7.500000e+00 	1.316083e-05 	9.860674e-08 	9.860674e-08 	
3.375000e+02 	7.500000e+00 	7.500000e+00 	9.959065e-06 	7.873484e-08 	7.873484e-08 	
3.525000e+02 	7.500000e+00 	7.500000e+00 	7.742031e-06 	6.378925e-08 	6.378925e-08 	
3.675000e+02 	7.500000e+00 	7.500000e+00 	5.959032e-06 	5.048281e-08 	5.048281e-08 	
3.825000e+02 	7.500000e+00 	7.500000e+00 	4.611050e-06 	4.149815e-08 	4.149815e-08 	
3.975000e+02 	7.500000e+00 	7.500000e+00 	3.617814e-06 	3.530631e-08 	3.530631e-08 	
4.125000e+02 	7.500000e+00 	7.500000e+00 	2.888880e-06 	2.922651e-08 	2.922651e-08 	
4.275000e+02 	7.500000e+00 	7.500000e+00 	2.280263e-06 	2.422888e-08 	2.422888e-08 	
4.425000e+02 	7.500000e+00 	7.500000e+00 	1.803920e-06 	1.986642e-08 	1.986642e-08 	
4.575000e+02 	7.500000e+00 	7.500000e+00 	1.441624e-06 	1.630640e-08 	1.630640e-08 	
4.725000e+02 	7.500000e+00 	7.500000e+00 	1.190182e-06 	1.414030e-08 	1.414030e-08 	
4.875000e+02 	7.500000e+00 	7.500000e+00 	9.543107e-07 	1.162246e-08 	1.162246e-08 	
5.025000e+02 	7.500000e+00 	7.500000e+00 	7.833762e-07 	9.619813e-09 	9.619813e-09 	
5.175000e+02 	7.500000e+00 	7.500000e+00 	6.462501e-07 	8.748715e-09 	8.748715e-09 	
5.325000e+02 	7.500000e+00 	7.500000e+00 	5.232049e-07 	7.043951e-09 	7.043951e-09 	
5.475000e+02 	7.500000e+00 	7.500000e+00 	4.240649e-07 	5.720339e-09 	5.720339e-09 	
5.625000e+02 	7.500000e+00 	7.500000e+00 	3.705444e-07 	5.308730e-09 	5.308730e-09 	
5.775000e+02 	7.500000e+00 	7.500000e+00 	2.981986e-07 	4.256567e-09 	4.256567e-09 	
5.925000e+02 	7.500000e+00 	7.500000e+00 	2.473958e-07 	3.750476e-09 	3.750476e-09 	
END SCATTER2D

BEGIN SCATTER2D /COMETA_ZZ_production_analysis/ptep
Path=/COMETA_ZZ_production_analysis/ptep
ScaledBy=1.35843975118632688e-05
Title=~
# val1       	err1-        	err1+        	val2         	err2-        	err2+        	
5.000000e+00 	5.000000e+00 	5.000000e+00 	7.069773e-04 	4.049473e-06 	4.049473e-06 	
1.500000e+01 	5.000000e+00 	5.000000e+00 	6.856576e-03 	1.262819e-05 	1.262819e-05 	
2.500000e+01 	5.000000e+00 	5.000000e+00 	1.761012e-02 	2.096226e-05 	2.096226e-05 	
3.500000e+01 	5.000000e+00 	5.000000e+00 	3.144339e-02 	2.871492e-05 	2.871492e-05 	
4.500000e+01 	5.000000e+00 	5.000000e+00 	3.521772e-02 	3.114756e-05 	3.114756e-05 	
5.500000e+01 	5.000000e+00 	5.000000e+00 	1.952224e-02 	2.315772e-05 	2.315772e-05 	
6.500000e+01 	5.000000e+00 	5.000000e+00 	1.023706e-02 	1.580848e-05 	1.580848e-05 	
7.500000e+01 	5.000000e+00 	5.000000e+00 	5.945702e-03 	1.128605e-05 	1.128605e-05 	
8.500000e+01 	5.000000e+00 	5.000000e+00 	3.565415e-03 	8.104752e-06 	8.104752e-06 	
9.500000e+01 	5.000000e+00 	5.000000e+00 	2.178811e-03 	5.845387e-06 	5.845387e-06 	
1.050000e+02 	5.000000e+00 	5.000000e+00 	1.349182e-03 	4.202897e-06 	4.202897e-06 	
1.150000e+02 	5.000000e+00 	5.000000e+00 	8.550170e-04 	3.053893e-06 	3.053893e-06 	
1.250000e+02 	5.000000e+00 	5.000000e+00 	5.619447e-04 	2.289804e-06 	2.289804e-06 	
1.350000e+02 	5.000000e+00 	5.000000e+00 	3.719437e-04 	1.698352e-06 	1.698352e-06 	
1.450000e+02 	5.000000e+00 	5.000000e+00 	2.494232e-04 	1.279479e-06 	1.279479e-06 	
1.550000e+02 	5.000000e+00 	5.000000e+00 	1.719532e-04 	9.668822e-07 	9.668822e-07 	
1.650000e+02 	5.000000e+00 	5.000000e+00 	1.210787e-04 	7.428722e-07 	7.428722e-07 	
1.750000e+02 	5.000000e+00 	5.000000e+00 	8.729041e-05 	5.831647e-07 	5.831647e-07 	
1.850000e+02 	5.000000e+00 	5.000000e+00 	6.302598e-05 	4.587943e-07 	4.587943e-07 	
1.950000e+02 	5.000000e+00 	5.000000e+00 	4.634667e-05 	3.624664e-07 	3.624664e-07 	
2.050000e+02 	5.000000e+00 	5.000000e+00 	3.444004e-05 	2.895726e-07 	2.895726e-07 	
2.150000e+02 	5.000000e+00 	5.000000e+00 	2.568405e-05 	2.305581e-07 	2.305581e-07 	
2.250000e+02 	5.000000e+00 	5.000000e+00 	1.970603e-05 	1.874561e-07 	1.874561e-07 	
2.350000e+02 	5.000000e+00 	5.000000e+00 	1.477538e-05 	1.524176e-07 	1.524176e-07 	
2.450000e+02 	5.000000e+00 	5.000000e+00 	1.145159e-05 	1.231703e-07 	1.231703e-07 	
2.550000e+02 	5.000000e+00 	5.000000e+00 	9.034086e-06 	1.027604e-07 	1.027604e-07 	
2.650000e+02 	5.000000e+00 	5.000000e+00 	7.143693e-06 	8.490996e-08 	8.490996e-08 	
2.750000e+02 	5.000000e+00 	5.000000e+00 	5.650866e-06 	7.031191e-08 	7.031191e-08 	
2.850000e+02 	5.000000e+00 	5.000000e+00 	4.628501e-06 	6.088630e-08 	6.088630e-08 	
2.950000e+02 	5.000000e+00 	5.000000e+00 	3.581626e-06 	4.972322e-08 	4.972322e-08 	
3.050000e+02 	5.000000e+00 	5.000000e+00 	2.915678e-06 	4.222063e-08 	4.222063e-08 	
3.150000e+02 	5.000000e+00 	5.000000e+00 	2.273461e-06 	3.449124e-08 	3.449124e-08 	
3.250000e+02 	5.000000e+00 	5.000000e+00 	1.868223e-06 	2.955585e-08 	2.955585e-08 	
3.350000e+02 	5.000000e+00 	5.000000e+00 	1.523916e-06 	2.507051e-08 	2.507051e-08 	
3.450000e+02 	5.000000e+00 	5.000000e+00 	1.310692e-06 	2.212947e-08 	2.212947e-08 	
3.550000e+02 	5.000000e+00 	5.000000e+00 	1.049965e-06 	1.846364e-08 	1.846364e-08 	
3.650000e+02 	5.000000e+00 	5.000000e+00 	8.717482e-07 	1.605708e-08 	1.605708e-08 	
3.750000e+02 	5.000000e+00 	5.000000e+00 	7.198220e-07 	1.352231e-08 	1.352231e-08 	
3.850000e+02 	5.000000e+00 	5.000000e+00 	6.093378e-07 	1.175451e-08 	1.175451e-08 	
3.950000e+02 	5.000000e+00 	5.000000e+00 	5.259541e-07 	1.082331e-08 	1.082331e-08 	
END SCATTER2D

BEGIN SCATTER2D /COMETA_ZZ_production_analysis/ptmm
Path=/COMETA_ZZ_production_analysis/ptmm
ScaledBy=1.35843975118632688e-05
Title=~
# val1       	err1-        	err1+        	val2         	err2-        	err2+        	
5.000000e+00 	5.000000e+00 	5.000000e+00 	1.130404e-03 	5.373837e-06 	5.373837e-06 	
1.500000e+01 	5.000000e+00 	5.000000e+00 	7.500347e-03 	1.361548e-05 	1.361548e-05 	
2.500000e+01 	5.000000e+00 	5.000000e+00 	1.814237e-02 	2.148404e-05 	2.148404e-05 	
3.500000e+01 	5.000000e+00 	5.000000e+00 	3.134944e-02 	2.870947e-05 	2.870947e-05 	
4.500000e+01 	5.000000e+00 	5.000000e+00 	3.456229e-02 	3.079963e-05 	3.079963e-05 	
5.500000e+01 	5.000000e+00 	5.000000e+00 	1.914142e-02 	2.280871e-05 	2.280871e-05 	
6.500000e+01 	5.000000e+00 	5.000000e+00 	1.001288e-02 	1.545651e-05 	1.545651e-05 	
7.500000e+01 	5.000000e+00 	5.000000e+00 	5.788782e-03 	1.099375e-05 	1.099375e-05 	
8.500000e+01 	5.000000e+00 	5.000000e+00 	3.506659e-03 	7.925864e-06 	7.925864e-06 	
9.500000e+01 	5.000000e+00 	5.000000e+00 	2.152201e-03 	5.708789e-06 	5.708789e-06 	
1.050000e+02 	5.000000e+00 	5.000000e+00 	1.341704e-03 	4.152171e-06 	4.152171e-06 	
1.150000e+02 	5.000000e+00 	5.000000e+00 	8.551641e-04 	3.046346e-06 	3.046346e-06 	
1.250000e+02 	5.000000e+00 	5.000000e+00 	5.562875e-04 	2.250764e-06 	2.250764e-06 	
1.350000e+02 	5.000000e+00 	5.000000e+00 	3.699514e-04 	1.680644e-06 	1.680644e-06 	
1.450000e+02 	5.000000e+00 	5.000000e+00 	2.528501e-04 	1.278915e-06 	1.278915e-06 	
1.550000e+02 	5.000000e+00 	5.000000e+00 	1.748529e-04 	9.786478e-07 	9.786478e-07 	
1.650000e+02 	5.000000e+00 	5.000000e+00 	1.229789e-04 	7.522722e-07 	7.522722e-07 	
1.750000e+02 	5.000000e+00 	5.000000e+00 	8.664242e-05 	5.770905e-07 	5.770905e-07 	
1.850000e+02 	5.000000e+00 	5.000000e+00 	6.432794e-05 	4.616439e-07 	4.616439e-07 	
1.950000e+02 	5.000000e+00 	5.000000e+00 	4.656950e-05 	3.632693e-07 	3.632693e-07 	
2.050000e+02 	5.000000e+00 	5.000000e+00 	3.487565e-05 	2.932358e-07 	2.932358e-07 	
2.150000e+02 	5.000000e+00 	5.000000e+00 	2.637592e-05 	2.369912e-07 	2.369912e-07 	
2.250000e+02 	5.000000e+00 	5.000000e+00 	1.987206e-05 	1.908112e-07 	1.908112e-07 	
2.350000e+02 	5.000000e+00 	5.000000e+00 	1.516966e-05 	1.554442e-07 	1.554442e-07 	
2.450000e+02 	5.000000e+00 	5.000000e+00 	1.171599e-05 	1.260417e-07 	1.260417e-07 	
2.550000e+02 	5.000000e+00 	5.000000e+00 	9.190205e-06 	1.038008e-07 	1.038008e-07 	
2.650000e+02 	5.000000e+00 	5.000000e+00 	7.296940e-06 	8.714520e-08 	8.714520e-08 	
2.750000e+02 	5.000000e+00 	5.000000e+00 	5.700213e-06 	7.154991e-08 	7.154991e-08 	
2.850000e+02 	5.000000e+00 	5.000000e+00 	4.590102e-06 	5.995677e-08 	5.995677e-08 	
2.950000e+02 	5.000000e+00 	5.000000e+00 	3.633985e-06 	4.990441e-08 	4.990441e-08 	
3.050000e+02 	5.000000e+00 	5.000000e+00 	3.056660e-06 	4.418133e-08 	4.418133e-08 	
3.150000e+02 	5.000000e+00 	5.000000e+00 	2.417799e-06 	3.626346e-08 	3.626346e-08 	
3.250000e+02 	5.000000e+00 	5.000000e+00 	1.917076e-06 	2.974626e-08 	2.974626e-08 	
3.350000e+02 	5.000000e+00 	5.000000e+00 	1.608313e-06 	2.551536e-08 	2.551536e-08 	
3.450000e+02 	5.000000e+00 	5.000000e+00 	1.342478e-06 	2.274255e-08 	2.274255e-08 	
3.550000e+02 	5.000000e+00 	5.000000e+00 	1.110847e-06 	1.982971e-08 	1.982971e-08 	
3.650000e+02 	5.000000e+00 	5.000000e+00 	9.307334e-07 	1.668994e-08 	1.668994e-08 	
3.750000e+02 	5.000000e+00 	5.000000e+00 	7.679404e-07 	1.470377e-08 	1.470377e-08 	
3.850000e+02 	5.000000e+00 	5.000000e+00 	6.522151e-07 	1.284582e-08 	1.284582e-08 	
3.950000e+02 	5.000000e+00 	5.000000e+00 	5.366837e-07 	1.074244e-08 	1.074244e-08 	
END SCATTER2D

BEGIN SCATTER2D /COMETA_ZZ_production_analysis/yep
Path=/COMETA_ZZ_production_analysis/yep
ScaledBy=1.35843975118632688e-05
Title=~
# val1       	err1-        	err1+        	val2         	err2-        	err2+        	
-2.375000e+00	1.250000e-01 	1.250000e-01 	1.173805e-01 	3.866966e-04 	3.866966e-04 	
-2.125000e+00	1.250000e-01 	1.250000e-01 	1.658118e-01 	4.504601e-04 	4.504601e-04 	
-1.875000e+00	1.250000e-01 	1.250000e-01 	2.029908e-01 	4.884092e-04 	4.884092e-04 	
-1.625000e+00	1.250000e-01 	1.250000e-01 	2.390707e-01 	5.172751e-04 	5.172751e-04 	
-1.375000e+00	1.250000e-01 	1.250000e-01 	2.744950e-01 	5.390917e-04 	5.390917e-04 	
-1.125000e+00	1.250000e-01 	1.250000e-01 	3.066071e-01 	5.536203e-04 	5.536203e-04 	
-8.750000e-01	1.250000e-01 	1.250000e-01 	3.350906e-01 	5.643567e-04 	5.643567e-04 	
-6.250000e-01	1.250000e-01 	1.250000e-01 	3.565347e-01 	5.691358e-04 	5.691358e-04 	
-3.750000e-01	1.250000e-01 	1.250000e-01 	3.709053e-01 	5.714025e-04 	5.714025e-04 	
-1.250000e-01	1.250000e-01 	1.250000e-01 	3.782984e-01 	5.717104e-04 	5.717104e-04 	
1.250000e-01 	1.250000e-01 	1.250000e-01 	3.780419e-01 	5.708919e-04 	5.708919e-04 	
3.750000e-01 	1.250000e-01 	1.250000e-01 	3.716410e-01 	5.710304e-04 	5.710304e-04 	
6.250000e-01 	1.250000e-01 	1.250000e-01 	3.558564e-01 	5.668785e-04 	5.668785e-04 	
8.750000e-01 	1.250000e-01 	1.250000e-01 	3.330078e-01 	5.607230e-04 	5.607230e-04 	
1.125000e+00 	1.250000e-01 	1.250000e-01 	3.069205e-01 	5.545375e-04 	5.545375e-04 	
1.375000e+00 	1.250000e-01 	1.250000e-01 	2.745418e-01 	5.396937e-04 	5.396937e-04 	
1.625000e+00 	1.250000e-01 	1.250000e-01 	2.398242e-01 	5.226356e-04 	5.226356e-04 	
1.875000e+00 	1.250000e-01 	1.250000e-01 	2.022449e-01 	4.972860e-04 	4.972860e-04 	
2.125000e+00 	1.250000e-01 	1.250000e-01 	1.656386e-01 	4.662820e-04 	4.662820e-04 	
2.375000e+00 	1.250000e-01 	1.250000e-01 	1.176645e-01 	4.053396e-04 	4.053396e-04 	
END SCATTER2D

BEGIN SCATTER2D /COMETA_ZZ_production_analysis/ymm
Path=/COMETA_ZZ_production_analysis/ymm
ScaledBy=1.35843975118632688e-05
Title=~
# val1       	err1-        	err1+        	val2         	err2-        	err2+        	
-2.375000e+00	1.250000e-01 	1.250000e-01 	1.246930e-01 	3.774418e-04 	3.774418e-04 	
-2.125000e+00	1.250000e-01 	1.250000e-01 	1.581381e-01 	4.240771e-04 	4.240771e-04 	
-1.875000e+00	1.250000e-01 	1.250000e-01 	1.941066e-01 	4.673134e-04 	4.673134e-04 	
-1.625000e+00	1.250000e-01 	1.250000e-01 	2.305412e-01 	5.016009e-04 	5.016009e-04 	
-1.375000e+00	1.250000e-01 	1.250000e-01 	2.650699e-01 	5.281878e-04 	5.281878e-04 	
-1.125000e+00	1.250000e-01 	1.250000e-01 	2.974527e-01 	5.486814e-04 	5.486814e-04 	
-8.750000e-01	1.250000e-01 	1.250000e-01 	3.238817e-01 	5.606815e-04 	5.606815e-04 	
-6.250000e-01	1.250000e-01 	1.250000e-01 	3.451115e-01 	5.651779e-04 	5.651779e-04 	
-3.750000e-01	1.250000e-01 	1.250000e-01 	3.602039e-01 	5.701821e-04 	5.701821e-04 	
-1.250000e-01	1.250000e-01 	1.250000e-01 	3.685778e-01 	5.727600e-04 	5.727600e-04 	
1.250000e-01 	1.250000e-01 	1.250000e-01 	3.694398e-01 	5.738857e-04 	5.738857e-04 	
3.750000e-01 	1.250000e-01 	1.250000e-01 	3.598701e-01 	5.687283e-04 	5.687283e-04 	
6.250000e-01 	1.250000e-01 	1.250000e-01 	3.464647e-01 	5.675086e-04 	5.675086e-04 	
8.750000e-01 	1.250000e-01 	1.250000e-01 	3.238286e-01 	5.590411e-04 	5.590411e-04 	
1.125000e+00 	1.250000e-01 	1.250000e-01 	2.966420e-01 	5.480133e-04 	5.480133e-04 	
1.375000e+00 	1.250000e-01 	1.250000e-01 	2.648853e-01 	5.296782e-04 	5.296782e-04 	
1.625000e+00 	1.250000e-01 	1.250000e-01 	2.301572e-01 	5.064255e-04 	5.064255e-04 	
1.875000e+00 	1.250000e-01 	1.250000e-01 	1.931674e-01 	4.741146e-04 	4.741146e-04 	
2.125000e+00 	1.250000e-01 	1.250000e-01 	1.581001e-01 	4.357965e-04 	4.357965e-04 	
2.375000e+00 	1.250000e-01 	1.250000e-01 	1.249730e-01 	3.920757e-04 	3.920757e-04 	
END SCATTER2D

BEGIN SCATTER2D /COMETA_ZZ_production_analysis/yee
Path=/COMETA_ZZ_production_analysis/yee
ScaledBy=1.35843975118632688e-05
Title=~
# val1       	err1-        	err1+        	val2         	err2-        	err2+        	
-2.875000e+00	1.250000e-01 	1.250000e-01 	0.000000e+00 	0.000000e+00 	0.000000e+00 	
-2.625000e+00	1.250000e-01 	1.250000e-01 	0.000000e+00 	0.000000e+00 	0.000000e+00 	
-2.375000e+00	1.250000e-01 	1.250000e-01 	2.010036e-02 	1.567333e-04 	1.567333e-04 	
-2.125000e+00	1.250000e-01 	1.250000e-01 	8.364143e-02 	3.209361e-04 	3.209361e-04 	
-1.875000e+00	1.250000e-01 	1.250000e-01 	1.566009e-01 	4.406159e-04 	4.406159e-04 	
-1.625000e+00	1.250000e-01 	1.250000e-01 	2.254899e-01 	5.189553e-04 	5.189553e-04 	
-1.375000e+00	1.250000e-01 	1.250000e-01 	2.862370e-01 	5.702716e-04 	5.702716e-04 	
-1.125000e+00	1.250000e-01 	1.250000e-01 	3.361962e-01 	5.996121e-04 	5.996121e-04 	
-8.750000e-01	1.250000e-01 	1.250000e-01 	3.755080e-01 	6.113263e-04 	6.113263e-04 	
-6.250000e-01	1.250000e-01 	1.250000e-01 	4.039999e-01 	6.098474e-04 	6.098474e-04 	
-3.750000e-01	1.250000e-01 	1.250000e-01 	4.244573e-01 	6.063152e-04 	6.063152e-04 	
-1.250000e-01	1.250000e-01 	1.250000e-01 	4.332577e-01 	6.007967e-04 	6.007967e-04 	
1.250000e-01 	1.250000e-01 	1.250000e-01 	4.341536e-01 	6.007499e-04 	6.007499e-04 	
3.750000e-01 	1.250000e-01 	1.250000e-01 	4.243555e-01 	6.039851e-04 	6.039851e-04 	
6.250000e-01 	1.250000e-01 	1.250000e-01 	4.037182e-01 	6.071166e-04 	6.071166e-04 	
8.750000e-01 	1.250000e-01 	1.250000e-01 	3.750212e-01 	6.056552e-04 	6.056552e-04 	
1.125000e+00 	1.250000e-01 	1.250000e-01 	3.371600e-01 	5.975816e-04 	5.975816e-04 	
1.375000e+00 	1.250000e-01 	1.250000e-01 	2.868383e-01 	5.721700e-04 	5.721700e-04 	
1.625000e+00 	1.250000e-01 	1.250000e-01 	2.262294e-01 	5.303978e-04 	5.303978e-04 	
1.875000e+00 	1.250000e-01 	1.250000e-01 	1.561551e-01 	4.592233e-04 	4.592233e-04 	
2.125000e+00 	1.250000e-01 	1.250000e-01 	8.340187e-02 	3.493844e-04 	3.493844e-04 	
2.375000e+00 	1.250000e-01 	1.250000e-01 	2.004472e-02 	1.740785e-04 	1.740785e-04 	
2.625000e+00 	1.250000e-01 	1.250000e-01 	0.000000e+00 	0.000000e+00 	0.000000e+00 	
2.875000e+00 	1.250000e-01 	1.250000e-01 	0.000000e+00 	0.000000e+00 	0.000000e+00 	
END SCATTER2D

BEGIN SCATTER2D /COMETA_ZZ_production_analysis/dyee
Path=/COMETA_ZZ_production_analysis/dyee
ScaledBy=1.35843975118632688e-05
Title=~
# val1       	err1-        	err1+        	val2         	err2-        	err2+        	
1.250000e-01 	1.250000e-01 	1.250000e-01 	9.196713e-01 	9.733313e-04 	9.733313e-04 	
3.750000e-01 	1.250000e-01 	1.250000e-01 	8.632627e-01 	9.361396e-04 	9.361396e-04 	
6.250000e-01 	1.250000e-01 	1.250000e-01 	7.771567e-01 	8.785856e-04 	8.785856e-04 	
8.750000e-01 	1.250000e-01 	1.250000e-01 	6.755775e-01 	8.114548e-04 	8.114548e-04 	
1.125000e+00 	1.250000e-01 	1.250000e-01 	5.664379e-01 	7.388600e-04 	7.388600e-04 	
1.375000e+00 	1.250000e-01 	1.250000e-01 	4.580966e-01 	6.640753e-04 	6.640753e-04 	
1.625000e+00 	1.250000e-01 	1.250000e-01 	3.599593e-01 	5.926579e-04 	5.926579e-04 	
1.875000e+00 	1.250000e-01 	1.250000e-01 	2.742010e-01 	5.246707e-04 	5.246707e-04 	
2.125000e+00 	1.250000e-01 	1.250000e-01 	2.019030e-01 	4.605043e-04 	4.605043e-04 	
2.375000e+00 	1.250000e-01 	1.250000e-01 	1.432798e-01 	3.950125e-04 	3.950125e-04 	
2.625000e+00 	1.250000e-01 	1.250000e-01 	9.839208e-02 	3.354928e-04 	3.354928e-04 	
2.875000e+00 	1.250000e-01 	1.250000e-01 	6.513066e-02 	2.787444e-04 	2.787444e-04 	
3.125000e+00 	1.250000e-01 	1.250000e-01 	4.048692e-02 	2.245663e-04 	2.245663e-04 	
3.375000e+00 	1.250000e-01 	1.250000e-01 	2.402573e-02 	1.752174e-04 	1.752174e-04 	
3.625000e+00 	1.250000e-01 	1.250000e-01 	1.347972e-02 	1.325306e-04 	1.325306e-04 	
3.875000e+00 	1.250000e-01 	1.250000e-01 	6.734655e-03 	9.530856e-05 	9.530856e-05 	
4.125000e+00 	1.250000e-01 	1.250000e-01 	3.203714e-03 	6.594766e-05 	6.594766e-05 	
4.375000e+00 	1.250000e-01 	1.250000e-01 	1.234579e-03 	4.163265e-05 	4.163265e-05 	
4.625000e+00 	1.250000e-01 	1.250000e-01 	3.049114e-04 	1.904730e-05 	1.904730e-05 	
4.875000e+00 	1.250000e-01 	1.250000e-01 	2.788943e-05 	5.674072e-06 	5.674072e-06 	
END SCATTER2D

BEGIN SCATTER2D /COMETA_ZZ_production_analysis/dypp
Path=/COMETA_ZZ_production_analysis/dypp
ScaledBy=1.35843975118632688e-05
Title=~
# val1       	err1-        	err1+        	val2         	err2-        	err2+        	
1.250000e-01 	1.250000e-01 	1.250000e-01 	8.949995e-01 	1.005226e-03 	1.005226e-03 	
3.750000e-01 	1.250000e-01 	1.250000e-01 	8.469441e-01 	9.620975e-04 	9.620975e-04 	
6.250000e-01 	1.250000e-01 	1.250000e-01 	7.626717e-01 	8.922952e-04 	8.922952e-04 	
8.750000e-01 	1.250000e-01 	1.250000e-01 	6.596549e-01 	8.087018e-04 	8.087018e-04 	
1.125000e+00 	1.250000e-01 	1.250000e-01 	5.516390e-01 	7.223120e-04 	7.223120e-04 	
1.375000e+00 	1.250000e-01 	1.250000e-01 	4.506161e-01 	6.427444e-04 	6.427444e-04 	
1.625000e+00 	1.250000e-01 	1.250000e-01 	3.582138e-01 	5.666635e-04 	5.666635e-04 	
1.875000e+00 	1.250000e-01 	1.250000e-01 	2.773355e-01 	4.960217e-04 	4.960217e-04 	
2.125000e+00 	1.250000e-01 	1.250000e-01 	2.113444e-01 	4.355219e-04 	4.355219e-04 	
2.375000e+00 	1.250000e-01 	1.250000e-01 	1.559551e-01 	3.770320e-04 	3.770320e-04 	
2.625000e+00 	1.250000e-01 	1.250000e-01 	1.122027e-01 	3.237411e-04 	3.237411e-04 	
2.875000e+00 	1.250000e-01 	1.250000e-01 	7.763945e-02 	2.731409e-04 	2.731409e-04 	
3.125000e+00 	1.250000e-01 	1.250000e-01 	5.259386e-02 	2.294528e-04 	2.294528e-04 	
3.375000e+00 	1.250000e-01 	1.250000e-01 	3.407029e-02 	1.876716e-04 	1.876716e-04 	
3.625000e+00 	1.250000e-01 	1.250000e-01 	2.114672e-02 	1.521754e-04 	1.521754e-04 	
3.875000e+00 	1.250000e-01 	1.250000e-01 	1.254189e-02 	1.192422e-04 	1.192422e-04 	
4.125000e+00 	1.250000e-01 	1.250000e-01 	7.033820e-03 	9.005679e-05 	9.005679e-05 	
4.375000e+00 	1.250000e-01 	1.250000e-01 	3.623309e-03 	6.555162e-05 	6.555162e-05 	
4.625000e+00 	1.250000e-01 	1.250000e-01 	1.693315e-03 	4.640529e-05 	4.640529e-05 	
4.875000e+00 	1.250000e-01 	1.250000e-01 	5.670450e-04 	2.683077e-05 	2.683077e-05 	
END SCATTER2D

BEGIN SCATTER2D /COMETA_ZZ_production_analysis/dyez
Path=/COMETA_ZZ_production_analysis/dyez
ScaledBy=1.35843975118632688e-05
Title=~
# val1       	err1-        	err1+        	val2         	err2-        	err2+        	
1.250000e-01 	1.250000e-01 	1.250000e-01 	1.088053e+00 	1.142006e-03 	1.142006e-03 	
3.750000e-01 	1.250000e-01 	1.250000e-01 	9.893137e-01 	1.054698e-03 	1.054698e-03 	
6.250000e-01 	1.250000e-01 	1.250000e-01 	8.388170e-01 	9.245365e-04 	9.245365e-04 	
8.750000e-01 	1.250000e-01 	1.250000e-01 	6.781485e-01 	7.898170e-04 	7.898170e-04 	
1.125000e+00 	1.250000e-01 	1.250000e-01 	5.318811e-01 	6.740486e-04 	6.740486e-04 	
1.375000e+00 	1.250000e-01 	1.250000e-01 	4.100017e-01 	5.840068e-04 	5.840068e-04 	
1.625000e+00 	1.250000e-01 	1.250000e-01 	3.070525e-01 	5.063995e-04 	5.063995e-04 	
1.875000e+00 	1.250000e-01 	1.250000e-01 	2.229558e-01 	4.354810e-04 	4.354810e-04 	
2.125000e+00 	1.250000e-01 	1.250000e-01 	1.568741e-01 	3.740357e-04 	3.740357e-04 	
2.375000e+00 	1.250000e-01 	1.250000e-01 	1.058249e-01 	3.133802e-04 	3.133802e-04 	
2.625000e+00 	1.250000e-01 	1.250000e-01 	6.806309e-02 	2.561358e-04 	2.561358e-04 	
2.875000e+00 	1.250000e-01 	1.250000e-01 	4.240592e-02 	2.058653e-04 	2.058653e-04 	
3.125000e+00 	1.250000e-01 	1.250000e-01 	2.521826e-02 	1.614111e-04 	1.614111e-04 	
3.375000e+00 	1.250000e-01 	1.250000e-01 	1.423143e-02 	1.239077e-04 	1.239077e-04 	
3.625000e+00 	1.250000e-01 	1.250000e-01 	7.486017e-03 	9.229480e-05 	9.229480e-05 	
3.875000e+00 	1.250000e-01 	1.250000e-01 	3.746693e-03 	6.726071e-05 	6.726071e-05 	
4.125000e+00 	1.250000e-01 	1.250000e-01 	1.602980e-03 	4.359942e-05 	4.359942e-05 	
4.375000e+00 	1.250000e-01 	1.250000e-01 	6.752580e-04 	2.896363e-05 	2.896363e-05 	
4.625000e+00 	1.250000e-01 	1.250000e-01 	1.786319e-04 	1.379812e-05 	1.379812e-05 	
4.875000e+00 	1.250000e-01 	1.250000e-01 	3.145980e-05 	5.176816e-06 	5.176816e-06 	
END SCATTER2D

BEGIN SCATTER2D /COMETA_ZZ_production_analysis/dphiee
Path=/COMETA_ZZ_production_analysis/dphiee
ScaledBy=1.35843975118632688e-05
Title=~
# val1       	err1-        	err1+        	val2         	err2-        	err2+        	
3.000000e+00 	3.000000e+00 	3.000000e+00 	8.649919e-04 	4.970766e-06 	4.970766e-06 	
9.000000e+00 	3.000000e+00 	3.000000e+00 	8.869088e-04 	5.055598e-06 	5.055598e-06 	
1.500000e+01 	3.000000e+00 	3.000000e+00 	9.435820e-04 	5.172169e-06 	5.172169e-06 	
2.100000e+01 	3.000000e+00 	3.000000e+00 	1.005615e-03 	5.273204e-06 	5.273204e-06 	
2.700000e+01 	3.000000e+00 	3.000000e+00 	1.105173e-03 	5.414887e-06 	5.414887e-06 	
3.300000e+01 	3.000000e+00 	3.000000e+00 	1.255220e-03 	5.694064e-06 	5.694064e-06 	
3.900000e+01 	3.000000e+00 	3.000000e+00 	1.454288e-03 	6.090616e-06 	6.090616e-06 	
4.500000e+01 	3.000000e+00 	3.000000e+00 	1.688629e-03 	6.536168e-06 	6.536168e-06 	
5.100000e+01 	3.000000e+00 	3.000000e+00 	1.976808e-03 	7.143441e-06 	7.143441e-06 	
5.700000e+01 	3.000000e+00 	3.000000e+00 	2.340048e-03 	7.893058e-06 	7.893058e-06 	
6.300000e+01 	3.000000e+00 	3.000000e+00 	2.731383e-03 	8.727827e-06 	8.727827e-06 	
6.900000e+01 	3.000000e+00 	3.000000e+00 	3.220198e-03 	9.721778e-06 	9.721778e-06 	
7.500000e+01 	3.000000e+00 	3.000000e+00 	3.743086e-03 	1.084254e-05 	1.084254e-05 	
8.100000e+01 	3.000000e+00 	3.000000e+00 	4.334454e-03 	1.201536e-05 	1.201536e-05 	
8.700000e+01 	3.000000e+00 	3.000000e+00 	5.001645e-03 	1.331797e-05 	1.331797e-05 	
9.300000e+01 	3.000000e+00 	3.000000e+00 	5.664149e-03 	1.461364e-05 	1.461364e-05 	
9.900000e+01 	3.000000e+00 	3.000000e+00 	6.376850e-03 	1.589648e-05 	1.589648e-05 	
1.050000e+02 	3.000000e+00 	3.000000e+00 	7.112172e-03 	1.725974e-05 	1.725974e-05 	
1.110000e+02 	3.000000e+00 	3.000000e+00 	7.792603e-03 	1.843426e-05 	1.843426e-05 	
1.170000e+02 	3.000000e+00 	3.000000e+00 	8.544769e-03 	1.970151e-05 	1.970151e-05 	
1.230000e+02 	3.000000e+00 	3.000000e+00 	9.218725e-03 	2.072513e-05 	2.072513e-05 	
1.290000e+02 	3.000000e+00 	3.000000e+00 	9.910956e-03 	2.167512e-05 	2.167512e-05 	
1.350000e+02 	3.000000e+00 	3.000000e+00 	1.069166e-02 	2.257916e-05 	2.257916e-05 	
1.410000e+02 	3.000000e+00 	3.000000e+00 	1.167592e-02 	2.348916e-05 	2.348916e-05 	
1.470000e+02 	3.000000e+00 	3.000000e+00 	1.309580e-02 	2.468411e-05 	2.468411e-05 	
1.530000e+02 	3.000000e+00 	3.000000e+00 	1.494404e-02 	2.593543e-05 	2.593543e-05 	
1.590000e+02 	3.000000e+00 	3.000000e+00 	1.762871e-02 	2.798053e-05 	2.798053e-05 	
1.650000e+02 	3.000000e+00 	3.000000e+00 	2.099052e-02 	3.053153e-05 	3.053153e-05 	
1.710000e+02 	3.000000e+00 	3.000000e+00 	2.461888e-02 	3.272377e-05 	3.272377e-05 	
1.770000e+02 	3.000000e+00 	3.000000e+00 	2.803915e-02 	3.358120e-05 	3.358120e-05 	
END SCATTER2D

BEGIN SCATTER2D /COMETA_ZZ_production_analysis/dphipp
Path=/COMETA_ZZ_production_analysis/dphipp
ScaledBy=1.35843975118632688e-05
Title=~
# val1       	err1-        	err1+        	val2         	err2-        	err2+        	
3.000000e+00 	3.000000e+00 	3.000000e+00 	5.643734e-03 	1.546231e-05 	1.546231e-05 	
9.000000e+00 	3.000000e+00 	3.000000e+00 	5.730901e-03 	1.562118e-05 	1.562118e-05 	
1.500000e+01 	3.000000e+00 	3.000000e+00 	5.740960e-03 	1.559091e-05 	1.559091e-05 	
2.100000e+01 	3.000000e+00 	3.000000e+00 	5.782597e-03 	1.565978e-05 	1.565978e-05 	
2.700000e+01 	3.000000e+00 	3.000000e+00 	5.859768e-03 	1.577120e-05 	1.577120e-05 	
3.300000e+01 	3.000000e+00 	3.000000e+00 	5.928381e-03 	1.590268e-05 	1.590268e-05 	
3.900000e+01 	3.000000e+00 	3.000000e+00 	6.022940e-03 	1.604477e-05 	1.604477e-05 	
4.500000e+01 	3.000000e+00 	3.000000e+00 	6.164751e-03 	1.624958e-05 	1.624958e-05 	
5.100000e+01 	3.000000e+00 	3.000000e+00 	6.265748e-03 	1.639169e-05 	1.639169e-05 	
5.700000e+01 	3.000000e+00 	3.000000e+00 	6.371880e-03 	1.653009e-05 	1.653009e-05 	
6.300000e+01 	3.000000e+00 	3.000000e+00 	6.557277e-03 	1.681613e-05 	1.681613e-05 	
6.900000e+01 	3.000000e+00 	3.000000e+00 	6.729922e-03 	1.702935e-05 	1.702935e-05 	
7.500000e+01 	3.000000e+00 	3.000000e+00 	6.904997e-03 	1.720454e-05 	1.720454e-05 	
8.100000e+01 	3.000000e+00 	3.000000e+00 	7.094826e-03 	1.745915e-05 	1.745915e-05 	
8.700000e+01 	3.000000e+00 	3.000000e+00 	7.289688e-03 	1.767693e-05 	1.767693e-05 	
9.300000e+01 	3.000000e+00 	3.000000e+00 	7.528003e-03 	1.796827e-05 	1.796827e-05 	
9.900000e+01 	3.000000e+00 	3.000000e+00 	7.700570e-03 	1.808525e-05 	1.808525e-05 	
1.050000e+02 	3.000000e+00 	3.000000e+00 	7.926119e-03 	1.831269e-05 	1.831269e-05 	
1.110000e+02 	3.000000e+00 	3.000000e+00 	8.201665e-03 	1.860585e-05 	1.860585e-05 	
1.170000e+02 	3.000000e+00 	3.000000e+00 	8.413398e-03 	1.877763e-05 	1.877763e-05 	
1.230000e+02 	3.000000e+00 	3.000000e+00 	8.646908e-03 	1.900795e-05 	1.900795e-05 	
1.290000e+02 	3.000000e+00 	3.000000e+00 	8.848229e-03 	1.911051e-05 	1.911051e-05 	
1.350000e+02 	3.000000e+00 	3.000000e+00 	9.101090e-03 	1.937549e-05 	1.937549e-05 	
1.410000e+02 	3.000000e+00 	3.000000e+00 	9.273848e-03 	1.944175e-05 	1.944175e-05 	
1.470000e+02 	3.000000e+00 	3.000000e+00 	9.493185e-03 	1.969710e-05 	1.969710e-05 	
1.530000e+02 	3.000000e+00 	3.000000e+00 	9.666091e-03 	1.992180e-05 	1.992180e-05 	
1.590000e+02 	3.000000e+00 	3.000000e+00 	9.845984e-03 	2.013524e-05 	2.013524e-05 	
1.650000e+02 	3.000000e+00 	3.000000e+00 	9.960464e-03 	2.026008e-05 	2.026008e-05 	
1.710000e+02 	3.000000e+00 	3.000000e+00 	1.005310e-02 	2.034672e-05 	2.034672e-05 	
1.770000e+02 	3.000000e+00 	3.000000e+00 	1.010992e-02 	2.042230e-05 	2.042230e-05 	
END SCATTER2D

BEGIN SCATTER2D /COMETA_ZZ_production_analysis/dree
Path=/COMETA_ZZ_production_analysis/dree
ScaledBy=1.35843975118632688e-05
Title=~
# val1       	err1-        	err1+        	val2         	err2-        	err2+        	
1.000000e-01 	1.000000e-01 	1.000000e-01 	2.949997e-06 	3.119721e-08 	3.119721e-08 	
3.000000e-01 	1.000000e-01 	1.000000e-01 	3.107093e-04 	1.684428e-06 	1.684428e-06 	
5.000000e-01 	1.000000e-01 	1.000000e-01 	2.980386e-03 	1.203762e-05 	1.203762e-05 	
7.000000e-01 	1.000000e-01 	1.000000e-01 	1.222445e-02 	4.066274e-05 	4.066274e-05 	
9.000000e-01 	1.000000e-01 	1.000000e-01 	3.251684e-02 	9.339762e-05 	9.339762e-05 	
1.100000e+00 	1.000000e-01 	1.000000e-01 	6.802150e-02 	1.722137e-04 	1.722137e-04 	
1.300000e+00 	1.000000e-01 	1.000000e-01 	1.212234e-01 	2.768881e-04 	2.768881e-04 	
1.500000e+00 	1.000000e-01 	1.000000e-01 	1.915524e-01 	3.943668e-04 	3.943668e-04 	
1.700000e+00 	1.000000e-01 	1.000000e-01 	2.770643e-01 	5.224745e-04 	5.224745e-04 	
1.900000e+00 	1.000000e-01 	1.000000e-01 	3.681011e-01 	6.496633e-04 	6.496633e-04 	
2.100000e+00 	1.000000e-01 	1.000000e-01 	4.586767e-01 	7.685522e-04 	7.685522e-04 	
2.300000e+00 	1.000000e-01 	1.000000e-01 	5.408041e-01 	8.623438e-04 	8.623438e-04 	
2.500000e+00 	1.000000e-01 	1.000000e-01 	6.260279e-01 	9.377347e-04 	9.377347e-04 	
2.700000e+00 	1.000000e-01 	1.000000e-01 	7.689172e-01 	1.021812e-03 	1.021812e-03 	
2.900000e+00 	1.000000e-01 	1.000000e-01 	1.039456e+00 	1.167195e-03 	1.167195e-03 	
3.100000e+00 	1.000000e-01 	1.000000e-01 	1.260345e+00 	1.259667e-03 	1.259667e-03 	
3.300000e+00 	1.000000e-01 	1.000000e-01 	5.342696e-01 	8.255268e-04 	8.255268e-04 	
3.500000e+00 	1.000000e-01 	1.000000e-01 	2.589658e-01 	5.898006e-04 	5.898006e-04 	
3.700000e+00 	1.000000e-01 	1.000000e-01 	1.391541e-01 	4.448873e-04 	4.448873e-04 	
3.900000e+00 	1.000000e-01 	1.000000e-01 	7.727036e-02 	3.397414e-04 	3.397414e-04 	
4.100000e+00 	1.000000e-01 	1.000000e-01 	4.274672e-02 	2.585009e-04 	2.585009e-04 	
4.300000e+00 	1.000000e-01 	1.000000e-01 	2.306113e-02 	1.928071e-04 	1.928071e-04 	
4.500000e+00 	1.000000e-01 	1.000000e-01 	1.188552e-02 	1.393233e-04 	1.393233e-04 	
4.700000e+00 	1.000000e-01 	1.000000e-01 	5.920760e-03 	9.822877e-05 	9.822877e-05 	
4.900000e+00 	1.000000e-01 	1.000000e-01 	2.696889e-03 	6.544125e-05 	6.544125e-05 	
5.100000e+00 	1.000000e-01 	1.000000e-01 	1.104120e-03 	4.073809e-05 	4.073809e-05 	
5.300000e+00 	1.000000e-01 	1.000000e-01 	3.187596e-04 	2.025306e-05 	2.025306e-05 	
5.500000e+00 	1.000000e-01 	1.000000e-01 	8.298063e-05 	8.922763e-06 	8.922763e-06 	
5.700000e+00 	1.000000e-01 	1.000000e-01 	6.803833e-06 	1.857126e-06 	1.857126e-06 	
5.900000e+00 	1.000000e-01 	1.000000e-01 	1.399035e-10 	1.399035e-10 	1.399035e-10 	
END SCATTER2D

BEGIN SCATTER2D /COMETA_ZZ_production_analysis/drpp
Path=/COMETA_ZZ_production_analysis/drpp
ScaledBy=1.35843975118632688e-05
Title=~
# val1       	err1-        	err1+        	val2         	err2-        	err2+        	
1.000000e-01 	1.000000e-01 	1.000000e-01 	2.752742e-02 	1.934952e-04 	1.934952e-04 	
3.000000e-01 	1.000000e-01 	1.000000e-01 	8.836088e-02 	3.467313e-04 	3.467313e-04 	
5.000000e-01 	1.000000e-01 	1.000000e-01 	1.457812e-01 	4.402126e-04 	4.402126e-04 	
7.000000e-01 	1.000000e-01 	1.000000e-01 	2.016111e-01 	5.180699e-04 	5.180699e-04 	
9.000000e-01 	1.000000e-01 	1.000000e-01 	2.551949e-01 	5.787261e-04 	5.787261e-04 	
1.100000e+00 	1.000000e-01 	1.000000e-01 	3.063448e-01 	6.329041e-04 	6.329041e-04 	
1.300000e+00 	1.000000e-01 	1.000000e-01 	3.542846e-01 	6.790583e-04 	6.790583e-04 	
1.500000e+00 	1.000000e-01 	1.000000e-01 	4.025951e-01 	7.234034e-04 	7.234034e-04 	
1.700000e+00 	1.000000e-01 	1.000000e-01 	4.450776e-01 	7.589384e-04 	7.589384e-04 	
1.900000e+00 	1.000000e-01 	1.000000e-01 	4.848395e-01 	7.886698e-04 	7.886698e-04 	
2.100000e+00 	1.000000e-01 	1.000000e-01 	5.236463e-01 	8.180534e-04 	8.180534e-04 	
2.300000e+00 	1.000000e-01 	1.000000e-01 	5.564925e-01 	8.406496e-04 	8.406496e-04 	
2.500000e+00 	1.000000e-01 	1.000000e-01 	5.855116e-01 	8.564825e-04 	8.564825e-04 	
2.700000e+00 	1.000000e-01 	1.000000e-01 	6.115220e-01 	8.748829e-04 	8.748829e-04 	
2.900000e+00 	1.000000e-01 	1.000000e-01 	6.282449e-01 	8.870114e-04 	8.870114e-04 	
3.100000e+00 	1.000000e-01 	1.000000e-01 	5.886321e-01 	8.501109e-04 	8.501109e-04 	
3.300000e+00 	1.000000e-01 	1.000000e-01 	2.755169e-01 	5.469789e-04 	5.469789e-04 	
3.500000e+00 	1.000000e-01 	1.000000e-01 	1.531289e-01 	4.068577e-04 	4.068577e-04 	
3.700000e+00 	1.000000e-01 	1.000000e-01 	9.161737e-02 	3.185636e-04 	3.185636e-04 	
3.900000e+00 	1.000000e-01 	1.000000e-01 	5.679200e-02 	2.552812e-04 	2.552812e-04 	
4.100000e+00 	1.000000e-01 	1.000000e-01 	3.474937e-02 	2.032495e-04 	2.032495e-04 	
4.300000e+00 	1.000000e-01 	1.000000e-01 	2.113352e-02 	1.611630e-04 	1.611630e-04 	
4.500000e+00 	1.000000e-01 	1.000000e-01 	1.268674e-02 	1.272252e-04 	1.272252e-04 	
4.700000e+00 	1.000000e-01 	1.000000e-01 	7.116201e-03 	9.640397e-05 	9.640397e-05 	
4.900000e+00 	1.000000e-01 	1.000000e-01 	4.046986e-03 	7.517201e-05 	7.517201e-05 	
5.100000e+00 	1.000000e-01 	1.000000e-01 	1.883938e-03 	5.099168e-05 	5.099168e-05 	
5.300000e+00 	1.000000e-01 	1.000000e-01 	9.206779e-04 	3.617066e-05 	3.617066e-05 	
5.500000e+00 	1.000000e-01 	1.000000e-01 	3.344885e-04 	2.302781e-05 	2.302781e-05 	
5.700000e+00 	1.000000e-01 	1.000000e-01 	9.706855e-05 	1.038178e-05 	1.038178e-05 	
5.900000e+00 	1.000000e-01 	1.000000e-01 	1.703223e-05 	4.866833e-06 	4.866833e-06 	
END SCATTER2D

BEGIN SCATTER2D /COMETA_ZZ_production_analysis/cthep
Path=/COMETA_ZZ_production_analysis/cthep
ScaledBy=1.35843975118632688e-05
Title=~
# val1       	err1-        	err1+        	val2         	err2-        	err2+        	
-9.750000e-01	2.500000e-02 	2.500000e-02 	4.553568e-01 	1.622821e-03 	1.622821e-03 	
-9.250000e-01	2.500000e-02 	2.500000e-02 	4.988701e-01 	1.610864e-03 	1.610864e-03 	
-8.750000e-01	2.500000e-02 	2.500000e-02 	5.345958e-01 	1.598781e-03 	1.598781e-03 	
-8.250000e-01	2.500000e-02 	2.500000e-02 	5.631034e-01 	1.595630e-03 	1.595630e-03 	
-7.750000e-01	2.500000e-02 	2.500000e-02 	5.897769e-01 	1.603577e-03 	1.603577e-03 	
-7.250000e-01	2.500000e-02 	2.500000e-02 	6.165279e-01 	1.632773e-03 	1.632773e-03 	
-6.750000e-01	2.500000e-02 	2.500000e-02 	6.406621e-01 	1.669220e-03 	1.669220e-03 	
-6.250000e-01	2.500000e-02 	2.500000e-02 	6.626803e-01 	1.702984e-03 	1.702984e-03 	
-5.750000e-01	2.500000e-02 	2.500000e-02 	6.866410e-01 	1.761489e-03 	1.761489e-03 	
-5.250000e-01	2.500000e-02 	2.500000e-02 	7.045311e-01 	1.804848e-03 	1.804848e-03 	
-4.750000e-01	2.500000e-02 	2.500000e-02 	7.230172e-01 	1.855620e-03 	1.855620e-03 	
-4.250000e-01	2.500000e-02 	2.500000e-02 	7.361328e-01 	1.887578e-03 	1.887578e-03 	
-3.750000e-01	2.500000e-02 	2.500000e-02 	7.547260e-01 	1.950694e-03 	1.950694e-03 	
-3.250000e-01	2.500000e-02 	2.500000e-02 	7.651408e-01 	1.992761e-03 	1.992761e-03 	
-2.750000e-01	2.500000e-02 	2.500000e-02 	7.791982e-01 	2.038081e-03 	2.038081e-03 	
-2.250000e-01	2.500000e-02 	2.500000e-02 	7.923323e-01 	2.076971e-03 	2.076971e-03 	
-1.750000e-01	2.500000e-02 	2.500000e-02 	7.910748e-01 	2.087905e-03 	2.087905e-03 	
-1.250000e-01	2.500000e-02 	2.500000e-02 	8.027888e-01 	2.124860e-03 	2.124860e-03 	
-7.500000e-02	2.500000e-02 	2.500000e-02 	8.047533e-01 	2.132615e-03 	2.132615e-03 	
-2.500000e-02	2.500000e-02 	2.500000e-02 	8.104340e-01 	2.150799e-03 	2.150799e-03 	
2.500000e-02 	2.500000e-02 	2.500000e-02 	8.073642e-01 	2.147626e-03 	2.147626e-03 	
7.500000e-02 	2.500000e-02 	2.500000e-02 	8.094798e-01 	2.144232e-03 	2.144232e-03 	
1.250000e-01 	2.500000e-02 	2.500000e-02 	8.002141e-01 	2.120825e-03 	2.120825e-03 	
1.750000e-01 	2.500000e-02 	2.500000e-02 	7.983119e-01 	2.105990e-03 	2.105990e-03 	
2.250000e-01 	2.500000e-02 	2.500000e-02 	7.885303e-01 	2.074144e-03 	2.074144e-03 	
2.750000e-01 	2.500000e-02 	2.500000e-02 	7.779826e-01 	2.037679e-03 	2.037679e-03 	
3.250000e-01 	2.500000e-02 	2.500000e-02 	7.672075e-01 	1.998754e-03 	1.998754e-03 	
3.750000e-01 	2.500000e-02 	2.500000e-02 	7.562909e-01 	1.951520e-03 	1.951520e-03 	
4.250000e-01 	2.500000e-02 	2.500000e-02 	7.411010e-01 	1.914090e-03 	1.914090e-03 	
4.750000e-01 	2.500000e-02 	2.500000e-02 	7.223269e-01 	1.851984e-03 	1.851984e-03 	
5.250000e-01 	2.500000e-02 	2.500000e-02 	7.029604e-01 	1.804643e-03 	1.804643e-03 	
5.750000e-01 	2.500000e-02 	2.500000e-02 	6.870398e-01 	1.766476e-03 	1.766476e-03 	
6.250000e-01 	2.500000e-02 	2.500000e-02 	6.680048e-01 	1.722500e-03 	1.722500e-03 	
6.750000e-01 	2.500000e-02 	2.500000e-02 	6.447488e-01 	1.679352e-03 	1.679352e-03 	
7.250000e-01 	2.500000e-02 	2.500000e-02 	6.198280e-01 	1.645886e-03 	1.645886e-03 	
7.750000e-01 	2.500000e-02 	2.500000e-02 	5.944744e-01 	1.627628e-03 	1.627628e-03 	
8.250000e-01 	2.500000e-02 	2.500000e-02 	5.691075e-01 	1.625362e-03 	1.625362e-03 	
8.750000e-01 	2.500000e-02 	2.500000e-02 	5.354389e-01 	1.617736e-03 	1.617736e-03 	
9.250000e-01 	2.500000e-02 	2.500000e-02 	5.050586e-01 	1.633929e-03 	1.633929e-03 	
9.750000e-01 	2.500000e-02 	2.500000e-02 	4.550192e-01 	1.626308e-03 	1.626308e-03 	
END SCATTER2D

BEGIN SCATTER2D /COMETA_ZZ_production_analysis/cthmm
Path=/COMETA_ZZ_production_analysis/cthmm
ScaledBy=1.35843975118632688e-05
Title=~
# val1       	err1-        	err1+        	val2         	err2-        	err2+        	
-9.750000e-01	2.500000e-02 	2.500000e-02 	4.741350e-01 	1.651538e-03 	1.651538e-03 	
-9.250000e-01	2.500000e-02 	2.500000e-02 	5.138913e-01 	1.635632e-03 	1.635632e-03 	
-8.750000e-01	2.500000e-02 	2.500000e-02 	5.460744e-01 	1.618503e-03 	1.618503e-03 	
-8.250000e-01	2.500000e-02 	2.500000e-02 	5.762106e-01 	1.613125e-03 	1.613125e-03 	
-7.750000e-01	2.500000e-02 	2.500000e-02 	5.985154e-01 	1.622436e-03 	1.622436e-03 	
-7.250000e-01	2.500000e-02 	2.500000e-02 	6.226850e-01 	1.642354e-03 	1.642354e-03 	
-6.750000e-01	2.500000e-02 	2.500000e-02 	6.443883e-01 	1.677029e-03 	1.677029e-03 	
-6.250000e-01	2.500000e-02 	2.500000e-02 	6.653372e-01 	1.712893e-03 	1.712893e-03 	
-5.750000e-01	2.500000e-02 	2.500000e-02 	6.862285e-01 	1.758590e-03 	1.758590e-03 	
-5.250000e-01	2.500000e-02 	2.500000e-02 	7.021833e-01 	1.809572e-03 	1.809572e-03 	
-4.750000e-01	2.500000e-02 	2.500000e-02 	7.186912e-01 	1.856819e-03 	1.856819e-03 	
-4.250000e-01	2.500000e-02 	2.500000e-02 	7.331806e-01 	1.899312e-03 	1.899312e-03 	
-3.750000e-01	2.500000e-02 	2.500000e-02 	7.482888e-01 	1.950188e-03 	1.950188e-03 	
-3.250000e-01	2.500000e-02 	2.500000e-02 	7.635265e-01 	2.008403e-03 	2.008403e-03 	
-2.750000e-01	2.500000e-02 	2.500000e-02 	7.747299e-01 	2.041503e-03 	2.041503e-03 	
-2.250000e-01	2.500000e-02 	2.500000e-02 	7.861851e-01 	2.086594e-03 	2.086594e-03 	
-1.750000e-01	2.500000e-02 	2.500000e-02 	7.916236e-01 	2.108312e-03 	2.108312e-03 	
-1.250000e-01	2.500000e-02 	2.500000e-02 	7.939498e-01 	2.122869e-03 	2.122869e-03 	
-7.500000e-02	2.500000e-02 	2.500000e-02 	7.974745e-01 	2.135745e-03 	2.135745e-03 	
-2.500000e-02	2.500000e-02 	2.500000e-02 	7.999438e-01 	2.149134e-03 	2.149134e-03 	
2.500000e-02 	2.500000e-02 	2.500000e-02 	8.036568e-01 	2.151964e-03 	2.151964e-03 	
7.500000e-02 	2.500000e-02 	2.500000e-02 	7.991581e-01 	2.138688e-03 	2.138688e-03 	
1.250000e-01 	2.500000e-02 	2.500000e-02 	7.937600e-01 	2.118132e-03 	2.118132e-03 	
1.750000e-01 	2.500000e-02 	2.500000e-02 	7.906423e-01 	2.100207e-03 	2.100207e-03 	
2.250000e-01 	2.500000e-02 	2.500000e-02 	7.826658e-01 	2.069925e-03 	2.069925e-03 	
2.750000e-01 	2.500000e-02 	2.500000e-02 	7.739042e-01 	2.033433e-03 	2.033433e-03 	
3.250000e-01 	2.500000e-02 	2.500000e-02 	7.629931e-01 	1.993179e-03 	1.993179e-03 	
3.750000e-01 	2.500000e-02 	2.500000e-02 	7.517893e-01 	1.953834e-03 	1.953834e-03 	
4.250000e-01 	2.500000e-02 	2.500000e-02 	7.373258e-01 	1.905538e-03 	1.905538e-03 	
4.750000e-01 	2.500000e-02 	2.500000e-02 	7.252452e-01 	1.861617e-03 	1.861617e-03 	
5.250000e-01 	2.500000e-02 	2.500000e-02 	7.055819e-01 	1.805816e-03 	1.805816e-03 	
5.750000e-01 	2.500000e-02 	2.500000e-02 	6.838991e-01 	1.749102e-03 	1.749102e-03 	
6.250000e-01 	2.500000e-02 	2.500000e-02 	6.610270e-01 	1.695175e-03 	1.695175e-03 	
6.750000e-01 	2.500000e-02 	2.500000e-02 	6.415222e-01 	1.655337e-03 	1.655337e-03 	
7.250000e-01 	2.500000e-02 	2.500000e-02 	6.200864e-01 	1.624061e-03 	1.624061e-03 	
7.750000e-01 	2.500000e-02 	2.500000e-02 	5.971505e-01 	1.603303e-03 	1.603303e-03 	
8.250000e-01 	2.500000e-02 	2.500000e-02 	5.689702e-01 	1.590316e-03 	1.590316e-03 	
8.750000e-01 	2.500000e-02 	2.500000e-02 	5.412566e-01 	1.592157e-03 	1.592157e-03 	
9.250000e-01 	2.500000e-02 	2.500000e-02 	5.142985e-01 	1.624677e-03 	1.624677e-03 	
9.750000e-01 	2.500000e-02 	2.500000e-02 	4.706572e-01 	1.623523e-03 	1.623523e-03 	
END SCATTER2D

BEGIN SCATTER2D /COMETA_ZZ_production_analysis/cscatt
Path=/COMETA_ZZ_production_analysis/cscatt
ScaledBy=1.35843975118632688e-05
Title=~
# val1       	err1-        	err1+        	val2         	err2-        	err2+        	
1.250000e-02 	1.250000e-02 	1.250000e-02 	1.496093e+00 	4.756357e-03 	4.756357e-03 	
3.750000e-02 	1.250000e-02 	1.250000e-02 	1.503924e+00 	4.788652e-03 	4.788652e-03 	
6.250000e-02 	1.250000e-02 	1.250000e-02 	1.499067e+00 	4.772330e-03 	4.772330e-03 	
8.750000e-02 	1.250000e-02 	1.250000e-02 	1.490013e+00 	4.734733e-03 	4.734733e-03 	
1.125000e-01 	1.250000e-02 	1.250000e-02 	1.476295e+00 	4.666588e-03 	4.666588e-03 	
1.375000e-01 	1.250000e-02 	1.250000e-02 	1.455575e+00 	4.607157e-03 	4.607157e-03 	
1.625000e-01 	1.250000e-02 	1.250000e-02 	1.438610e+00 	4.515812e-03 	4.515812e-03 	
1.875000e-01 	1.250000e-02 	1.250000e-02 	1.411257e+00 	4.415656e-03 	4.415656e-03 	
2.125000e-01 	1.250000e-02 	1.250000e-02 	1.387496e+00 	4.317229e-03 	4.317229e-03 	
2.375000e-01 	1.250000e-02 	1.250000e-02 	1.357423e+00 	4.194369e-03 	4.194369e-03 	
2.625000e-01 	1.250000e-02 	1.250000e-02 	1.328558e+00 	4.085123e-03 	4.085123e-03 	
2.875000e-01 	1.250000e-02 	1.250000e-02 	1.298931e+00 	3.963579e-03 	3.963579e-03 	
3.125000e-01 	1.250000e-02 	1.250000e-02 	1.264812e+00 	3.825621e-03 	3.825621e-03 	
3.375000e-01 	1.250000e-02 	1.250000e-02 	1.225983e+00 	3.667681e-03 	3.667681e-03 	
3.625000e-01 	1.250000e-02 	1.250000e-02 	1.186281e+00 	3.519592e-03 	3.519592e-03 	
3.875000e-01 	1.250000e-02 	1.250000e-02 	1.140084e+00 	3.366608e-03 	3.366608e-03 	
4.125000e-01 	1.250000e-02 	1.250000e-02 	1.091909e+00 	3.199933e-03 	3.199933e-03 	
4.375000e-01 	1.250000e-02 	1.250000e-02 	1.054129e+00 	3.048473e-03 	3.048473e-03 	
4.625000e-01 	1.250000e-02 	1.250000e-02 	1.008002e+00 	2.874168e-03 	2.874168e-03 	
4.875000e-01 	1.250000e-02 	1.250000e-02 	9.615819e-01 	2.710637e-03 	2.710637e-03 	
5.125000e-01 	1.250000e-02 	1.250000e-02 	9.115581e-01 	2.542043e-03 	2.542043e-03 	
5.375000e-01 	1.250000e-02 	1.250000e-02 	8.655448e-01 	2.384530e-03 	2.384530e-03 	
5.625000e-01 	1.250000e-02 	1.250000e-02 	8.219855e-01 	2.228470e-03 	2.228470e-03 	
5.875000e-01 	1.250000e-02 	1.250000e-02 	7.781455e-01 	2.097866e-03 	2.097866e-03 	
6.125000e-01 	1.250000e-02 	1.250000e-02 	7.423002e-01 	1.982413e-03 	1.982413e-03 	
6.375000e-01 	1.250000e-02 	1.250000e-02 	7.061013e-01 	1.881383e-03 	1.881383e-03 	
6.625000e-01 	1.250000e-02 	1.250000e-02 	6.788345e-01 	1.804472e-03 	1.804472e-03 	
6.875000e-01 	1.250000e-02 	1.250000e-02 	6.588210e-01 	1.748366e-03 	1.748366e-03 	
7.125000e-01 	1.250000e-02 	1.250000e-02 	6.489531e-01 	1.730321e-03 	1.730321e-03 	
7.375000e-01 	1.250000e-02 	1.250000e-02 	6.543282e-01 	1.752916e-03 	1.752916e-03 	
7.625000e-01 	1.250000e-02 	1.250000e-02 	6.783097e-01 	1.837862e-03 	1.837862e-03 	
7.875000e-01 	1.250000e-02 	1.250000e-02 	7.267250e-01 	1.968115e-03 	1.968115e-03 	
8.125000e-01 	1.250000e-02 	1.250000e-02 	8.151621e-01 	2.195042e-03 	2.195042e-03 	
8.375000e-01 	1.250000e-02 	1.250000e-02 	9.447231e-01 	2.471144e-03 	2.471144e-03 	
8.625000e-01 	1.250000e-02 	1.250000e-02 	1.143589e+00 	2.868928e-03 	2.868928e-03 	
8.875000e-01 	1.250000e-02 	1.250000e-02 	1.435317e+00 	3.298406e-03 	3.298406e-03 	
9.125000e-01 	1.250000e-02 	1.250000e-02 	1.893258e+00 	3.881868e-03 	3.881868e-03 	
9.375000e-01 	1.250000e-02 	1.250000e-02 	2.616430e+00 	4.779647e-03 	4.779647e-03 	
9.625000e-01 	1.250000e-02 	1.250000e-02 	3.886880e+00 	5.987416e-03 	5.987416e-03 	
9.875000e-01 	1.250000e-02 	1.250000e-02 	7.242676e+00 	8.507710e-03 	8.507710e-03 	
END SCATTER2D

BEGIN SCATTER2D /COMETA_ZZ_production_analysis/cosee
Path=/COMETA_ZZ_production_analysis/cosee
ScaledBy=1.35843975118632688e-05
Title=~
# val1       	err1-        	err1+        	val2         	err2-        	err2+        	
-9.750000e-01	2.500000e-02 	2.500000e-02 	1.098139e+00 	2.298958e-03 	2.298958e-03 	
-9.250000e-01	2.500000e-02 	2.500000e-02 	9.191858e-01 	2.108844e-03 	2.108844e-03 	
-8.750000e-01	2.500000e-02 	2.500000e-02 	8.297456e-01 	2.000762e-03 	2.000762e-03 	
-8.250000e-01	2.500000e-02 	2.500000e-02 	7.709342e-01 	1.914131e-03 	1.914131e-03 	
-7.750000e-01	2.500000e-02 	2.500000e-02 	7.344128e-01 	1.867627e-03 	1.867627e-03 	
-7.250000e-01	2.500000e-02 	2.500000e-02 	7.059900e-01 	1.822851e-03 	1.822851e-03 	
-6.750000e-01	2.500000e-02 	2.500000e-02 	6.820238e-01 	1.794357e-03 	1.794357e-03 	
-6.250000e-01	2.500000e-02 	2.500000e-02 	6.655042e-01 	1.760786e-03 	1.760786e-03 	
-5.750000e-01	2.500000e-02 	2.500000e-02 	6.535793e-01 	1.753462e-03 	1.753462e-03 	
-5.250000e-01	2.500000e-02 	2.500000e-02 	6.420426e-01 	1.734324e-03 	1.734324e-03 	
-4.750000e-01	2.500000e-02 	2.500000e-02 	6.338182e-01 	1.718155e-03 	1.718155e-03 	
-4.250000e-01	2.500000e-02 	2.500000e-02 	6.282389e-01 	1.713574e-03 	1.713574e-03 	
-3.750000e-01	2.500000e-02 	2.500000e-02 	6.211917e-01 	1.703278e-03 	1.703278e-03 	
-3.250000e-01	2.500000e-02 	2.500000e-02 	6.163043e-01 	1.698208e-03 	1.698208e-03 	
-2.750000e-01	2.500000e-02 	2.500000e-02 	6.126213e-01 	1.692618e-03 	1.692618e-03 	
-2.250000e-01	2.500000e-02 	2.500000e-02 	6.103776e-01 	1.691598e-03 	1.691598e-03 	
-1.750000e-01	2.500000e-02 	2.500000e-02 	6.075452e-01 	1.689363e-03 	1.689363e-03 	
-1.250000e-01	2.500000e-02 	2.500000e-02 	6.046284e-01 	1.680034e-03 	1.680034e-03 	
-7.500000e-02	2.500000e-02 	2.500000e-02 	6.060373e-01 	1.688642e-03 	1.688642e-03 	
-2.500000e-02	2.500000e-02 	2.500000e-02 	6.041461e-01 	1.690489e-03 	1.690489e-03 	
2.500000e-02 	2.500000e-02 	2.500000e-02 	6.040757e-01 	1.692586e-03 	1.692586e-03 	
7.500000e-02 	2.500000e-02 	2.500000e-02 	6.101810e-01 	1.712555e-03 	1.712555e-03 	
1.250000e-01 	2.500000e-02 	2.500000e-02 	6.165996e-01 	1.725809e-03 	1.725809e-03 	
1.750000e-01 	2.500000e-02 	2.500000e-02 	6.179522e-01 	1.729207e-03 	1.729207e-03 	
2.250000e-01 	2.500000e-02 	2.500000e-02 	6.290683e-01 	1.759247e-03 	1.759247e-03 	
2.750000e-01 	2.500000e-02 	2.500000e-02 	6.328156e-01 	1.768319e-03 	1.768319e-03 	
3.250000e-01 	2.500000e-02 	2.500000e-02 	6.464345e-01 	1.798040e-03 	1.798040e-03 	
3.750000e-01 	2.500000e-02 	2.500000e-02 	6.551652e-01 	1.819601e-03 	1.819601e-03 	
4.250000e-01 	2.500000e-02 	2.500000e-02 	6.721754e-01 	1.852135e-03 	1.852135e-03 	
4.750000e-01 	2.500000e-02 	2.500000e-02 	6.882352e-01 	1.891852e-03 	1.891852e-03 	
5.250000e-01 	2.500000e-02 	2.500000e-02 	7.063937e-01 	1.926332e-03 	1.926332e-03 	
5.750000e-01 	2.500000e-02 	2.500000e-02 	7.318455e-01 	1.981251e-03 	1.981251e-03 	
6.250000e-01 	2.500000e-02 	2.500000e-02 	7.608836e-01 	2.036520e-03 	2.036520e-03 	
6.750000e-01 	2.500000e-02 	2.500000e-02 	7.933987e-01 	2.110568e-03 	2.110568e-03 	
7.250000e-01 	2.500000e-02 	2.500000e-02 	8.355547e-01 	2.194166e-03 	2.194166e-03 	
7.750000e-01 	2.500000e-02 	2.500000e-02 	8.799562e-01 	2.282402e-03 	2.282402e-03 	
8.250000e-01 	2.500000e-02 	2.500000e-02 	9.099737e-01 	2.351532e-03 	2.351532e-03 	
8.750000e-01 	2.500000e-02 	2.500000e-02 	9.003826e-01 	2.376158e-03 	2.376158e-03 	
9.250000e-01 	2.500000e-02 	2.500000e-02 	6.237182e-01 	1.949810e-03 	1.949810e-03 	
9.750000e-01 	2.500000e-02 	2.500000e-02 	1.015576e-01 	5.694711e-04 	5.694711e-04 	
END SCATTER2D

BEGIN SCATTER2D /COMETA_ZZ_production_analysis/cospp
Path=/COMETA_ZZ_production_analysis/cospp
ScaledBy=1.35843975118632688e-05
Title=~
# val1       	err1-        	err1+        	val2         	err2-        	err2+        	
-9.750000e-01	2.500000e-02 	2.500000e-02 	5.191775e-01 	1.470699e-03 	1.470699e-03 	
-9.250000e-01	2.500000e-02 	2.500000e-02 	5.182183e-01 	1.473140e-03 	1.473140e-03 	
-8.750000e-01	2.500000e-02 	2.500000e-02 	5.190275e-01 	1.477871e-03 	1.477871e-03 	
-8.250000e-01	2.500000e-02 	2.500000e-02 	5.185083e-01 	1.485205e-03 	1.485205e-03 	
-7.750000e-01	2.500000e-02 	2.500000e-02 	5.193632e-01 	1.491050e-03 	1.491050e-03 	
-7.250000e-01	2.500000e-02 	2.500000e-02 	5.194848e-01 	1.491633e-03 	1.491633e-03 	
-6.750000e-01	2.500000e-02 	2.500000e-02 	5.170707e-01 	1.485973e-03 	1.485973e-03 	
-6.250000e-01	2.500000e-02 	2.500000e-02 	5.171485e-01 	1.489249e-03 	1.489249e-03 	
-5.750000e-01	2.500000e-02 	2.500000e-02 	5.153571e-01 	1.488426e-03 	1.488426e-03 	
-5.250000e-01	2.500000e-02 	2.500000e-02 	5.171516e-01 	1.491590e-03 	1.491590e-03 	
-4.750000e-01	2.500000e-02 	2.500000e-02 	5.197088e-01 	1.501473e-03 	1.501473e-03 	
-4.250000e-01	2.500000e-02 	2.500000e-02 	5.233738e-01 	1.507353e-03 	1.507353e-03 	
-3.750000e-01	2.500000e-02 	2.500000e-02 	5.257617e-01 	1.514097e-03 	1.514097e-03 	
-3.250000e-01	2.500000e-02 	2.500000e-02 	5.282080e-01 	1.525224e-03 	1.525224e-03 	
-2.750000e-01	2.500000e-02 	2.500000e-02 	5.317680e-01 	1.532292e-03 	1.532292e-03 	
-2.250000e-01	2.500000e-02 	2.500000e-02 	5.395497e-01 	1.544688e-03 	1.544688e-03 	
-1.750000e-01	2.500000e-02 	2.500000e-02 	5.401334e-01 	1.546479e-03 	1.546479e-03 	
-1.250000e-01	2.500000e-02 	2.500000e-02 	5.495389e-01 	1.565941e-03 	1.565941e-03 	
-7.500000e-02	2.500000e-02 	2.500000e-02 	5.549251e-01 	1.580205e-03 	1.580205e-03 	
-2.500000e-02	2.500000e-02 	2.500000e-02 	5.633110e-01 	1.595719e-03 	1.595719e-03 	
2.500000e-02 	2.500000e-02 	2.500000e-02 	5.716803e-01 	1.610442e-03 	1.610442e-03 	
7.500000e-02 	2.500000e-02 	2.500000e-02 	5.826405e-01 	1.632706e-03 	1.632706e-03 	
1.250000e-01 	2.500000e-02 	2.500000e-02 	5.935384e-01 	1.658414e-03 	1.658414e-03 	
1.750000e-01 	2.500000e-02 	2.500000e-02 	6.042060e-01 	1.675873e-03 	1.675873e-03 	
2.250000e-01 	2.500000e-02 	2.500000e-02 	6.198854e-01 	1.704572e-03 	1.704572e-03 	
2.750000e-01 	2.500000e-02 	2.500000e-02 	6.354603e-01 	1.738297e-03 	1.738297e-03 	
3.250000e-01 	2.500000e-02 	2.500000e-02 	6.577143e-01 	1.781352e-03 	1.781352e-03 	
3.750000e-01 	2.500000e-02 	2.500000e-02 	6.771146e-01 	1.810380e-03 	1.810380e-03 	
4.250000e-01 	2.500000e-02 	2.500000e-02 	7.000531e-01 	1.850738e-03 	1.850738e-03 	
4.750000e-01 	2.500000e-02 	2.500000e-02 	7.306283e-01 	1.910815e-03 	1.910815e-03 	
5.250000e-01 	2.500000e-02 	2.500000e-02 	7.596522e-01 	1.964911e-03 	1.964911e-03 	
5.750000e-01 	2.500000e-02 	2.500000e-02 	8.034835e-01 	2.040773e-03 	2.040773e-03 	
6.250000e-01 	2.500000e-02 	2.500000e-02 	8.478174e-01 	2.117839e-03 	2.117839e-03 	
6.750000e-01 	2.500000e-02 	2.500000e-02 	9.024392e-01 	2.208685e-03 	2.208685e-03 	
7.250000e-01 	2.500000e-02 	2.500000e-02 	9.734880e-01 	2.329378e-03 	2.329378e-03 	
7.750000e-01 	2.500000e-02 	2.500000e-02 	1.053526e+00 	2.463439e-03 	2.463439e-03 	
8.250000e-01 	2.500000e-02 	2.500000e-02 	1.163352e+00 	2.650039e-03 	2.650039e-03 	
8.750000e-01 	2.500000e-02 	2.500000e-02 	1.290525e+00 	2.865286e-03 	2.865286e-03 	
9.250000e-01 	2.500000e-02 	2.500000e-02 	1.397741e+00 	3.064921e-03 	3.064921e-03 	
9.750000e-01 	2.500000e-02 	2.500000e-02 	1.341102e+00 	2.986165e-03 	2.986165e-03 	
END SCATTER2D

BEGIN SCATTER2D /COMETA_ZZ_production_analysis/cp1dmap_ZZ
Path=/COMETA_ZZ_production_analysis/cp1dmap_ZZ
ScaledBy=1.35843975118632688e-05
Title=~
# val1       	err1-        	err1+        	val2         	err2-        	err2+        	
5.000000e-01 	5.000000e-01 	5.000000e-01 	5.082351e-03 	2.705480e-05 	2.705480e-05 	
1.500000e+00 	5.000000e-01 	5.000000e-01 	8.479174e-03 	4.021662e-05 	4.021662e-05 	
2.500000e+00 	5.000000e-01 	5.000000e-01 	1.632656e-02 	5.913595e-05 	5.913595e-05 	
3.500000e+00 	5.000000e-01 	5.000000e-01 	2.834822e-02 	8.161296e-05 	8.161296e-05 	
4.500000e+00 	5.000000e-01 	5.000000e-01 	4.699459e-02 	1.084767e-04 	1.084767e-04 	
5.500000e+00 	5.000000e-01 	5.000000e-01 	7.642654e-02 	1.412297e-04 	1.412297e-04 	
6.500000e+00 	5.000000e-01 	5.000000e-01 	1.412337e-01 	1.948099e-04 	1.948099e-04 	
7.500000e+00 	5.000000e-01 	5.000000e-01 	1.407796e-01 	1.930809e-04 	1.930809e-04 	
8.500000e+00 	5.000000e-01 	5.000000e-01 	7.650963e-02 	1.399557e-04 	1.399557e-04 	
9.500000e+00 	5.000000e-01 	5.000000e-01 	4.704996e-02 	1.064689e-04 	1.064689e-04 	
1.050000e+01 	5.000000e-01 	5.000000e-01 	2.840579e-02 	8.014228e-05 	8.014228e-05 	
1.150000e+01 	5.000000e-01 	5.000000e-01 	1.629866e-02 	5.768263e-05 	5.768263e-05 	
1.250000e+01 	5.000000e-01 	5.000000e-01 	8.431229e-03 	3.861743e-05 	3.861743e-05 	
1.350000e+01 	5.000000e-01 	5.000000e-01 	5.039166e-03 	2.598767e-05 	2.598767e-05 	
1.450000e+01 	5.000000e-01 	5.000000e-01 	4.109041e-02 	1.035841e-04 	1.035841e-04 	
1.550000e+01 	5.000000e-01 	5.000000e-01 	4.085126e-02 	1.029259e-04 	1.029259e-04 	
1.650000e+01 	5.000000e-01 	5.000000e-01 	5.090891e-03 	2.620484e-05 	2.620484e-05 	
1.750000e+01 	5.000000e-01 	5.000000e-01 	8.460984e-03 	3.890415e-05 	3.890415e-05 	
1.850000e+01 	5.000000e-01 	5.000000e-01 	1.626706e-02 	5.754105e-05 	5.754105e-05 	
1.950000e+01 	5.000000e-01 	5.000000e-01 	2.841219e-02 	8.005436e-05 	8.005436e-05 	
2.050000e+01 	5.000000e-01 	5.000000e-01 	4.710991e-02 	1.069385e-04 	1.069385e-04 	
2.150000e+01 	5.000000e-01 	5.000000e-01 	7.645835e-02 	1.395800e-04 	1.395800e-04 	
2.250000e+01 	5.000000e-01 	5.000000e-01 	1.409999e-01 	1.937566e-04 	1.937566e-04 	
2.350000e+01 	5.000000e-01 	5.000000e-01 	1.411467e-01 	1.946933e-04 	1.946933e-04 	
2.450000e+01 	5.000000e-01 	5.000000e-01 	7.653861e-02 	1.415781e-04 	1.415781e-04 	
2.550000e+01 	5.000000e-01 	5.000000e-01 	4.697015e-02 	1.084558e-04 	1.084558e-04 	
2.650000e+01 	5.000000e-01 	5.000000e-01 	2.847054e-02 	8.183485e-05 	8.183485e-05 	
2.750000e+01 	5.000000e-01 	5.000000e-01 	1.632225e-02 	5.933252e-05 	5.933252e-05 	
2.850000e+01 	5.000000e-01 	5.000000e-01 	8.480337e-03 	4.006291e-05 	4.006291e-05 	
2.950000e+01 	5.000000e-01 	5.000000e-01 	5.066958e-03 	2.701413e-05 	2.701413e-05 	
END SCATTER2D

