BEGIN SCATTER2D /COMETA_ZZ_production_analysis/totxsec
Path=/COMETA_ZZ_production_analysis/totxsec
ScaledBy=1.35136927732948706e-05
Title=~
# val1       	err1-        	err1+        	val2         	err2-        	err2+        	
1.300000e+04 	5.000000e-01 	5.000000e-01 	1.366097e+00 	5.855784e-04 	5.855784e-04 	
END SCATTER2D

BEGIN SCATTER2D /COMETA_ZZ_production_analysis/m4l
Path=/COMETA_ZZ_production_analysis/m4l
ScaledBy=1.35136927732948706e-05
Title=~
# val1       	err1-        	err1+        	val2         	err2-        	err2+        	
1.000000e+01 	1.000000e+01 	1.000000e+01 	0.000000e+00 	0.000000e+00 	0.000000e+00 	
3.000000e+01 	1.000000e+01 	1.000000e+01 	0.000000e+00 	0.000000e+00 	0.000000e+00 	
5.000000e+01 	1.000000e+01 	1.000000e+01 	0.000000e+00 	0.000000e+00 	0.000000e+00 	
7.000000e+01 	1.000000e+01 	1.000000e+01 	0.000000e+00 	0.000000e+00 	0.000000e+00 	
9.000000e+01 	1.000000e+01 	1.000000e+01 	0.000000e+00 	0.000000e+00 	0.000000e+00 	
1.100000e+02 	1.000000e+01 	1.000000e+01 	0.000000e+00 	0.000000e+00 	0.000000e+00 	
1.300000e+02 	1.000000e+01 	1.000000e+01 	0.000000e+00 	0.000000e+00 	0.000000e+00 	
1.500000e+02 	1.000000e+01 	1.000000e+01 	0.000000e+00 	0.000000e+00 	0.000000e+00 	
1.700000e+02 	1.000000e+01 	1.000000e+01 	0.000000e+00 	0.000000e+00 	0.000000e+00 	
1.900000e+02 	1.000000e+01 	1.000000e+01 	1.787781e-02 	1.737924e-05 	1.737924e-05 	
2.100000e+02 	1.000000e+01 	1.000000e+01 	1.799886e-02 	1.548138e-05 	1.548138e-05 	
2.300000e+02 	1.000000e+01 	1.000000e+01 	1.144547e-02 	1.151451e-05 	1.151451e-05 	
2.500000e+02 	1.000000e+01 	1.000000e+01 	7.110831e-03 	8.578835e-06 	8.578835e-06 	
2.700000e+02 	1.000000e+01 	1.000000e+01 	4.488737e-03 	6.471583e-06 	6.471583e-06 	
2.900000e+02 	1.000000e+01 	1.000000e+01 	2.881992e-03 	5.004713e-06 	5.004713e-06 	
3.100000e+02 	1.000000e+01 	1.000000e+01 	1.902201e-03 	3.921151e-06 	3.921151e-06 	
3.300000e+02 	1.000000e+01 	1.000000e+01 	1.286561e-03 	3.101685e-06 	3.101685e-06 	
3.500000e+02 	1.000000e+01 	1.000000e+01 	8.877302e-04 	2.477967e-06 	2.477967e-06 	
3.700000e+02 	1.000000e+01 	1.000000e+01 	6.198847e-04 	1.913013e-06 	1.913013e-06 	
3.900000e+02 	1.000000e+01 	1.000000e+01 	4.444906e-04 	1.604374e-06 	1.604374e-06 	
4.100000e+02 	1.000000e+01 	1.000000e+01 	3.210894e-04 	1.279770e-06 	1.279770e-06 	
4.300000e+02 	1.000000e+01 	1.000000e+01 	2.354949e-04 	1.040789e-06 	1.040789e-06 	
4.500000e+02 	1.000000e+01 	1.000000e+01 	1.765368e-04 	8.602251e-07 	8.602251e-07 	
4.700000e+02 	1.000000e+01 	1.000000e+01 	1.332271e-04 	7.014798e-07 	7.014798e-07 	
4.900000e+02 	1.000000e+01 	1.000000e+01 	1.015861e-04 	5.867240e-07 	5.867240e-07 	
5.100000e+02 	1.000000e+01 	1.000000e+01 	7.751551e-05 	4.940763e-07 	4.940763e-07 	
5.300000e+02 	1.000000e+01 	1.000000e+01 	6.050317e-05 	4.060291e-07 	4.060291e-07 	
5.500000e+02 	1.000000e+01 	1.000000e+01 	4.783650e-05 	3.320323e-07 	3.320323e-07 	
5.700000e+02 	1.000000e+01 	1.000000e+01 	3.733749e-05 	2.666348e-07 	2.666348e-07 	
5.900000e+02 	1.000000e+01 	1.000000e+01 	3.007685e-05 	2.279919e-07 	2.279919e-07 	
6.100000e+02 	1.000000e+01 	1.000000e+01 	2.373412e-05 	1.871216e-07 	1.871216e-07 	
6.300000e+02 	1.000000e+01 	1.000000e+01 	1.926067e-05 	1.581056e-07 	1.581056e-07 	
6.500000e+02 	1.000000e+01 	1.000000e+01 	1.557041e-05 	1.311466e-07 	1.311466e-07 	
6.700000e+02 	1.000000e+01 	1.000000e+01 	1.266318e-05 	1.137212e-07 	1.137212e-07 	
6.900000e+02 	1.000000e+01 	1.000000e+01 	1.037505e-05 	9.789817e-08 	9.789817e-08 	
7.100000e+02 	1.000000e+01 	1.000000e+01 	8.569575e-06 	8.439768e-08 	8.439768e-08 	
7.300000e+02 	1.000000e+01 	1.000000e+01 	7.205664e-06 	7.260896e-08 	7.260896e-08 	
7.500000e+02 	1.000000e+01 	1.000000e+01 	5.929001e-06 	5.734923e-08 	5.734923e-08 	
7.700000e+02 	1.000000e+01 	1.000000e+01 	5.077488e-06 	5.254446e-08 	5.254446e-08 	
7.900000e+02 	1.000000e+01 	1.000000e+01 	4.264438e-06 	4.566601e-08 	4.566601e-08 	
8.100000e+02 	1.000000e+01 	1.000000e+01 	3.534157e-06 	3.640040e-08 	3.640040e-08 	
8.300000e+02 	1.000000e+01 	1.000000e+01 	2.983903e-06 	3.039418e-08 	3.039418e-08 	
8.500000e+02 	1.000000e+01 	1.000000e+01 	2.561893e-06 	2.751441e-08 	2.751441e-08 	
8.700000e+02 	1.000000e+01 	1.000000e+01 	2.205574e-06 	2.419615e-08 	2.419615e-08 	
8.900000e+02 	1.000000e+01 	1.000000e+01 	1.856025e-06 	2.048201e-08 	2.048201e-08 	
9.100000e+02 	1.000000e+01 	1.000000e+01 	1.597419e-06 	1.698255e-08 	1.698255e-08 	
9.300000e+02 	1.000000e+01 	1.000000e+01 	1.390523e-06 	1.573055e-08 	1.573055e-08 	
9.500000e+02 	1.000000e+01 	1.000000e+01 	1.215954e-06 	1.476088e-08 	1.476088e-08 	
9.700000e+02 	1.000000e+01 	1.000000e+01 	1.062920e-06 	1.136844e-08 	1.136844e-08 	
9.900000e+02 	1.000000e+01 	1.000000e+01 	9.083293e-07 	1.003980e-08 	1.003980e-08 	
1.010000e+03 	1.000000e+01 	1.000000e+01 	8.016896e-07 	9.174363e-09 	9.174363e-09 	
1.030000e+03 	1.000000e+01 	1.000000e+01 	6.921796e-07 	8.047517e-09 	8.047517e-09 	
1.050000e+03 	1.000000e+01 	1.000000e+01 	6.116765e-07 	7.760189e-09 	7.760189e-09 	
1.070000e+03 	1.000000e+01 	1.000000e+01 	5.335453e-07 	6.576176e-09 	6.576176e-09 	
1.090000e+03 	1.000000e+01 	1.000000e+01 	4.716917e-07 	5.830086e-09 	5.830086e-09 	
1.110000e+03 	1.000000e+01 	1.000000e+01 	4.197802e-07 	5.119811e-09 	5.119811e-09 	
1.130000e+03 	1.000000e+01 	1.000000e+01 	3.598273e-07 	4.475993e-09 	4.475993e-09 	
1.150000e+03 	1.000000e+01 	1.000000e+01 	3.331941e-07 	4.304250e-09 	4.304250e-09 	
1.170000e+03 	1.000000e+01 	1.000000e+01 	2.899523e-07 	3.710766e-09 	3.710766e-09 	
1.190000e+03 	1.000000e+01 	1.000000e+01 	2.584443e-07 	3.352160e-09 	3.352160e-09 	
1.210000e+03 	1.000000e+01 	1.000000e+01 	2.270011e-07 	3.155065e-09 	3.155065e-09 	
1.230000e+03 	1.000000e+01 	1.000000e+01 	2.003729e-07 	2.899496e-09 	2.899496e-09 	
1.250000e+03 	1.000000e+01 	1.000000e+01 	1.855445e-07 	2.558747e-09 	2.558747e-09 	
1.270000e+03 	1.000000e+01 	1.000000e+01 	1.595047e-07 	2.213813e-09 	2.213813e-09 	
1.290000e+03 	1.000000e+01 	1.000000e+01 	1.536413e-07 	2.201524e-09 	2.201524e-09 	
1.310000e+03 	1.000000e+01 	1.000000e+01 	1.329849e-07 	1.892211e-09 	1.892211e-09 	
1.330000e+03 	1.000000e+01 	1.000000e+01 	1.165157e-07 	1.697095e-09 	1.697095e-09 	
1.350000e+03 	1.000000e+01 	1.000000e+01 	1.054701e-07 	1.558559e-09 	1.558559e-09 	
1.370000e+03 	1.000000e+01 	1.000000e+01 	9.595143e-08 	1.442175e-09 	1.442175e-09 	
1.390000e+03 	1.000000e+01 	1.000000e+01 	8.942059e-08 	1.430642e-09 	1.430642e-09 	
1.410000e+03 	1.000000e+01 	1.000000e+01 	7.694807e-08 	1.211928e-09 	1.211928e-09 	
1.430000e+03 	1.000000e+01 	1.000000e+01 	6.891109e-08 	1.136987e-09 	1.136987e-09 	
1.450000e+03 	1.000000e+01 	1.000000e+01 	6.250330e-08 	9.983540e-10 	9.983540e-10 	
1.470000e+03 	1.000000e+01 	1.000000e+01 	5.757707e-08 	9.205773e-10 	9.205773e-10 	
1.490000e+03 	1.000000e+01 	1.000000e+01 	5.229087e-08 	8.638119e-10 	8.638119e-10 	
1.510000e+03 	1.000000e+01 	1.000000e+01 	4.779352e-08 	8.036712e-10 	8.036712e-10 	
1.530000e+03 	1.000000e+01 	1.000000e+01 	4.238031e-08 	7.118994e-10 	7.118994e-10 	
1.550000e+03 	1.000000e+01 	1.000000e+01 	3.886900e-08 	6.845738e-10 	6.845738e-10 	
1.570000e+03 	1.000000e+01 	1.000000e+01 	3.540925e-08 	6.080645e-10 	6.080645e-10 	
1.590000e+03 	1.000000e+01 	1.000000e+01 	3.179479e-08 	5.567294e-10 	5.567294e-10 	
1.610000e+03 	1.000000e+01 	1.000000e+01 	2.902755e-08 	5.155585e-10 	5.155585e-10 	
1.630000e+03 	1.000000e+01 	1.000000e+01 	2.608782e-08 	4.694049e-10 	4.694049e-10 	
1.650000e+03 	1.000000e+01 	1.000000e+01 	2.413857e-08 	4.549592e-10 	4.549592e-10 	
1.670000e+03 	1.000000e+01 	1.000000e+01 	2.217313e-08 	4.105612e-10 	4.105612e-10 	
1.690000e+03 	1.000000e+01 	1.000000e+01 	2.034398e-08 	3.882682e-10 	3.882682e-10 	
1.710000e+03 	1.000000e+01 	1.000000e+01 	1.879778e-08 	3.491001e-10 	3.491001e-10 	
1.730000e+03 	1.000000e+01 	1.000000e+01 	1.685526e-08 	3.275285e-10 	3.275285e-10 	
1.750000e+03 	1.000000e+01 	1.000000e+01 	1.607932e-08 	3.331547e-10 	3.331547e-10 	
1.770000e+03 	1.000000e+01 	1.000000e+01 	1.386364e-08 	2.702845e-10 	2.702845e-10 	
1.790000e+03 	1.000000e+01 	1.000000e+01 	1.297294e-08 	2.601373e-10 	2.601373e-10 	
1.810000e+03 	1.000000e+01 	1.000000e+01 	1.212490e-08 	2.484546e-10 	2.484546e-10 	
1.830000e+03 	1.000000e+01 	1.000000e+01 	1.091882e-08 	2.193144e-10 	2.193144e-10 	
1.850000e+03 	1.000000e+01 	1.000000e+01 	9.867688e-09 	2.186957e-10 	2.186957e-10 	
1.870000e+03 	1.000000e+01 	1.000000e+01 	8.980211e-09 	1.774471e-10 	1.774471e-10 	
1.890000e+03 	1.000000e+01 	1.000000e+01 	8.558138e-09 	1.839444e-10 	1.839444e-10 	
1.910000e+03 	1.000000e+01 	1.000000e+01 	7.785872e-09 	1.630137e-10 	1.630137e-10 	
1.930000e+03 	1.000000e+01 	1.000000e+01 	7.482321e-09 	1.621655e-10 	1.621655e-10 	
1.950000e+03 	1.000000e+01 	1.000000e+01 	6.489035e-09 	1.466527e-10 	1.466527e-10 	
1.970000e+03 	1.000000e+01 	1.000000e+01 	6.001783e-09 	1.256357e-10 	1.256357e-10 	
1.990000e+03 	1.000000e+01 	1.000000e+01 	5.581897e-09 	1.219658e-10 	1.219658e-10 	
END SCATTER2D

BEGIN SCATTER2D /COMETA_ZZ_production_analysis/m3l
Path=/COMETA_ZZ_production_analysis/m3l
ScaledBy=1.35136927732948706e-05
Title=~
# val1       	err1-        	err1+        	val2         	err2-        	err2+        	
5.000000e+00 	5.000000e+00 	5.000000e+00 	0.000000e+00 	0.000000e+00 	0.000000e+00 	
1.500000e+01 	5.000000e+00 	5.000000e+00 	0.000000e+00 	0.000000e+00 	0.000000e+00 	
2.500000e+01 	5.000000e+00 	5.000000e+00 	0.000000e+00 	0.000000e+00 	0.000000e+00 	
3.500000e+01 	5.000000e+00 	5.000000e+00 	0.000000e+00 	0.000000e+00 	0.000000e+00 	
4.500000e+01 	5.000000e+00 	5.000000e+00 	0.000000e+00 	0.000000e+00 	0.000000e+00 	
5.500000e+01 	5.000000e+00 	5.000000e+00 	0.000000e+00 	0.000000e+00 	0.000000e+00 	
6.500000e+01 	5.000000e+00 	5.000000e+00 	0.000000e+00 	0.000000e+00 	0.000000e+00 	
7.500000e+01 	5.000000e+00 	5.000000e+00 	0.000000e+00 	0.000000e+00 	0.000000e+00 	
8.500000e+01 	5.000000e+00 	5.000000e+00 	2.531781e-06 	1.792342e-07 	1.792342e-07 	
9.500000e+01 	5.000000e+00 	5.000000e+00 	3.123295e-04 	2.415375e-06 	2.415375e-06 	
1.050000e+02 	5.000000e+00 	5.000000e+00 	3.311301e-03 	8.949946e-06 	8.949946e-06 	
1.150000e+02 	5.000000e+00 	5.000000e+00 	9.412766e-03 	1.549801e-05 	1.549801e-05 	
1.250000e+02 	5.000000e+00 	5.000000e+00 	1.624924e-02 	2.104249e-05 	2.104249e-05 	
1.350000e+02 	5.000000e+00 	5.000000e+00 	1.969371e-02 	2.450799e-05 	2.450799e-05 	
1.450000e+02 	5.000000e+00 	5.000000e+00 	1.781650e-02 	2.297347e-05 	2.297347e-05 	
1.550000e+02 	5.000000e+00 	5.000000e+00 	1.476552e-02 	2.001349e-05 	2.001349e-05 	
1.650000e+02 	5.000000e+00 	5.000000e+00 	1.178603e-02 	1.717885e-05 	1.717885e-05 	
1.750000e+02 	5.000000e+00 	5.000000e+00 	9.215004e-03 	1.469741e-05 	1.469741e-05 	
1.850000e+02 	5.000000e+00 	5.000000e+00 	7.174043e-03 	1.259466e-05 	1.259466e-05 	
1.950000e+02 	5.000000e+00 	5.000000e+00 	5.570470e-03 	1.078456e-05 	1.078456e-05 	
2.050000e+02 	5.000000e+00 	5.000000e+00 	4.332913e-03 	9.253496e-06 	9.253496e-06 	
2.150000e+02 	5.000000e+00 	5.000000e+00 	3.354130e-03 	7.927493e-06 	7.927493e-06 	
2.250000e+02 	5.000000e+00 	5.000000e+00 	2.630242e-03 	6.839912e-06 	6.839912e-06 	
2.350000e+02 	5.000000e+00 	5.000000e+00 	2.074889e-03 	5.958793e-06 	5.958793e-06 	
2.450000e+02 	5.000000e+00 	5.000000e+00 	1.628308e-03 	5.107660e-06 	5.107660e-06 	
2.550000e+02 	5.000000e+00 	5.000000e+00 	1.300214e-03 	4.471538e-06 	4.471538e-06 	
2.650000e+02 	5.000000e+00 	5.000000e+00 	1.042515e-03 	3.916499e-06 	3.916499e-06 	
2.750000e+02 	5.000000e+00 	5.000000e+00 	8.397523e-04 	3.443609e-06 	3.443609e-06 	
2.850000e+02 	5.000000e+00 	5.000000e+00 	6.814101e-04 	3.038237e-06 	3.038237e-06 	
2.950000e+02 	5.000000e+00 	5.000000e+00 	5.524778e-04 	2.642821e-06 	2.642821e-06 	
3.050000e+02 	5.000000e+00 	5.000000e+00 	4.516428e-04 	2.327244e-06 	2.327244e-06 	
3.150000e+02 	5.000000e+00 	5.000000e+00 	3.713322e-04 	2.034146e-06 	2.034146e-06 	
3.250000e+02 	5.000000e+00 	5.000000e+00 	3.078397e-04 	1.782077e-06 	1.782077e-06 	
3.350000e+02 	5.000000e+00 	5.000000e+00 	2.539743e-04 	1.587916e-06 	1.587916e-06 	
3.450000e+02 	5.000000e+00 	5.000000e+00 	2.131135e-04 	1.420508e-06 	1.420508e-06 	
3.550000e+02 	5.000000e+00 	5.000000e+00 	1.782772e-04 	1.245855e-06 	1.245855e-06 	
3.650000e+02 	5.000000e+00 	5.000000e+00 	1.490118e-04 	1.113692e-06 	1.113692e-06 	
3.750000e+02 	5.000000e+00 	5.000000e+00 	1.247237e-04 	9.723239e-07 	9.723239e-07 	
3.850000e+02 	5.000000e+00 	5.000000e+00 	1.063352e-04 	8.602536e-07 	8.602536e-07 	
3.950000e+02 	5.000000e+00 	5.000000e+00 	9.099072e-05 	7.685431e-07 	7.685431e-07 	
4.050000e+02 	5.000000e+00 	5.000000e+00 	7.824603e-05 	6.982994e-07 	6.982994e-07 	
4.150000e+02 	5.000000e+00 	5.000000e+00 	6.664108e-05 	6.286393e-07 	6.286393e-07 	
4.250000e+02 	5.000000e+00 	5.000000e+00 	5.792110e-05 	5.664744e-07 	5.664744e-07 	
4.350000e+02 	5.000000e+00 	5.000000e+00 	4.856764e-05 	4.957530e-07 	4.957530e-07 	
4.450000e+02 	5.000000e+00 	5.000000e+00 	4.298668e-05 	4.455545e-07 	4.455545e-07 	
4.550000e+02 	5.000000e+00 	5.000000e+00 	3.685405e-05 	3.912452e-07 	3.912452e-07 	
4.650000e+02 	5.000000e+00 	5.000000e+00 	3.208340e-05 	3.556978e-07 	3.556978e-07 	
4.750000e+02 	5.000000e+00 	5.000000e+00 	2.830337e-05 	3.239988e-07 	3.239988e-07 	
4.850000e+02 	5.000000e+00 	5.000000e+00 	2.414615e-05 	2.767763e-07 	2.767763e-07 	
4.950000e+02 	5.000000e+00 	5.000000e+00 	2.151822e-05 	2.515700e-07 	2.515700e-07 	
5.050000e+02 	5.000000e+00 	5.000000e+00 	1.895594e-05 	2.248529e-07 	2.248529e-07 	
5.150000e+02 	5.000000e+00 	5.000000e+00 	1.700126e-05 	2.142521e-07 	2.142521e-07 	
5.250000e+02 	5.000000e+00 	5.000000e+00 	1.427952e-05 	1.797159e-07 	1.797159e-07 	
5.350000e+02 	5.000000e+00 	5.000000e+00 	1.279075e-05 	1.721239e-07 	1.721239e-07 	
5.450000e+02 	5.000000e+00 	5.000000e+00 	1.143224e-05 	1.545059e-07 	1.545059e-07 	
5.550000e+02 	5.000000e+00 	5.000000e+00 	9.814436e-06 	1.330491e-07 	1.330491e-07 	
5.650000e+02 	5.000000e+00 	5.000000e+00 	8.994089e-06 	1.246476e-07 	1.246476e-07 	
5.750000e+02 	5.000000e+00 	5.000000e+00 	8.086846e-06 	1.095366e-07 	1.095366e-07 	
5.850000e+02 	5.000000e+00 	5.000000e+00 	7.099200e-06 	1.045799e-07 	1.045799e-07 	
5.950000e+02 	5.000000e+00 	5.000000e+00 	6.416655e-06 	9.618518e-08 	9.618518e-08 	
6.050000e+02 	5.000000e+00 	5.000000e+00 	5.731156e-06 	8.423497e-08 	8.423497e-08 	
6.150000e+02 	5.000000e+00 	5.000000e+00 	5.136847e-06 	7.332462e-08 	7.332462e-08 	
6.250000e+02 	5.000000e+00 	5.000000e+00 	4.578796e-06 	6.621538e-08 	6.621538e-08 	
6.350000e+02 	5.000000e+00 	5.000000e+00 	4.160228e-06 	6.162929e-08 	6.162929e-08 	
6.450000e+02 	5.000000e+00 	5.000000e+00 	3.777693e-06 	5.867248e-08 	5.867248e-08 	
6.550000e+02 	5.000000e+00 	5.000000e+00 	3.436273e-06 	4.997222e-08 	4.997222e-08 	
6.650000e+02 	5.000000e+00 	5.000000e+00 	3.017850e-06 	4.608159e-08 	4.608159e-08 	
6.750000e+02 	5.000000e+00 	5.000000e+00 	2.779860e-06 	4.060335e-08 	4.060335e-08 	
6.850000e+02 	5.000000e+00 	5.000000e+00 	2.551782e-06 	4.437636e-08 	4.437636e-08 	
6.950000e+02 	5.000000e+00 	5.000000e+00 	2.279169e-06 	3.602069e-08 	3.602069e-08 	
7.050000e+02 	5.000000e+00 	5.000000e+00 	2.084437e-06 	3.248153e-08 	3.248153e-08 	
7.150000e+02 	5.000000e+00 	5.000000e+00 	1.863534e-06 	2.879312e-08 	2.879312e-08 	
7.250000e+02 	5.000000e+00 	5.000000e+00 	1.715198e-06 	2.743292e-08 	2.743292e-08 	
7.350000e+02 	5.000000e+00 	5.000000e+00 	1.557462e-06 	2.423612e-08 	2.423612e-08 	
7.450000e+02 	5.000000e+00 	5.000000e+00 	1.423827e-06 	2.255996e-08 	2.255996e-08 	
7.550000e+02 	5.000000e+00 	5.000000e+00 	1.332793e-06 	2.153643e-08 	2.153643e-08 	
7.650000e+02 	5.000000e+00 	5.000000e+00 	1.226748e-06 	2.027086e-08 	2.027086e-08 	
7.750000e+02 	5.000000e+00 	5.000000e+00 	1.135397e-06 	1.934274e-08 	1.934274e-08 	
7.850000e+02 	5.000000e+00 	5.000000e+00 	1.045612e-06 	1.792747e-08 	1.792747e-08 	
7.950000e+02 	5.000000e+00 	5.000000e+00 	9.457902e-07 	1.664063e-08 	1.664063e-08 	
8.050000e+02 	5.000000e+00 	5.000000e+00 	8.700645e-07 	1.536551e-08 	1.536551e-08 	
8.150000e+02 	5.000000e+00 	5.000000e+00 	7.693406e-07 	1.389090e-08 	1.389090e-08 	
8.250000e+02 	5.000000e+00 	5.000000e+00 	7.279569e-07 	1.309329e-08 	1.309329e-08 	
8.350000e+02 	5.000000e+00 	5.000000e+00 	6.684300e-07 	1.236213e-08 	1.236213e-08 	
8.450000e+02 	5.000000e+00 	5.000000e+00 	6.173068e-07 	1.140421e-08 	1.140421e-08 	
8.550000e+02 	5.000000e+00 	5.000000e+00 	5.743779e-07 	1.057435e-08 	1.057435e-08 	
8.650000e+02 	5.000000e+00 	5.000000e+00 	5.427314e-07 	1.036962e-08 	1.036962e-08 	
8.750000e+02 	5.000000e+00 	5.000000e+00 	4.841263e-07 	9.321691e-09 	9.321691e-09 	
8.850000e+02 	5.000000e+00 	5.000000e+00 	4.421996e-07 	8.713446e-09 	8.713446e-09 	
8.950000e+02 	5.000000e+00 	5.000000e+00 	4.330972e-07 	8.551459e-09 	8.551459e-09 	
9.050000e+02 	5.000000e+00 	5.000000e+00 	3.858396e-07 	7.773017e-09 	7.773017e-09 	
9.150000e+02 	5.000000e+00 	5.000000e+00 	3.637617e-07 	7.255301e-09 	7.255301e-09 	
9.250000e+02 	5.000000e+00 	5.000000e+00 	3.353304e-07 	6.836756e-09 	6.836756e-09 	
9.350000e+02 	5.000000e+00 	5.000000e+00 	3.116434e-07 	6.565829e-09 	6.565829e-09 	
9.450000e+02 	5.000000e+00 	5.000000e+00 	2.849160e-07 	5.897336e-09 	5.897336e-09 	
9.550000e+02 	5.000000e+00 	5.000000e+00 	2.786135e-07 	5.794961e-09 	5.794961e-09 	
9.650000e+02 	5.000000e+00 	5.000000e+00 	2.491022e-07 	5.349124e-09 	5.349124e-09 	
9.750000e+02 	5.000000e+00 	5.000000e+00 	2.361251e-07 	5.067200e-09 	5.067200e-09 	
9.850000e+02 	5.000000e+00 	5.000000e+00 	2.181337e-07 	4.704539e-09 	4.704539e-09 	
9.950000e+02 	5.000000e+00 	5.000000e+00 	2.089681e-07 	4.533521e-09 	4.533521e-09 	
END SCATTER2D

BEGIN SCATTER2D /COMETA_ZZ_production_analysis/mpp
Path=/COMETA_ZZ_production_analysis/mpp
ScaledBy=1.35136927732948706e-05
Title=~
# val1       	err1-        	err1+        	val2         	err2-        	err2+        	
5.000000e+00 	5.000000e+00 	5.000000e+00 	1.121026e-03 	5.398667e-06 	5.398667e-06 	
1.500000e+01 	5.000000e+00 	5.000000e+00 	3.432143e-03 	9.443996e-06 	9.443996e-06 	
2.500000e+01 	5.000000e+00 	5.000000e+00 	5.598460e-03 	1.204806e-05 	1.204806e-05 	
3.500000e+01 	5.000000e+00 	5.000000e+00 	7.711823e-03 	1.417996e-05 	1.417996e-05 	
4.500000e+01 	5.000000e+00 	5.000000e+00 	9.732664e-03 	1.593399e-05 	1.593399e-05 	
5.500000e+01 	5.000000e+00 	5.000000e+00 	1.156583e-02 	1.740445e-05 	1.740445e-05 	
6.500000e+01 	5.000000e+00 	5.000000e+00 	1.296836e-02 	1.851774e-05 	1.851774e-05 	
7.500000e+01 	5.000000e+00 	5.000000e+00 	1.366310e-02 	1.920800e-05 	1.920800e-05 	
8.500000e+01 	5.000000e+00 	5.000000e+00 	1.327076e-02 	1.920106e-05 	1.920106e-05 	
9.500000e+01 	5.000000e+00 	5.000000e+00 	1.176455e-02 	1.809286e-05 	1.809286e-05 	
1.050000e+02 	5.000000e+00 	5.000000e+00 	9.797587e-03 	1.619139e-05 	1.619139e-05 	
1.150000e+02 	5.000000e+00 	5.000000e+00 	7.888854e-03 	1.408374e-05 	1.408374e-05 	
1.250000e+02 	5.000000e+00 	5.000000e+00 	6.220868e-03 	1.209094e-05 	1.209094e-05 	
1.350000e+02 	5.000000e+00 	5.000000e+00 	4.828300e-03 	1.031796e-05 	1.031796e-05 	
1.450000e+02 	5.000000e+00 	5.000000e+00 	3.738557e-03 	8.805776e-06 	8.805776e-06 	
1.550000e+02 	5.000000e+00 	5.000000e+00 	2.890647e-03 	7.495584e-06 	7.495584e-06 	
1.650000e+02 	5.000000e+00 	5.000000e+00 	2.216986e-03 	6.368251e-06 	6.368251e-06 	
1.750000e+02 	5.000000e+00 	5.000000e+00 	1.709624e-03 	5.423669e-06 	5.423669e-06 	
1.850000e+02 	5.000000e+00 	5.000000e+00 	1.322707e-03 	4.627866e-06 	4.627866e-06 	
1.950000e+02 	5.000000e+00 	5.000000e+00 	1.033456e-03 	3.992521e-06 	3.992521e-06 	
2.050000e+02 	5.000000e+00 	5.000000e+00 	8.071170e-04 	3.394619e-06 	3.394619e-06 	
2.150000e+02 	5.000000e+00 	5.000000e+00 	6.365091e-04 	2.957837e-06 	2.957837e-06 	
2.250000e+02 	5.000000e+00 	5.000000e+00 	4.991320e-04 	2.510275e-06 	2.510275e-06 	
2.350000e+02 	5.000000e+00 	5.000000e+00 	3.985952e-04 	2.194116e-06 	2.194116e-06 	
2.450000e+02 	5.000000e+00 	5.000000e+00 	3.183466e-04 	1.883493e-06 	1.883493e-06 	
2.550000e+02 	5.000000e+00 	5.000000e+00 	2.553426e-04 	1.621110e-06 	1.621110e-06 	
2.650000e+02 	5.000000e+00 	5.000000e+00 	2.042717e-04 	1.379706e-06 	1.379706e-06 	
2.750000e+02 	5.000000e+00 	5.000000e+00 	1.690774e-04 	1.218521e-06 	1.218521e-06 	
2.850000e+02 	5.000000e+00 	5.000000e+00 	1.350595e-04 	1.027373e-06 	1.027373e-06 	
2.950000e+02 	5.000000e+00 	5.000000e+00 	1.128908e-04 	9.351834e-07 	9.351834e-07 	
3.050000e+02 	5.000000e+00 	5.000000e+00 	9.185575e-05 	7.991782e-07 	7.991782e-07 	
3.150000e+02 	5.000000e+00 	5.000000e+00 	7.695662e-05 	7.076957e-07 	7.076957e-07 	
3.250000e+02 	5.000000e+00 	5.000000e+00 	6.356254e-05 	6.158017e-07 	6.158017e-07 	
3.350000e+02 	5.000000e+00 	5.000000e+00 	5.242514e-05 	5.176555e-07 	5.176555e-07 	
3.450000e+02 	5.000000e+00 	5.000000e+00 	4.404789e-05 	4.488440e-07 	4.488440e-07 	
3.550000e+02 	5.000000e+00 	5.000000e+00 	3.655749e-05 	3.825268e-07 	3.825268e-07 	
3.650000e+02 	5.000000e+00 	5.000000e+00 	3.094883e-05 	3.505733e-07 	3.505733e-07 	
3.750000e+02 	5.000000e+00 	5.000000e+00 	2.653102e-05 	3.014513e-07 	3.014513e-07 	
3.850000e+02 	5.000000e+00 	5.000000e+00 	2.257757e-05 	2.715527e-07 	2.715527e-07 	
3.950000e+02 	5.000000e+00 	5.000000e+00 	1.925720e-05 	2.234682e-07 	2.234682e-07 	
4.050000e+02 	5.000000e+00 	5.000000e+00 	1.641579e-05 	1.992945e-07 	1.992945e-07 	
4.150000e+02 	5.000000e+00 	5.000000e+00 	1.406757e-05 	1.762610e-07 	1.762610e-07 	
4.250000e+02 	5.000000e+00 	5.000000e+00 	1.216442e-05 	1.572991e-07 	1.572991e-07 	
4.350000e+02 	5.000000e+00 	5.000000e+00 	1.070494e-05 	1.574603e-07 	1.574603e-07 	
4.450000e+02 	5.000000e+00 	5.000000e+00 	9.105322e-06 	1.220322e-07 	1.220322e-07 	
4.550000e+02 	5.000000e+00 	5.000000e+00 	7.939766e-06 	1.155648e-07 	1.155648e-07 	
4.650000e+02 	5.000000e+00 	5.000000e+00 	6.785655e-06 	9.556712e-08 	9.556712e-08 	
4.750000e+02 	5.000000e+00 	5.000000e+00 	5.966220e-06 	8.236997e-08 	8.236997e-08 	
4.850000e+02 	5.000000e+00 	5.000000e+00 	5.219756e-06 	7.709272e-08 	7.709272e-08 	
4.950000e+02 	5.000000e+00 	5.000000e+00 	4.653635e-06 	6.779997e-08 	6.779997e-08 	
5.050000e+02 	5.000000e+00 	5.000000e+00 	4.091768e-06 	6.112471e-08 	6.112471e-08 	
5.150000e+02 	5.000000e+00 	5.000000e+00 	3.643781e-06 	5.471551e-08 	5.471551e-08 	
5.250000e+02 	5.000000e+00 	5.000000e+00 	3.157446e-06 	4.937071e-08 	4.937071e-08 	
5.350000e+02 	5.000000e+00 	5.000000e+00 	2.754889e-06 	4.093123e-08 	4.093123e-08 	
5.450000e+02 	5.000000e+00 	5.000000e+00 	2.435671e-06 	3.733908e-08 	3.733908e-08 	
5.550000e+02 	5.000000e+00 	5.000000e+00 	2.175362e-06 	3.422897e-08 	3.422897e-08 	
5.650000e+02 	5.000000e+00 	5.000000e+00 	2.014522e-06 	3.203530e-08 	3.203530e-08 	
5.750000e+02 	5.000000e+00 	5.000000e+00 	1.784569e-06 	2.828090e-08 	2.828090e-08 	
5.850000e+02 	5.000000e+00 	5.000000e+00 	1.573516e-06 	2.615061e-08 	2.615061e-08 	
5.950000e+02 	5.000000e+00 	5.000000e+00 	1.379535e-06 	2.306202e-08 	2.306202e-08 	
6.050000e+02 	5.000000e+00 	5.000000e+00 	1.285217e-06 	2.156465e-08 	2.156465e-08 	
6.150000e+02 	5.000000e+00 	5.000000e+00 	1.115950e-06 	1.980981e-08 	1.980981e-08 	
6.250000e+02 	5.000000e+00 	5.000000e+00 	1.014419e-06 	1.818058e-08 	1.818058e-08 	
6.350000e+02 	5.000000e+00 	5.000000e+00 	9.270019e-07 	1.653568e-08 	1.653568e-08 	
6.450000e+02 	5.000000e+00 	5.000000e+00 	8.429835e-07 	1.546974e-08 	1.546974e-08 	
6.550000e+02 	5.000000e+00 	5.000000e+00 	7.835949e-07 	1.462372e-08 	1.462372e-08 	
6.650000e+02 	5.000000e+00 	5.000000e+00 	6.955849e-07 	1.302860e-08 	1.302860e-08 	
6.750000e+02 	5.000000e+00 	5.000000e+00 	6.357438e-07 	1.219096e-08 	1.219096e-08 	
6.850000e+02 	5.000000e+00 	5.000000e+00 	5.662220e-07 	1.121917e-08 	1.121917e-08 	
6.950000e+02 	5.000000e+00 	5.000000e+00 	4.975034e-07 	1.011150e-08 	1.011150e-08 	
7.050000e+02 	5.000000e+00 	5.000000e+00 	4.695603e-07 	9.453499e-09 	9.453499e-09 	
7.150000e+02 	5.000000e+00 	5.000000e+00 	4.285027e-07 	8.875624e-09 	8.875624e-09 	
7.250000e+02 	5.000000e+00 	5.000000e+00 	3.883562e-07 	8.238881e-09 	8.238881e-09 	
7.350000e+02 	5.000000e+00 	5.000000e+00 	3.594713e-07 	7.638333e-09 	7.638333e-09 	
7.450000e+02 	5.000000e+00 	5.000000e+00 	3.240095e-07 	6.950351e-09 	6.950351e-09 	
7.550000e+02 	5.000000e+00 	5.000000e+00 	3.065888e-07 	6.823283e-09 	6.823283e-09 	
7.650000e+02 	5.000000e+00 	5.000000e+00 	2.678836e-07 	6.123368e-09 	6.123368e-09 	
7.750000e+02 	5.000000e+00 	5.000000e+00 	2.618812e-07 	5.851671e-09 	5.851671e-09 	
7.850000e+02 	5.000000e+00 	5.000000e+00 	2.300887e-07 	5.169936e-09 	5.169936e-09 	
7.950000e+02 	5.000000e+00 	5.000000e+00 	2.015206e-07 	4.761694e-09 	4.761694e-09 	
END SCATTER2D

BEGIN SCATTER2D /COMETA_ZZ_production_analysis/mee
Path=/COMETA_ZZ_production_analysis/mee
ScaledBy=1.35136927732948706e-05
Title=~
# val1       	err1-        	err1+        	val2         	err2-        	err2+        	
8.125000e+01 	2.500000e-01 	2.500000e-01 	5.900148e-03 	5.414971e-05 	5.414971e-05 	
8.175000e+01 	2.500000e-01 	2.500000e-01 	6.555902e-03 	5.712907e-05 	5.712907e-05 	
8.225000e+01 	2.500000e-01 	2.500000e-01 	7.238802e-03 	6.021224e-05 	6.021224e-05 	
8.275000e+01 	2.500000e-01 	2.500000e-01 	8.111790e-03 	6.406189e-05 	6.406189e-05 	
8.325000e+01 	2.500000e-01 	2.500000e-01 	9.256955e-03 	6.849308e-05 	6.849308e-05 	
8.375000e+01 	2.500000e-01 	2.500000e-01 	1.056352e-02 	7.355335e-05 	7.355335e-05 	
8.425000e+01 	2.500000e-01 	2.500000e-01 	1.202401e-02 	7.772584e-05 	7.772584e-05 	
8.475000e+01 	2.500000e-01 	2.500000e-01 	1.373487e-02 	8.365594e-05 	8.365594e-05 	
8.525000e+01 	2.500000e-01 	2.500000e-01 	1.629424e-02 	9.064499e-05 	9.064499e-05 	
8.575000e+01 	2.500000e-01 	2.500000e-01 	1.913933e-02 	9.765187e-05 	9.765187e-05 	
8.625000e+01 	2.500000e-01 	2.500000e-01 	2.311670e-02 	1.078274e-04 	1.078274e-04 	
8.675000e+01 	2.500000e-01 	2.500000e-01 	2.833102e-02 	1.203171e-04 	1.203171e-04 	
8.725000e+01 	2.500000e-01 	2.500000e-01 	3.539389e-02 	1.341655e-04 	1.341655e-04 	
8.775000e+01 	2.500000e-01 	2.500000e-01 	4.503643e-02 	1.503682e-04 	1.503682e-04 	
8.825000e+01 	2.500000e-01 	2.500000e-01 	5.965787e-02 	1.735039e-04 	1.735039e-04 	
8.875000e+01 	2.500000e-01 	2.500000e-01 	8.068976e-02 	2.013616e-04 	2.013616e-04 	
8.925000e+01 	2.500000e-01 	2.500000e-01 	1.144258e-01 	2.401982e-04 	2.401982e-04 	
8.975000e+01 	2.500000e-01 	2.500000e-01 	1.681697e-01 	2.908266e-04 	2.908266e-04 	
9.025000e+01 	2.500000e-01 	2.500000e-01 	2.483270e-01 	3.533381e-04 	3.533381e-04 	
9.075000e+01 	2.500000e-01 	2.500000e-01 	3.400034e-01 	4.129503e-04 	4.129503e-04 	
9.125000e+01 	2.500000e-01 	2.500000e-01 	3.733296e-01 	4.337160e-04 	4.337160e-04 	
9.175000e+01 	2.500000e-01 	2.500000e-01 	3.089196e-01 	3.939556e-04 	3.939556e-04 	
9.225000e+01 	2.500000e-01 	2.500000e-01 	2.162345e-01 	3.292409e-04 	3.292409e-04 	
9.275000e+01 	2.500000e-01 	2.500000e-01 	1.451269e-01 	2.696044e-04 	2.696044e-04 	
9.325000e+01 	2.500000e-01 	2.500000e-01 	9.981808e-02 	2.235775e-04 	2.235775e-04 	
9.375000e+01 	2.500000e-01 	2.500000e-01 	7.134099e-02 	1.890144e-04 	1.890144e-04 	
9.425000e+01 	2.500000e-01 	2.500000e-01 	5.301145e-02 	1.628037e-04 	1.628037e-04 	
9.475000e+01 	2.500000e-01 	2.500000e-01 	4.066449e-02 	1.427046e-04 	1.427046e-04 	
9.525000e+01 	2.500000e-01 	2.500000e-01 	3.182776e-02 	1.262262e-04 	1.262262e-04 	
9.575000e+01 	2.500000e-01 	2.500000e-01 	2.553430e-02 	1.129151e-04 	1.129151e-04 	
9.625000e+01 	2.500000e-01 	2.500000e-01 	2.093315e-02 	1.019516e-04 	1.019516e-04 	
9.675000e+01 	2.500000e-01 	2.500000e-01 	1.747034e-02 	9.236575e-05 	9.236575e-05 	
9.725000e+01 	2.500000e-01 	2.500000e-01 	1.497070e-02 	8.658548e-05 	8.658548e-05 	
9.775000e+01 	2.500000e-01 	2.500000e-01 	1.262182e-02 	7.853658e-05 	7.853658e-05 	
9.825000e+01 	2.500000e-01 	2.500000e-01 	1.092700e-02 	7.321965e-05 	7.321965e-05 	
9.875000e+01 	2.500000e-01 	2.500000e-01 	9.441522e-03 	6.775951e-05 	6.775951e-05 	
9.925000e+01 	2.500000e-01 	2.500000e-01 	8.491645e-03 	6.475475e-05 	6.475475e-05 	
9.975000e+01 	2.500000e-01 	2.500000e-01 	7.305882e-03 	5.912081e-05 	5.912081e-05 	
1.002500e+02 	2.500000e-01 	2.500000e-01 	6.498238e-03 	5.587075e-05 	5.587075e-05 	
1.007500e+02 	2.500000e-01 	2.500000e-01 	5.754637e-03 	5.252555e-05 	5.252555e-05 	
END SCATTER2D

BEGIN SCATTER2D /COMETA_ZZ_production_analysis/pt4l
Path=/COMETA_ZZ_production_analysis/pt4l
ScaledBy=1.35136927732948706e-05
Title=~
# val1       	err1-        	err1+        	val2         	err2-        	err2+        	
2.500000e+00 	2.500000e+00 	2.500000e+00 	2.732194e-01 	1.171157e-04 	1.171157e-04 	
7.500000e+00 	2.500000e+00 	2.500000e+00 	0.000000e+00 	0.000000e+00 	0.000000e+00 	
1.250000e+01 	2.500000e+00 	2.500000e+00 	0.000000e+00 	0.000000e+00 	0.000000e+00 	
1.750000e+01 	2.500000e+00 	2.500000e+00 	0.000000e+00 	0.000000e+00 	0.000000e+00 	
2.250000e+01 	2.500000e+00 	2.500000e+00 	0.000000e+00 	0.000000e+00 	0.000000e+00 	
2.750000e+01 	2.500000e+00 	2.500000e+00 	0.000000e+00 	0.000000e+00 	0.000000e+00 	
3.250000e+01 	2.500000e+00 	2.500000e+00 	0.000000e+00 	0.000000e+00 	0.000000e+00 	
3.750000e+01 	2.500000e+00 	2.500000e+00 	0.000000e+00 	0.000000e+00 	0.000000e+00 	
4.250000e+01 	2.500000e+00 	2.500000e+00 	0.000000e+00 	0.000000e+00 	0.000000e+00 	
4.750000e+01 	2.500000e+00 	2.500000e+00 	0.000000e+00 	0.000000e+00 	0.000000e+00 	
5.250000e+01 	2.500000e+00 	2.500000e+00 	0.000000e+00 	0.000000e+00 	0.000000e+00 	
5.750000e+01 	2.500000e+00 	2.500000e+00 	0.000000e+00 	0.000000e+00 	0.000000e+00 	
6.250000e+01 	2.500000e+00 	2.500000e+00 	0.000000e+00 	0.000000e+00 	0.000000e+00 	
6.750000e+01 	2.500000e+00 	2.500000e+00 	0.000000e+00 	0.000000e+00 	0.000000e+00 	
7.250000e+01 	2.500000e+00 	2.500000e+00 	0.000000e+00 	0.000000e+00 	0.000000e+00 	
7.750000e+01 	2.500000e+00 	2.500000e+00 	0.000000e+00 	0.000000e+00 	0.000000e+00 	
8.250000e+01 	2.500000e+00 	2.500000e+00 	0.000000e+00 	0.000000e+00 	0.000000e+00 	
8.750000e+01 	2.500000e+00 	2.500000e+00 	0.000000e+00 	0.000000e+00 	0.000000e+00 	
9.250000e+01 	2.500000e+00 	2.500000e+00 	0.000000e+00 	0.000000e+00 	0.000000e+00 	
9.750000e+01 	2.500000e+00 	2.500000e+00 	0.000000e+00 	0.000000e+00 	0.000000e+00 	
1.025000e+02 	2.500000e+00 	2.500000e+00 	0.000000e+00 	0.000000e+00 	0.000000e+00 	
1.075000e+02 	2.500000e+00 	2.500000e+00 	0.000000e+00 	0.000000e+00 	0.000000e+00 	
1.125000e+02 	2.500000e+00 	2.500000e+00 	0.000000e+00 	0.000000e+00 	0.000000e+00 	
1.175000e+02 	2.500000e+00 	2.500000e+00 	0.000000e+00 	0.000000e+00 	0.000000e+00 	
1.225000e+02 	2.500000e+00 	2.500000e+00 	0.000000e+00 	0.000000e+00 	0.000000e+00 	
1.275000e+02 	2.500000e+00 	2.500000e+00 	0.000000e+00 	0.000000e+00 	0.000000e+00 	
1.325000e+02 	2.500000e+00 	2.500000e+00 	0.000000e+00 	0.000000e+00 	0.000000e+00 	
1.375000e+02 	2.500000e+00 	2.500000e+00 	0.000000e+00 	0.000000e+00 	0.000000e+00 	
1.425000e+02 	2.500000e+00 	2.500000e+00 	0.000000e+00 	0.000000e+00 	0.000000e+00 	
1.475000e+02 	2.500000e+00 	2.500000e+00 	0.000000e+00 	0.000000e+00 	0.000000e+00 	
1.525000e+02 	2.500000e+00 	2.500000e+00 	0.000000e+00 	0.000000e+00 	0.000000e+00 	
1.575000e+02 	2.500000e+00 	2.500000e+00 	0.000000e+00 	0.000000e+00 	0.000000e+00 	
1.625000e+02 	2.500000e+00 	2.500000e+00 	0.000000e+00 	0.000000e+00 	0.000000e+00 	
1.675000e+02 	2.500000e+00 	2.500000e+00 	0.000000e+00 	0.000000e+00 	0.000000e+00 	
1.725000e+02 	2.500000e+00 	2.500000e+00 	0.000000e+00 	0.000000e+00 	0.000000e+00 	
1.775000e+02 	2.500000e+00 	2.500000e+00 	0.000000e+00 	0.000000e+00 	0.000000e+00 	
1.825000e+02 	2.500000e+00 	2.500000e+00 	0.000000e+00 	0.000000e+00 	0.000000e+00 	
1.875000e+02 	2.500000e+00 	2.500000e+00 	0.000000e+00 	0.000000e+00 	0.000000e+00 	
1.925000e+02 	2.500000e+00 	2.500000e+00 	0.000000e+00 	0.000000e+00 	0.000000e+00 	
1.975000e+02 	2.500000e+00 	2.500000e+00 	0.000000e+00 	0.000000e+00 	0.000000e+00 	
2.025000e+02 	2.500000e+00 	2.500000e+00 	0.000000e+00 	0.000000e+00 	0.000000e+00 	
2.075000e+02 	2.500000e+00 	2.500000e+00 	0.000000e+00 	0.000000e+00 	0.000000e+00 	
2.125000e+02 	2.500000e+00 	2.500000e+00 	0.000000e+00 	0.000000e+00 	0.000000e+00 	
2.175000e+02 	2.500000e+00 	2.500000e+00 	0.000000e+00 	0.000000e+00 	0.000000e+00 	
2.225000e+02 	2.500000e+00 	2.500000e+00 	0.000000e+00 	0.000000e+00 	0.000000e+00 	
2.275000e+02 	2.500000e+00 	2.500000e+00 	0.000000e+00 	0.000000e+00 	0.000000e+00 	
2.325000e+02 	2.500000e+00 	2.500000e+00 	0.000000e+00 	0.000000e+00 	0.000000e+00 	
2.375000e+02 	2.500000e+00 	2.500000e+00 	0.000000e+00 	0.000000e+00 	0.000000e+00 	
2.425000e+02 	2.500000e+00 	2.500000e+00 	0.000000e+00 	0.000000e+00 	0.000000e+00 	
2.475000e+02 	2.500000e+00 	2.500000e+00 	0.000000e+00 	0.000000e+00 	0.000000e+00 	
2.525000e+02 	2.500000e+00 	2.500000e+00 	0.000000e+00 	0.000000e+00 	0.000000e+00 	
2.575000e+02 	2.500000e+00 	2.500000e+00 	0.000000e+00 	0.000000e+00 	0.000000e+00 	
2.625000e+02 	2.500000e+00 	2.500000e+00 	0.000000e+00 	0.000000e+00 	0.000000e+00 	
2.675000e+02 	2.500000e+00 	2.500000e+00 	0.000000e+00 	0.000000e+00 	0.000000e+00 	
2.725000e+02 	2.500000e+00 	2.500000e+00 	0.000000e+00 	0.000000e+00 	0.000000e+00 	
2.775000e+02 	2.500000e+00 	2.500000e+00 	0.000000e+00 	0.000000e+00 	0.000000e+00 	
2.825000e+02 	2.500000e+00 	2.500000e+00 	0.000000e+00 	0.000000e+00 	0.000000e+00 	
2.875000e+02 	2.500000e+00 	2.500000e+00 	0.000000e+00 	0.000000e+00 	0.000000e+00 	
2.925000e+02 	2.500000e+00 	2.500000e+00 	0.000000e+00 	0.000000e+00 	0.000000e+00 	
2.975000e+02 	2.500000e+00 	2.500000e+00 	0.000000e+00 	0.000000e+00 	0.000000e+00 	
END SCATTER2D

BEGIN SCATTER2D /COMETA_ZZ_production_analysis/ptpp
Path=/COMETA_ZZ_production_analysis/ptpp
ScaledBy=1.35136927732948706e-05
Title=~
# val1       	err1-        	err1+        	val2         	err2-        	err2+        	
7.500000e+00 	7.500000e+00 	7.500000e+00 	6.794949e-03 	1.102235e-05 	1.102235e-05 	
2.250000e+01 	7.500000e+00 	7.500000e+00 	1.227990e-02 	1.468729e-05 	1.468729e-05 	
3.750000e+01 	7.500000e+00 	7.500000e+00 	1.450065e-02 	1.580217e-05 	1.580217e-05 	
5.250000e+01 	7.500000e+00 	7.500000e+00 	1.700754e-02 	1.704158e-05 	1.704158e-05 	
6.750000e+01 	7.500000e+00 	7.500000e+00 	1.905097e-02 	1.794864e-05 	1.794864e-05 	
8.250000e+01 	7.500000e+00 	7.500000e+00 	1.643191e-02 	1.657403e-05 	1.657403e-05 	
9.750000e+01 	7.500000e+00 	7.500000e+00 	3.717226e-03 	6.651339e-06 	6.651339e-06 	
1.125000e+02 	7.500000e+00 	7.500000e+00 	7.559213e-04 	2.047999e-06 	2.047999e-06 	
1.275000e+02 	7.500000e+00 	7.500000e+00 	2.747071e-04 	9.758148e-07 	9.758148e-07 	
1.425000e+02 	7.500000e+00 	7.500000e+00 	1.212602e-04 	5.289738e-07 	5.289738e-07 	
1.575000e+02 	7.500000e+00 	7.500000e+00 	5.915381e-05 	3.083977e-07 	3.083977e-07 	
1.725000e+02 	7.500000e+00 	7.500000e+00 	3.141835e-05 	1.890222e-07 	1.890222e-07 	
1.875000e+02 	7.500000e+00 	7.500000e+00 	1.767212e-05 	1.204597e-07 	1.204597e-07 	
2.025000e+02 	7.500000e+00 	7.500000e+00 	1.056170e-05 	8.113279e-08 	8.113279e-08 	
2.175000e+02 	7.500000e+00 	7.500000e+00 	6.370025e-06 	5.459393e-08 	5.459393e-08 	
2.325000e+02 	7.500000e+00 	7.500000e+00 	4.069854e-06 	3.790408e-08 	3.790408e-08 	
2.475000e+02 	7.500000e+00 	7.500000e+00 	2.677418e-06 	2.719737e-08 	2.719737e-08 	
2.625000e+02 	7.500000e+00 	7.500000e+00 	1.757393e-06 	1.939004e-08 	1.939004e-08 	
2.775000e+02 	7.500000e+00 	7.500000e+00 	1.221288e-06 	1.461292e-08 	1.461292e-08 	
2.925000e+02 	7.500000e+00 	7.500000e+00 	8.619186e-07 	1.099836e-08 	1.099836e-08 	
3.075000e+02 	7.500000e+00 	7.500000e+00 	5.903501e-07 	8.161735e-09 	8.161735e-09 	
3.225000e+02 	7.500000e+00 	7.500000e+00 	4.316249e-07 	6.240083e-09 	6.240083e-09 	
3.375000e+02 	7.500000e+00 	7.500000e+00 	3.076565e-07 	4.771034e-09 	4.771034e-09 	
3.525000e+02 	7.500000e+00 	7.500000e+00 	2.307764e-07 	3.719086e-09 	3.719086e-09 	
3.675000e+02 	7.500000e+00 	7.500000e+00 	1.701397e-07 	2.901836e-09 	2.901836e-09 	
3.825000e+02 	7.500000e+00 	7.500000e+00 	1.314234e-07 	2.373855e-09 	2.373855e-09 	
3.975000e+02 	7.500000e+00 	7.500000e+00 	9.590946e-08 	1.767578e-09 	1.767578e-09 	
4.125000e+02 	7.500000e+00 	7.500000e+00 	7.813622e-08 	1.513142e-09 	1.513142e-09 	
4.275000e+02 	7.500000e+00 	7.500000e+00 	5.797367e-08 	1.167403e-09 	1.167403e-09 	
4.425000e+02 	7.500000e+00 	7.500000e+00 	4.666293e-08 	9.721654e-10 	9.721654e-10 	
4.575000e+02 	7.500000e+00 	7.500000e+00 	3.610262e-08 	7.868973e-10 	7.868973e-10 	
4.725000e+02 	7.500000e+00 	7.500000e+00 	2.795373e-08 	6.370785e-10 	6.370785e-10 	
4.875000e+02 	7.500000e+00 	7.500000e+00 	2.286380e-08 	5.349855e-10 	5.349855e-10 	
5.025000e+02 	7.500000e+00 	7.500000e+00 	1.787905e-08 	4.374218e-10 	4.374218e-10 	
5.175000e+02 	7.500000e+00 	7.500000e+00 	1.441114e-08 	3.604828e-10 	3.604828e-10 	
5.325000e+02 	7.500000e+00 	7.500000e+00 	1.091510e-08 	2.867382e-10 	2.867382e-10 	
5.475000e+02 	7.500000e+00 	7.500000e+00 	9.272585e-09 	2.514817e-10 	2.514817e-10 	
5.625000e+02 	7.500000e+00 	7.500000e+00 	7.687975e-09 	2.178141e-10 	2.178141e-10 	
5.775000e+02 	7.500000e+00 	7.500000e+00 	6.023033e-09 	1.719476e-10 	1.719476e-10 	
5.925000e+02 	7.500000e+00 	7.500000e+00 	4.805070e-09 	1.435265e-10 	1.435265e-10 	
END SCATTER2D

BEGIN SCATTER2D /COMETA_ZZ_production_analysis/ptee
Path=/COMETA_ZZ_production_analysis/ptee
ScaledBy=1.35136927732948706e-05
Title=~
# val1       	err1-        	err1+        	val2         	err2-        	err2+        	
7.500000e+00 	7.500000e+00 	7.500000e+00 	1.786476e-02 	1.746637e-05 	1.746637e-05 	
2.250000e+01 	7.500000e+00 	7.500000e+00 	2.105005e-02 	1.995190e-05 	1.995190e-05 	
3.750000e+01 	7.500000e+00 	7.500000e+00 	1.532172e-02 	1.711152e-05 	1.711152e-05 	
5.250000e+01 	7.500000e+00 	7.500000e+00 	1.191036e-02 	1.473631e-05 	1.473631e-05 	
6.750000e+01 	7.500000e+00 	7.500000e+00 	8.706169e-03 	1.186246e-05 	1.186246e-05 	
8.250000e+01 	7.500000e+00 	7.500000e+00 	5.835927e-03 	8.946824e-06 	8.946824e-06 	
9.750000e+01 	7.500000e+00 	7.500000e+00 	3.736975e-03 	6.530213e-06 	6.530213e-06 	
1.125000e+02 	7.500000e+00 	7.500000e+00 	2.343937e-03 	4.745938e-06 	4.745938e-06 	
1.275000e+02 	7.500000e+00 	7.500000e+00 	1.469877e-03 	3.419400e-06 	3.419400e-06 	
1.425000e+02 	7.500000e+00 	7.500000e+00 	9.416841e-04 	2.488411e-06 	2.488411e-06 	
1.575000e+02 	7.500000e+00 	7.500000e+00 	6.043439e-04 	1.774149e-06 	1.774149e-06 	
1.725000e+02 	7.500000e+00 	7.500000e+00 	3.953837e-04 	1.314291e-06 	1.314291e-06 	
1.875000e+02 	7.500000e+00 	7.500000e+00 	2.625910e-04 	9.643310e-07 	9.643310e-07 	
2.025000e+02 	7.500000e+00 	7.500000e+00 	1.796582e-04 	7.255028e-07 	7.255028e-07 	
2.175000e+02 	7.500000e+00 	7.500000e+00 	1.235182e-04 	5.450922e-07 	5.450922e-07 	
2.325000e+02 	7.500000e+00 	7.500000e+00 	8.666736e-05 	4.266202e-07 	4.266202e-07 	
2.475000e+02 	7.500000e+00 	7.500000e+00 	6.169990e-05 	3.234546e-07 	3.234546e-07 	
2.625000e+02 	7.500000e+00 	7.500000e+00 	4.415683e-05 	2.444516e-07 	2.444516e-07 	
2.775000e+02 	7.500000e+00 	7.500000e+00 	3.239236e-05 	1.951331e-07 	1.951331e-07 	
2.925000e+02 	7.500000e+00 	7.500000e+00 	2.344730e-05 	1.504503e-07 	1.504503e-07 	
3.075000e+02 	7.500000e+00 	7.500000e+00 	1.774839e-05 	1.219797e-07 	1.219797e-07 	
3.225000e+02 	7.500000e+00 	7.500000e+00 	1.316922e-05 	9.861725e-08 	9.861725e-08 	
3.375000e+02 	7.500000e+00 	7.500000e+00 	9.973278e-06 	7.873460e-08 	7.873460e-08 	
3.525000e+02 	7.500000e+00 	7.500000e+00 	7.591264e-06 	6.212205e-08 	6.212205e-08 	
3.675000e+02 	7.500000e+00 	7.500000e+00 	5.935136e-06 	5.029887e-08 	5.029887e-08 	
3.825000e+02 	7.500000e+00 	7.500000e+00 	4.572944e-06 	4.107701e-08 	4.107701e-08 	
3.975000e+02 	7.500000e+00 	7.500000e+00 	3.632966e-06 	3.535025e-08 	3.535025e-08 	
4.125000e+02 	7.500000e+00 	7.500000e+00 	2.871946e-06 	2.932602e-08 	2.932602e-08 	
4.275000e+02 	7.500000e+00 	7.500000e+00 	2.247919e-06 	2.409949e-08 	2.409949e-08 	
4.425000e+02 	7.500000e+00 	7.500000e+00 	1.790182e-06 	1.942450e-08 	1.942450e-08 	
4.575000e+02 	7.500000e+00 	7.500000e+00 	1.423209e-06 	1.608151e-08 	1.608151e-08 	
4.725000e+02 	7.500000e+00 	7.500000e+00 	1.196834e-06 	1.417969e-08 	1.417969e-08 	
4.875000e+02 	7.500000e+00 	7.500000e+00 	9.578169e-07 	1.168137e-08 	1.168137e-08 	
5.025000e+02 	7.500000e+00 	7.500000e+00 	7.725621e-07 	9.423203e-09 	9.423203e-09 	
5.175000e+02 	7.500000e+00 	7.500000e+00 	6.380065e-07 	8.644322e-09 	8.644322e-09 	
5.325000e+02 	7.500000e+00 	7.500000e+00 	5.198514e-07 	6.990131e-09 	6.990131e-09 	
5.475000e+02 	7.500000e+00 	7.500000e+00 	4.252399e-07 	5.805793e-09 	5.805793e-09 	
5.625000e+02 	7.500000e+00 	7.500000e+00 	3.617091e-07 	5.211355e-09 	5.211355e-09 	
5.775000e+02 	7.500000e+00 	7.500000e+00 	2.953202e-07 	4.192700e-09 	4.192700e-09 	
5.925000e+02 	7.500000e+00 	7.500000e+00 	2.448624e-07 	3.774215e-09 	3.774215e-09 	
END SCATTER2D

BEGIN SCATTER2D /COMETA_ZZ_production_analysis/ptep
Path=/COMETA_ZZ_production_analysis/ptep
ScaledBy=1.35136927732948706e-05
Title=~
# val1       	err1-        	err1+        	val2         	err2-        	err2+        	
5.000000e+00 	5.000000e+00 	5.000000e+00 	7.001494e-04 	3.995101e-06 	3.995101e-06 	
1.500000e+01 	5.000000e+00 	5.000000e+00 	6.838999e-03 	1.259415e-05 	1.259415e-05 	
2.500000e+01 	5.000000e+00 	5.000000e+00 	1.752369e-02 	2.085672e-05 	2.085672e-05 	
3.500000e+01 	5.000000e+00 	5.000000e+00 	3.126191e-02 	2.855483e-05 	2.855483e-05 	
4.500000e+01 	5.000000e+00 	5.000000e+00 	3.502741e-02 	3.099073e-05 	3.099073e-05 	
5.500000e+01 	5.000000e+00 	5.000000e+00 	1.943408e-02 	2.307487e-05 	2.307487e-05 	
6.500000e+01 	5.000000e+00 	5.000000e+00 	1.016676e-02 	1.570839e-05 	1.570839e-05 	
7.500000e+01 	5.000000e+00 	5.000000e+00 	5.925230e-03 	1.125847e-05 	1.125847e-05 	
8.500000e+01 	5.000000e+00 	5.000000e+00 	3.551483e-03 	8.081234e-06 	8.081234e-06 	
9.500000e+01 	5.000000e+00 	5.000000e+00 	2.163125e-03 	5.787591e-06 	5.787591e-06 	
1.050000e+02 	5.000000e+00 	5.000000e+00 	1.345953e-03 	4.188537e-06 	4.188537e-06 	
1.150000e+02 	5.000000e+00 	5.000000e+00 	8.542041e-04 	3.051832e-06 	3.051832e-06 	
1.250000e+02 	5.000000e+00 	5.000000e+00 	5.585663e-04 	2.273174e-06 	2.273174e-06 	
1.350000e+02 	5.000000e+00 	5.000000e+00 	3.686753e-04 	1.683893e-06 	1.683893e-06 	
1.450000e+02 	5.000000e+00 	5.000000e+00 	2.484216e-04 	1.270332e-06 	1.270332e-06 	
1.550000e+02 	5.000000e+00 	5.000000e+00 	1.719353e-04 	9.667404e-07 	9.667404e-07 	
1.650000e+02 	5.000000e+00 	5.000000e+00 	1.211952e-04 	7.436170e-07 	7.436170e-07 	
1.750000e+02 	5.000000e+00 	5.000000e+00 	8.722817e-05 	5.858367e-07 	5.858367e-07 	
1.850000e+02 	5.000000e+00 	5.000000e+00 	6.351748e-05 	4.602114e-07 	4.602114e-07 	
1.950000e+02 	5.000000e+00 	5.000000e+00 	4.553742e-05 	3.522743e-07 	3.522743e-07 	
2.050000e+02 	5.000000e+00 	5.000000e+00 	3.428694e-05 	2.884315e-07 	2.884315e-07 	
2.150000e+02 	5.000000e+00 	5.000000e+00 	2.525726e-05 	2.271097e-07 	2.271097e-07 	
2.250000e+02 	5.000000e+00 	5.000000e+00 	1.922977e-05 	1.836144e-07 	1.836144e-07 	
2.350000e+02 	5.000000e+00 	5.000000e+00 	1.485502e-05 	1.522123e-07 	1.522123e-07 	
2.450000e+02 	5.000000e+00 	5.000000e+00 	1.147440e-05 	1.242823e-07 	1.242823e-07 	
2.550000e+02 	5.000000e+00 	5.000000e+00 	9.044542e-06 	1.026554e-07 	1.026554e-07 	
2.650000e+02 	5.000000e+00 	5.000000e+00 	7.025882e-06 	8.390944e-08 	8.390944e-08 	
2.750000e+02 	5.000000e+00 	5.000000e+00 	5.608339e-06 	7.041292e-08 	7.041292e-08 	
2.850000e+02 	5.000000e+00 	5.000000e+00 	4.551197e-06 	5.919369e-08 	5.919369e-08 	
2.950000e+02 	5.000000e+00 	5.000000e+00 	3.527340e-06 	4.894037e-08 	4.894037e-08 	
3.050000e+02 	5.000000e+00 	5.000000e+00 	2.874780e-06 	4.136082e-08 	4.136082e-08 	
3.150000e+02 	5.000000e+00 	5.000000e+00 	2.296766e-06 	3.491780e-08 	3.491780e-08 	
3.250000e+02 	5.000000e+00 	5.000000e+00 	1.840139e-06 	2.899789e-08 	2.899789e-08 	
3.350000e+02 	5.000000e+00 	5.000000e+00 	1.519272e-06 	2.487010e-08 	2.487010e-08 	
3.450000e+02 	5.000000e+00 	5.000000e+00 	1.279465e-06 	2.121468e-08 	2.121468e-08 	
3.550000e+02 	5.000000e+00 	5.000000e+00 	1.061243e-06 	1.851525e-08 	1.851525e-08 	
3.650000e+02 	5.000000e+00 	5.000000e+00 	8.582424e-07 	1.577950e-08 	1.577950e-08 	
3.750000e+02 	5.000000e+00 	5.000000e+00 	7.297734e-07 	1.378873e-08 	1.378873e-08 	
3.850000e+02 	5.000000e+00 	5.000000e+00 	6.250299e-07 	1.223080e-08 	1.223080e-08 	
3.950000e+02 	5.000000e+00 	5.000000e+00 	5.149427e-07 	1.039105e-08 	1.039105e-08 	
END SCATTER2D

BEGIN SCATTER2D /COMETA_ZZ_production_analysis/ptmm
Path=/COMETA_ZZ_production_analysis/ptmm
ScaledBy=1.35136927732948706e-05
Title=~
# val1       	err1-        	err1+        	val2         	err2-        	err2+        	
5.000000e+00 	5.000000e+00 	5.000000e+00 	1.128354e-03 	5.372332e-06 	5.372332e-06 	
1.500000e+01 	5.000000e+00 	5.000000e+00 	7.456866e-03 	1.354993e-05 	1.354993e-05 	
2.500000e+01 	5.000000e+00 	5.000000e+00 	1.805924e-02 	2.139743e-05 	2.139743e-05 	
3.500000e+01 	5.000000e+00 	5.000000e+00 	3.120697e-02 	2.860238e-05 	2.860238e-05 	
4.500000e+01 	5.000000e+00 	5.000000e+00 	3.438188e-02 	3.064222e-05 	3.064222e-05 	
5.500000e+01 	5.000000e+00 	5.000000e+00 	1.903954e-02 	2.267924e-05 	2.267924e-05 	
6.500000e+01 	5.000000e+00 	5.000000e+00 	9.956945e-03 	1.535844e-05 	1.535844e-05 	
7.500000e+01 	5.000000e+00 	5.000000e+00 	5.751715e-03 	1.091886e-05 	1.091886e-05 	
8.500000e+01 	5.000000e+00 	5.000000e+00 	3.483288e-03 	7.876661e-06 	7.876661e-06 	
9.500000e+01 	5.000000e+00 	5.000000e+00 	2.135031e-03 	5.672562e-06 	5.672562e-06 	
1.050000e+02 	5.000000e+00 	5.000000e+00 	1.337076e-03 	4.120478e-06 	4.120478e-06 	
1.150000e+02 	5.000000e+00 	5.000000e+00 	8.500819e-04 	3.020700e-06 	3.020700e-06 	
1.250000e+02 	5.000000e+00 	5.000000e+00 	5.526088e-04 	2.242476e-06 	2.242476e-06 	
1.350000e+02 	5.000000e+00 	5.000000e+00 	3.711853e-04 	1.686497e-06 	1.686497e-06 	
1.450000e+02 	5.000000e+00 	5.000000e+00 	2.507568e-04 	1.266399e-06 	1.266399e-06 	
1.550000e+02 	5.000000e+00 	5.000000e+00 	1.727554e-04 	9.615375e-07 	9.615375e-07 	
1.650000e+02 	5.000000e+00 	5.000000e+00 	1.224008e-04 	7.476268e-07 	7.476268e-07 	
1.750000e+02 	5.000000e+00 	5.000000e+00 	8.702604e-05 	5.826946e-07 	5.826946e-07 	
1.850000e+02 	5.000000e+00 	5.000000e+00 	6.345374e-05 	4.574055e-07 	4.574055e-07 	
1.950000e+02 	5.000000e+00 	5.000000e+00 	4.670759e-05 	3.618848e-07 	3.618848e-07 	
2.050000e+02 	5.000000e+00 	5.000000e+00 	3.451155e-05 	2.909403e-07 	2.909403e-07 	
2.150000e+02 	5.000000e+00 	5.000000e+00 	2.643383e-05 	2.357908e-07 	2.357908e-07 	
2.250000e+02 	5.000000e+00 	5.000000e+00 	1.995396e-05 	1.909553e-07 	1.909553e-07 	
2.350000e+02 	5.000000e+00 	5.000000e+00 	1.515641e-05 	1.545138e-07 	1.545138e-07 	
2.450000e+02 	5.000000e+00 	5.000000e+00 	1.178843e-05 	1.271221e-07 	1.271221e-07 	
2.550000e+02 	5.000000e+00 	5.000000e+00 	9.176772e-06 	1.043796e-07 	1.043796e-07 	
2.650000e+02 	5.000000e+00 	5.000000e+00 	7.169211e-06 	8.463162e-08 	8.463162e-08 	
2.750000e+02 	5.000000e+00 	5.000000e+00 	5.829392e-06 	7.361902e-08 	7.361902e-08 	
2.850000e+02 	5.000000e+00 	5.000000e+00 	4.600911e-06 	5.994807e-08 	5.994807e-08 	
2.950000e+02 	5.000000e+00 	5.000000e+00 	3.698396e-06 	5.060411e-08 	5.060411e-08 	
3.050000e+02 	5.000000e+00 	5.000000e+00 	3.052766e-06 	4.391085e-08 	4.391085e-08 	
3.150000e+02 	5.000000e+00 	5.000000e+00 	2.362440e-06 	3.523997e-08 	3.523997e-08 	
3.250000e+02 	5.000000e+00 	5.000000e+00 	1.893920e-06 	2.961093e-08 	2.961093e-08 	
3.350000e+02 	5.000000e+00 	5.000000e+00 	1.590365e-06 	2.561084e-08 	2.561084e-08 	
3.450000e+02 	5.000000e+00 	5.000000e+00 	1.347073e-06 	2.270382e-08 	2.270382e-08 	
3.550000e+02 	5.000000e+00 	5.000000e+00 	1.096324e-06 	1.924061e-08 	1.924061e-08 	
3.650000e+02 	5.000000e+00 	5.000000e+00 	9.273765e-07 	1.655897e-08 	1.655897e-08 	
3.750000e+02 	5.000000e+00 	5.000000e+00 	7.671078e-07 	1.462841e-08 	1.462841e-08 	
3.850000e+02 	5.000000e+00 	5.000000e+00 	6.411894e-07 	1.248237e-08 	1.248237e-08 	
3.950000e+02 	5.000000e+00 	5.000000e+00 	5.347394e-07 	1.082713e-08 	1.082713e-08 	
END SCATTER2D

BEGIN SCATTER2D /COMETA_ZZ_production_analysis/yep
Path=/COMETA_ZZ_production_analysis/yep
ScaledBy=1.35136927732948706e-05
Title=~
# val1       	err1-        	err1+        	val2         	err2-        	err2+        	
-2.375000e+00	1.250000e-01 	1.250000e-01 	1.170256e-01 	3.852104e-04 	3.852104e-04 	
-2.125000e+00	1.250000e-01 	1.250000e-01 	1.648818e-01 	4.494191e-04 	4.494191e-04 	
-1.875000e+00	1.250000e-01 	1.250000e-01 	2.018298e-01 	4.859379e-04 	4.859379e-04 	
-1.625000e+00	1.250000e-01 	1.250000e-01 	2.377926e-01 	5.140848e-04 	5.140848e-04 	
-1.375000e+00	1.250000e-01 	1.250000e-01 	2.732162e-01 	5.376349e-04 	5.376349e-04 	
-1.125000e+00	1.250000e-01 	1.250000e-01 	3.047345e-01 	5.504924e-04 	5.504924e-04 	
-8.750000e-01	1.250000e-01 	1.250000e-01 	3.322589e-01 	5.602518e-04 	5.602518e-04 	
-6.250000e-01	1.250000e-01 	1.250000e-01 	3.543967e-01 	5.666560e-04 	5.666560e-04 	
-3.750000e-01	1.250000e-01 	1.250000e-01 	3.691991e-01 	5.678878e-04 	5.678878e-04 	
-1.250000e-01	1.250000e-01 	1.250000e-01 	3.766006e-01 	5.683453e-04 	5.683453e-04 	
1.250000e-01 	1.250000e-01 	1.250000e-01 	3.761181e-01 	5.678577e-04 	5.678577e-04 	
3.750000e-01 	1.250000e-01 	1.250000e-01 	3.700706e-01 	5.687589e-04 	5.687589e-04 	
6.250000e-01 	1.250000e-01 	1.250000e-01 	3.538839e-01 	5.643003e-04 	5.643003e-04 	
8.750000e-01 	1.250000e-01 	1.250000e-01 	3.320988e-01 	5.587140e-04 	5.587140e-04 	
1.125000e+00 	1.250000e-01 	1.250000e-01 	3.047930e-01 	5.501578e-04 	5.501578e-04 	
1.375000e+00 	1.250000e-01 	1.250000e-01 	2.733656e-01 	5.386047e-04 	5.386047e-04 	
1.625000e+00 	1.250000e-01 	1.250000e-01 	2.384910e-01 	5.195034e-04 	5.195034e-04 	
1.875000e+00 	1.250000e-01 	1.250000e-01 	2.016104e-01 	4.952405e-04 	4.952405e-04 	
2.125000e+00 	1.250000e-01 	1.250000e-01 	1.648299e-01 	4.641009e-04 	4.641009e-04 	
2.375000e+00 	1.250000e-01 	1.250000e-01 	1.171903e-01 	4.039960e-04 	4.039960e-04 	
END SCATTER2D

BEGIN SCATTER2D /COMETA_ZZ_production_analysis/ymm
Path=/COMETA_ZZ_production_analysis/ymm
ScaledBy=1.35136927732948706e-05
Title=~
# val1       	err1-        	err1+        	val2         	err2-        	err2+        	
-2.375000e+00	1.250000e-01 	1.250000e-01 	1.243467e-01 	3.772151e-04 	3.772151e-04 	
-2.125000e+00	1.250000e-01 	1.250000e-01 	1.573710e-01 	4.215201e-04 	4.215201e-04 	
-1.875000e+00	1.250000e-01 	1.250000e-01 	1.933380e-01 	4.652683e-04 	4.652683e-04 	
-1.625000e+00	1.250000e-01 	1.250000e-01 	2.291149e-01 	4.993216e-04 	4.993216e-04 	
-1.375000e+00	1.250000e-01 	1.250000e-01 	2.640526e-01 	5.275832e-04 	5.275832e-04 	
-1.125000e+00	1.250000e-01 	1.250000e-01 	2.956070e-01 	5.458063e-04 	5.458063e-04 	
-8.750000e-01	1.250000e-01 	1.250000e-01 	3.223417e-01 	5.573506e-04 	5.573506e-04 	
-6.250000e-01	1.250000e-01 	1.250000e-01 	3.435150e-01 	5.639082e-04 	5.639082e-04 	
-3.750000e-01	1.250000e-01 	1.250000e-01 	3.585799e-01 	5.672646e-04 	5.672646e-04 	
-1.250000e-01	1.250000e-01 	1.250000e-01 	3.661522e-01 	5.684498e-04 	5.684498e-04 	
1.250000e-01 	1.250000e-01 	1.250000e-01 	3.666348e-01 	5.686943e-04 	5.686943e-04 	
3.750000e-01 	1.250000e-01 	1.250000e-01 	3.582497e-01 	5.657588e-04 	5.657588e-04 	
6.250000e-01 	1.250000e-01 	1.250000e-01 	3.441239e-01 	5.633892e-04 	5.633892e-04 	
8.750000e-01 	1.250000e-01 	1.250000e-01 	3.218530e-01 	5.556120e-04 	5.556120e-04 	
1.125000e+00 	1.250000e-01 	1.250000e-01 	2.952274e-01 	5.449071e-04 	5.449071e-04 	
1.375000e+00 	1.250000e-01 	1.250000e-01 	2.636903e-01 	5.278825e-04 	5.278825e-04 	
1.625000e+00 	1.250000e-01 	1.250000e-01 	2.286648e-01 	5.029359e-04 	5.029359e-04 	
1.875000e+00 	1.250000e-01 	1.250000e-01 	1.924805e-01 	4.719408e-04 	4.719408e-04 	
2.125000e+00 	1.250000e-01 	1.250000e-01 	1.572763e-01 	4.341569e-04 	4.341569e-04 	
2.375000e+00 	1.250000e-01 	1.250000e-01 	1.251887e-01 	3.933219e-04 	3.933219e-04 	
END SCATTER2D

BEGIN SCATTER2D /COMETA_ZZ_production_analysis/yee
Path=/COMETA_ZZ_production_analysis/yee
ScaledBy=1.35136927732948706e-05
Title=~
# val1       	err1-        	err1+        	val2         	err2-        	err2+        	
-2.875000e+00	1.250000e-01 	1.250000e-01 	0.000000e+00 	0.000000e+00 	0.000000e+00 	
-2.625000e+00	1.250000e-01 	1.250000e-01 	0.000000e+00 	0.000000e+00 	0.000000e+00 	
-2.375000e+00	1.250000e-01 	1.250000e-01 	2.008025e-02 	1.561862e-04 	1.561862e-04 	
-2.125000e+00	1.250000e-01 	1.250000e-01 	8.302802e-02 	3.193913e-04 	3.193913e-04 	
-1.875000e+00	1.250000e-01 	1.250000e-01 	1.553334e-01 	4.373910e-04 	4.373910e-04 	
-1.625000e+00	1.250000e-01 	1.250000e-01 	2.240661e-01 	5.162711e-04 	5.162711e-04 	
-1.375000e+00	1.250000e-01 	1.250000e-01 	2.855424e-01 	5.694828e-04 	5.694828e-04 	
-1.125000e+00	1.250000e-01 	1.250000e-01 	3.342668e-01 	5.967726e-04 	5.967726e-04 	
-8.750000e-01	1.250000e-01 	1.250000e-01 	3.741928e-01 	6.101669e-04 	6.101669e-04 	
-6.250000e-01	1.250000e-01 	1.250000e-01 	4.021473e-01 	6.079722e-04 	6.079722e-04 	
-3.750000e-01	1.250000e-01 	1.250000e-01 	4.219163e-01 	6.031712e-04 	6.031712e-04 	
-1.250000e-01	1.250000e-01 	1.250000e-01 	4.313956e-01 	5.981675e-04 	5.981675e-04 	
1.250000e-01 	1.250000e-01 	1.250000e-01 	4.318035e-01 	5.968313e-04 	5.968313e-04 	
3.750000e-01 	1.250000e-01 	1.250000e-01 	4.218861e-01 	6.000266e-04 	6.000266e-04 	
6.250000e-01 	1.250000e-01 	1.250000e-01 	4.020905e-01 	6.034154e-04 	6.034154e-04 	
8.750000e-01 	1.250000e-01 	1.250000e-01 	3.726103e-01 	6.019625e-04 	6.019625e-04 	
1.125000e+00 	1.250000e-01 	1.250000e-01 	3.338718e-01 	5.906405e-04 	5.906405e-04 	
1.375000e+00 	1.250000e-01 	1.250000e-01 	2.856568e-01 	5.697989e-04 	5.697989e-04 	
1.625000e+00 	1.250000e-01 	1.250000e-01 	2.252378e-01 	5.284604e-04 	5.284604e-04 	
1.875000e+00 	1.250000e-01 	1.250000e-01 	1.560272e-01 	4.584977e-04 	4.584977e-04 	
2.125000e+00 	1.250000e-01 	1.250000e-01 	8.329771e-02 	3.506618e-04 	3.506618e-04 	
2.375000e+00 	1.250000e-01 	1.250000e-01 	1.993699e-02 	1.717280e-04 	1.717280e-04 	
2.625000e+00 	1.250000e-01 	1.250000e-01 	0.000000e+00 	0.000000e+00 	0.000000e+00 	
2.875000e+00 	1.250000e-01 	1.250000e-01 	0.000000e+00 	0.000000e+00 	0.000000e+00 	
END SCATTER2D

BEGIN SCATTER2D /COMETA_ZZ_production_analysis/dyee
Path=/COMETA_ZZ_production_analysis/dyee
ScaledBy=1.35136927732948706e-05
Title=~
# val1       	err1-        	err1+        	val2         	err2-        	err2+        	
1.250000e-01 	1.250000e-01 	1.250000e-01 	9.154867e-01 	9.690821e-04 	9.690821e-04 	
3.750000e-01 	1.250000e-01 	1.250000e-01 	8.587495e-01 	9.317560e-04 	9.317560e-04 	
6.250000e-01 	1.250000e-01 	1.250000e-01 	7.732222e-01 	8.744862e-04 	8.744862e-04 	
8.750000e-01 	1.250000e-01 	1.250000e-01 	6.718643e-01 	8.074495e-04 	8.074495e-04 	
1.125000e+00 	1.250000e-01 	1.250000e-01 	5.626777e-01 	7.335442e-04 	7.335442e-04 	
1.375000e+00 	1.250000e-01 	1.250000e-01 	4.559904e-01 	6.612778e-04 	6.612778e-04 	
1.625000e+00 	1.250000e-01 	1.250000e-01 	3.583239e-01 	5.906619e-04 	5.906619e-04 	
1.875000e+00 	1.250000e-01 	1.250000e-01 	2.728220e-01 	5.230136e-04 	5.230136e-04 	
2.125000e+00 	1.250000e-01 	1.250000e-01 	2.005194e-01 	4.561742e-04 	4.561742e-04 	
2.375000e+00 	1.250000e-01 	1.250000e-01 	1.424652e-01 	3.931186e-04 	3.931186e-04 	
2.625000e+00 	1.250000e-01 	1.250000e-01 	9.805365e-02 	3.333805e-04 	3.333805e-04 	
2.875000e+00 	1.250000e-01 	1.250000e-01 	6.478198e-02 	2.779533e-04 	2.779533e-04 	
3.125000e+00 	1.250000e-01 	1.250000e-01 	4.053983e-02 	2.230589e-04 	2.230589e-04 	
3.375000e+00 	1.250000e-01 	1.250000e-01 	2.405804e-02 	1.756340e-04 	1.756340e-04 	
3.625000e+00 	1.250000e-01 	1.250000e-01 	1.339812e-02 	1.328435e-04 	1.328435e-04 	
3.875000e+00 	1.250000e-01 	1.250000e-01 	6.788386e-03 	9.474422e-05 	9.474422e-05 	
4.125000e+00 	1.250000e-01 	1.250000e-01 	3.194429e-03 	6.690578e-05 	6.690578e-05 	
4.375000e+00 	1.250000e-01 	1.250000e-01 	1.138826e-03 	3.890150e-05 	3.890150e-05 	
4.625000e+00 	1.250000e-01 	1.250000e-01 	2.865545e-04 	1.903278e-05 	1.903278e-05 	
4.875000e+00 	1.250000e-01 	1.250000e-01 	2.644504e-05 	5.234795e-06 	5.234795e-06 	
END SCATTER2D

BEGIN SCATTER2D /COMETA_ZZ_production_analysis/dypp
Path=/COMETA_ZZ_production_analysis/dypp
ScaledBy=1.35136927732948706e-05
Title=~
# val1       	err1-        	err1+        	val2         	err2-        	err2+        	
1.250000e-01 	1.250000e-01 	1.250000e-01 	8.912118e-01 	1.001099e-03 	1.001099e-03 	
3.750000e-01 	1.250000e-01 	1.250000e-01 	8.422399e-01 	9.575015e-04 	9.575015e-04 	
6.250000e-01 	1.250000e-01 	1.250000e-01 	7.579780e-01 	8.864864e-04 	8.864864e-04 	
8.750000e-01 	1.250000e-01 	1.250000e-01 	6.565451e-01 	8.050912e-04 	8.050912e-04 	
1.125000e+00 	1.250000e-01 	1.250000e-01 	5.485398e-01 	7.182724e-04 	7.182724e-04 	
1.375000e+00 	1.250000e-01 	1.250000e-01 	4.483435e-01 	6.405719e-04 	6.405719e-04 	
1.625000e+00 	1.250000e-01 	1.250000e-01 	3.568960e-01 	5.647016e-04 	5.647016e-04 	
1.875000e+00 	1.250000e-01 	1.250000e-01 	2.756639e-01 	4.937254e-04 	4.937254e-04 	
2.125000e+00 	1.250000e-01 	1.250000e-01 	2.103989e-01 	4.331977e-04 	4.331977e-04 	
2.375000e+00 	1.250000e-01 	1.250000e-01 	1.543115e-01 	3.732901e-04 	3.732901e-04 	
2.625000e+00 	1.250000e-01 	1.250000e-01 	1.118921e-01 	3.226372e-04 	3.226372e-04 	
2.875000e+00 	1.250000e-01 	1.250000e-01 	7.714679e-02 	2.720117e-04 	2.720117e-04 	
3.125000e+00 	1.250000e-01 	1.250000e-01 	5.253016e-02 	2.281013e-04 	2.281013e-04 	
3.375000e+00 	1.250000e-01 	1.250000e-01 	3.393133e-02 	1.869352e-04 	1.869352e-04 	
3.625000e+00 	1.250000e-01 	1.250000e-01 	2.112383e-02 	1.515103e-04 	1.515103e-04 	
3.875000e+00 	1.250000e-01 	1.250000e-01 	1.253348e-02 	1.182956e-04 	1.182956e-04 	
4.125000e+00 	1.250000e-01 	1.250000e-01 	7.142924e-03 	9.158170e-05 	9.158170e-05 	
4.375000e+00 	1.250000e-01 	1.250000e-01 	3.557998e-03 	6.336210e-05 	6.336210e-05 	
4.625000e+00 	1.250000e-01 	1.250000e-01 	1.669807e-03 	4.609439e-05 	4.609439e-05 	
4.875000e+00 	1.250000e-01 	1.250000e-01 	6.393969e-04 	2.892722e-05 	2.892722e-05 	
END SCATTER2D

BEGIN SCATTER2D /COMETA_ZZ_production_analysis/dyez
Path=/COMETA_ZZ_production_analysis/dyez
ScaledBy=1.35136927732948706e-05
Title=~
# val1       	err1-        	err1+        	val2         	err2-        	err2+        	
1.250000e-01 	1.250000e-01 	1.250000e-01 	1.083191e+00 	1.137881e-03 	1.137881e-03 	
3.750000e-01 	1.250000e-01 	1.250000e-01 	9.851766e-01 	1.050703e-03 	1.050703e-03 	
6.250000e-01 	1.250000e-01 	1.250000e-01 	8.342487e-01 	9.189644e-04 	9.189644e-04 	
8.750000e-01 	1.250000e-01 	1.250000e-01 	6.739061e-01 	7.855715e-04 	7.855715e-04 	
1.125000e+00 	1.250000e-01 	1.250000e-01 	5.291979e-01 	6.711356e-04 	6.711356e-04 	
1.375000e+00 	1.250000e-01 	1.250000e-01 	4.075243e-01 	5.799246e-04 	5.799246e-04 	
1.625000e+00 	1.250000e-01 	1.250000e-01 	3.050916e-01 	5.022110e-04 	5.022110e-04 	
1.875000e+00 	1.250000e-01 	1.250000e-01 	2.221055e-01 	4.347270e-04 	4.347270e-04 	
2.125000e+00 	1.250000e-01 	1.250000e-01 	1.556983e-01 	3.709122e-04 	3.709122e-04 	
2.375000e+00 	1.250000e-01 	1.250000e-01 	1.054907e-01 	3.112545e-04 	3.112545e-04 	
2.625000e+00 	1.250000e-01 	1.250000e-01 	6.757550e-02 	2.540163e-04 	2.540163e-04 	
2.875000e+00 	1.250000e-01 	1.250000e-01 	4.225963e-02 	2.051266e-04 	2.051266e-04 	
3.125000e+00 	1.250000e-01 	1.250000e-01 	2.496953e-02 	1.599756e-04 	1.599756e-04 	
3.375000e+00 	1.250000e-01 	1.250000e-01 	1.412143e-02 	1.235199e-04 	1.235199e-04 	
3.625000e+00 	1.250000e-01 	1.250000e-01 	7.450179e-03 	9.191188e-05 	9.191188e-05 	
3.875000e+00 	1.250000e-01 	1.250000e-01 	3.798486e-03 	6.765893e-05 	6.765893e-05 	
4.125000e+00 	1.250000e-01 	1.250000e-01 	1.652072e-03 	4.461874e-05 	4.461874e-05 	
4.375000e+00 	1.250000e-01 	1.250000e-01 	6.825526e-04 	2.900309e-05 	2.900309e-05 	
4.625000e+00 	1.250000e-01 	1.250000e-01 	2.045306e-04 	1.698559e-05 	1.698559e-05 	
4.875000e+00 	1.250000e-01 	1.250000e-01 	4.156681e-05 	8.587675e-06 	8.587675e-06 	
END SCATTER2D

BEGIN SCATTER2D /COMETA_ZZ_production_analysis/dphiee
Path=/COMETA_ZZ_production_analysis/dphiee
ScaledBy=1.35136927732948706e-05
Title=~
# val1       	err1-        	err1+        	val2         	err2-        	err2+        	
3.000000e+00 	3.000000e+00 	3.000000e+00 	8.704744e-04 	4.974122e-06 	4.974122e-06 	
9.000000e+00 	3.000000e+00 	3.000000e+00 	8.902900e-04 	5.060921e-06 	5.060921e-06 	
1.500000e+01 	3.000000e+00 	3.000000e+00 	9.329468e-04 	5.100683e-06 	5.100683e-06 	
2.100000e+01 	3.000000e+00 	3.000000e+00 	1.000957e-03 	5.238542e-06 	5.238542e-06 	
2.700000e+01 	3.000000e+00 	3.000000e+00 	1.106720e-03 	5.428755e-06 	5.428755e-06 	
3.300000e+01 	3.000000e+00 	3.000000e+00 	1.260990e-03 	5.733264e-06 	5.733264e-06 	
3.900000e+01 	3.000000e+00 	3.000000e+00 	1.440696e-03 	6.013934e-06 	6.013934e-06 	
4.500000e+01 	3.000000e+00 	3.000000e+00 	1.681282e-03 	6.502658e-06 	6.502658e-06 	
5.100000e+01 	3.000000e+00 	3.000000e+00 	1.958806e-03 	7.065526e-06 	7.065526e-06 	
5.700000e+01 	3.000000e+00 	3.000000e+00 	2.313273e-03 	7.806569e-06 	7.806569e-06 	
6.300000e+01 	3.000000e+00 	3.000000e+00 	2.716848e-03 	8.696503e-06 	8.696503e-06 	
6.900000e+01 	3.000000e+00 	3.000000e+00 	3.208429e-03 	9.717156e-06 	9.717156e-06 	
7.500000e+01 	3.000000e+00 	3.000000e+00 	3.719987e-03 	1.073719e-05 	1.073719e-05 	
8.100000e+01 	3.000000e+00 	3.000000e+00 	4.301091e-03 	1.190186e-05 	1.190186e-05 	
8.700000e+01 	3.000000e+00 	3.000000e+00 	4.960226e-03 	1.320280e-05 	1.320280e-05 	
9.300000e+01 	3.000000e+00 	3.000000e+00 	5.623724e-03 	1.447862e-05 	1.447862e-05 	
9.900000e+01 	3.000000e+00 	3.000000e+00 	6.337786e-03 	1.581373e-05 	1.581373e-05 	
1.050000e+02 	3.000000e+00 	3.000000e+00 	7.081825e-03 	1.718257e-05 	1.718257e-05 	
1.110000e+02 	3.000000e+00 	3.000000e+00 	7.744920e-03 	1.835678e-05 	1.835678e-05 	
1.170000e+02 	3.000000e+00 	3.000000e+00 	8.465980e-03 	1.952542e-05 	1.952542e-05 	
1.230000e+02 	3.000000e+00 	3.000000e+00 	9.146128e-03 	2.057410e-05 	2.057410e-05 	
1.290000e+02 	3.000000e+00 	3.000000e+00 	9.863484e-03 	2.154124e-05 	2.154124e-05 	
1.350000e+02 	3.000000e+00 	3.000000e+00 	1.064816e-02 	2.252558e-05 	2.252558e-05 	
1.410000e+02 	3.000000e+00 	3.000000e+00 	1.163894e-02 	2.342609e-05 	2.342609e-05 	
1.470000e+02 	3.000000e+00 	3.000000e+00 	1.301001e-02 	2.449700e-05 	2.449700e-05 	
1.530000e+02 	3.000000e+00 	3.000000e+00 	1.487529e-02 	2.586996e-05 	2.586996e-05 	
1.590000e+02 	3.000000e+00 	3.000000e+00 	1.755099e-02 	2.788692e-05 	2.788692e-05 	
1.650000e+02 	3.000000e+00 	3.000000e+00 	2.087788e-02 	3.035295e-05 	3.035295e-05 	
1.710000e+02 	3.000000e+00 	3.000000e+00 	2.453006e-02 	3.263254e-05 	3.263254e-05 	
1.770000e+02 	3.000000e+00 	3.000000e+00 	2.792462e-02 	3.344242e-05 	3.344242e-05 	
END SCATTER2D

BEGIN SCATTER2D /COMETA_ZZ_production_analysis/dphipp
Path=/COMETA_ZZ_production_analysis/dphipp
ScaledBy=1.35136927732948706e-05
Title=~
# val1       	err1-        	err1+        	val2         	err2-        	err2+        	
3.000000e+00 	3.000000e+00 	3.000000e+00 	5.599974e-03 	1.534729e-05 	1.534729e-05 	
9.000000e+00 	3.000000e+00 	3.000000e+00 	5.697108e-03 	1.553436e-05 	1.553436e-05 	
1.500000e+01 	3.000000e+00 	3.000000e+00 	5.715890e-03 	1.552413e-05 	1.552413e-05 	
2.100000e+01 	3.000000e+00 	3.000000e+00 	5.748434e-03 	1.552629e-05 	1.552629e-05 	
2.700000e+01 	3.000000e+00 	3.000000e+00 	5.840861e-03 	1.575262e-05 	1.575262e-05 	
3.300000e+01 	3.000000e+00 	3.000000e+00 	5.897237e-03 	1.581812e-05 	1.581812e-05 	
3.900000e+01 	3.000000e+00 	3.000000e+00 	5.973169e-03 	1.592555e-05 	1.592555e-05 	
4.500000e+01 	3.000000e+00 	3.000000e+00 	6.122586e-03 	1.618316e-05 	1.618316e-05 	
5.100000e+01 	3.000000e+00 	3.000000e+00 	6.205602e-03 	1.621621e-05 	1.621621e-05 	
5.700000e+01 	3.000000e+00 	3.000000e+00 	6.332391e-03 	1.641003e-05 	1.641003e-05 	
6.300000e+01 	3.000000e+00 	3.000000e+00 	6.504227e-03 	1.663765e-05 	1.663765e-05 	
6.900000e+01 	3.000000e+00 	3.000000e+00 	6.701149e-03 	1.698363e-05 	1.698363e-05 	
7.500000e+01 	3.000000e+00 	3.000000e+00 	6.864470e-03 	1.714132e-05 	1.714132e-05 	
8.100000e+01 	3.000000e+00 	3.000000e+00 	7.046052e-03 	1.734588e-05 	1.734588e-05 	
8.700000e+01 	3.000000e+00 	3.000000e+00 	7.258970e-03 	1.762810e-05 	1.762810e-05 	
9.300000e+01 	3.000000e+00 	3.000000e+00 	7.490225e-03 	1.788236e-05 	1.788236e-05 	
9.900000e+01 	3.000000e+00 	3.000000e+00 	7.682993e-03 	1.806068e-05 	1.806068e-05 	
1.050000e+02 	3.000000e+00 	3.000000e+00 	7.910067e-03 	1.832686e-05 	1.832686e-05 	
1.110000e+02 	3.000000e+00 	3.000000e+00 	8.170176e-03 	1.854446e-05 	1.854446e-05 	
1.170000e+02 	3.000000e+00 	3.000000e+00 	8.386810e-03 	1.869404e-05 	1.869404e-05 	
1.230000e+02 	3.000000e+00 	3.000000e+00 	8.624458e-03 	1.896792e-05 	1.896792e-05 	
1.290000e+02 	3.000000e+00 	3.000000e+00 	8.820640e-03 	1.901611e-05 	1.901611e-05 	
1.350000e+02 	3.000000e+00 	3.000000e+00 	9.020385e-03 	1.917093e-05 	1.917093e-05 	
1.410000e+02 	3.000000e+00 	3.000000e+00 	9.269699e-03 	1.947167e-05 	1.947167e-05 	
1.470000e+02 	3.000000e+00 	3.000000e+00 	9.449381e-03 	1.962716e-05 	1.962716e-05 	
1.530000e+02 	3.000000e+00 	3.000000e+00 	9.590709e-03 	1.976582e-05 	1.976582e-05 	
1.590000e+02 	3.000000e+00 	3.000000e+00 	9.784296e-03 	1.998191e-05 	1.998191e-05 	
1.650000e+02 	3.000000e+00 	3.000000e+00 	9.918125e-03 	2.014644e-05 	2.014644e-05 	
1.710000e+02 	3.000000e+00 	3.000000e+00 	1.000019e-02 	2.028546e-05 	2.028546e-05 	
1.770000e+02 	3.000000e+00 	3.000000e+00 	1.005654e-02 	2.033373e-05 	2.033373e-05 	
END SCATTER2D

BEGIN SCATTER2D /COMETA_ZZ_production_analysis/dree
Path=/COMETA_ZZ_production_analysis/dree
ScaledBy=1.35136927732948706e-05
Title=~
# val1       	err1-        	err1+        	val2         	err2-        	err2+        	
1.000000e-01 	1.000000e-01 	1.000000e-01 	2.963675e-06 	3.133286e-08 	3.133286e-08 	
3.000000e-01 	1.000000e-01 	1.000000e-01 	3.081567e-04 	1.672060e-06 	1.672060e-06 	
5.000000e-01 	1.000000e-01 	1.000000e-01 	2.975211e-03 	1.206176e-05 	1.206176e-05 	
7.000000e-01 	1.000000e-01 	1.000000e-01 	1.222430e-02 	4.065498e-05 	4.065498e-05 	
9.000000e-01 	1.000000e-01 	1.000000e-01 	3.232982e-02 	9.293156e-05 	9.293156e-05 	
1.100000e+00 	1.000000e-01 	1.000000e-01 	6.774257e-02 	1.716905e-04 	1.716905e-04 	
1.300000e+00 	1.000000e-01 	1.000000e-01 	1.206837e-01 	2.752378e-04 	2.752378e-04 	
1.500000e+00 	1.000000e-01 	1.000000e-01 	1.906260e-01 	3.923847e-04 	3.923847e-04 	
1.700000e+00 	1.000000e-01 	1.000000e-01 	2.752574e-01 	5.189140e-04 	5.189140e-04 	
1.900000e+00 	1.000000e-01 	1.000000e-01 	3.666456e-01 	6.471903e-04 	6.471903e-04 	
2.100000e+00 	1.000000e-01 	1.000000e-01 	4.552359e-01 	7.625393e-04 	7.625393e-04 	
2.300000e+00 	1.000000e-01 	1.000000e-01 	5.366740e-01 	8.561670e-04 	8.561670e-04 	
2.500000e+00 	1.000000e-01 	1.000000e-01 	6.218943e-01 	9.330407e-04 	9.330407e-04 	
2.700000e+00 	1.000000e-01 	1.000000e-01 	7.653233e-01 	1.017661e-03 	1.017661e-03 	
2.900000e+00 	1.000000e-01 	1.000000e-01 	1.034323e+00 	1.161771e-03 	1.161771e-03 	
3.100000e+00 	1.000000e-01 	1.000000e-01 	1.254542e+00 	1.253907e-03 	1.253907e-03 	
3.300000e+00 	1.000000e-01 	1.000000e-01 	5.320586e-01 	8.216248e-04 	8.216248e-04 	
3.500000e+00 	1.000000e-01 	1.000000e-01 	2.580334e-01 	5.893010e-04 	5.893010e-04 	
3.700000e+00 	1.000000e-01 	1.000000e-01 	1.391415e-01 	4.444966e-04 	4.444966e-04 	
3.900000e+00 	1.000000e-01 	1.000000e-01 	7.694047e-02 	3.377967e-04 	3.377967e-04 	
4.100000e+00 	1.000000e-01 	1.000000e-01 	4.255301e-02 	2.564121e-04 	2.564121e-04 	
4.300000e+00 	1.000000e-01 	1.000000e-01 	2.310641e-02 	1.926846e-04 	1.926846e-04 	
4.500000e+00 	1.000000e-01 	1.000000e-01 	1.185229e-02 	1.375134e-04 	1.375134e-04 	
4.700000e+00 	1.000000e-01 	1.000000e-01 	5.922352e-03 	9.900413e-05 	9.900413e-05 	
4.900000e+00 	1.000000e-01 	1.000000e-01 	2.607553e-03 	6.541473e-05 	6.541473e-05 	
5.100000e+00 	1.000000e-01 	1.000000e-01 	1.061338e-03 	4.050543e-05 	4.050543e-05 	
5.300000e+00 	1.000000e-01 	1.000000e-01 	3.486302e-04 	2.259570e-05 	2.259570e-05 	
5.500000e+00 	1.000000e-01 	1.000000e-01 	6.677921e-05 	7.875604e-06 	7.875604e-06 	
5.700000e+00 	1.000000e-01 	1.000000e-01 	4.512698e-06 	1.602905e-06 	1.602905e-06 	
5.900000e+00 	1.000000e-01 	1.000000e-01 	3.229345e-09 	3.229345e-09 	3.229345e-09 	
END SCATTER2D

BEGIN SCATTER2D /COMETA_ZZ_production_analysis/drpp
Path=/COMETA_ZZ_production_analysis/drpp
ScaledBy=1.35136927732948706e-05
Title=~
# val1       	err1-        	err1+        	val2         	err2-        	err2+        	
1.000000e-01 	1.000000e-01 	1.000000e-01 	2.740691e-02 	1.929233e-04 	1.929233e-04 	
3.000000e-01 	1.000000e-01 	1.000000e-01 	8.764070e-02 	3.438016e-04 	3.438016e-04 	
5.000000e-01 	1.000000e-01 	1.000000e-01 	1.453953e-01 	4.390431e-04 	4.390431e-04 	
7.000000e-01 	1.000000e-01 	1.000000e-01 	2.001576e-01 	5.143605e-04 	5.143605e-04 	
9.000000e-01 	1.000000e-01 	1.000000e-01 	2.531633e-01 	5.748905e-04 	5.748905e-04 	
1.100000e+00 	1.000000e-01 	1.000000e-01 	3.045887e-01 	6.292439e-04 	6.292439e-04 	
1.300000e+00 	1.000000e-01 	1.000000e-01 	3.521332e-01 	6.753138e-04 	6.753138e-04 	
1.500000e+00 	1.000000e-01 	1.000000e-01 	4.002234e-01 	7.194410e-04 	7.194410e-04 	
1.700000e+00 	1.000000e-01 	1.000000e-01 	4.428726e-01 	7.556692e-04 	7.556692e-04 	
1.900000e+00 	1.000000e-01 	1.000000e-01 	4.832780e-01 	7.879658e-04 	7.879658e-04 	
2.100000e+00 	1.000000e-01 	1.000000e-01 	5.226241e-01 	8.162006e-04 	8.162006e-04 	
2.300000e+00 	1.000000e-01 	1.000000e-01 	5.521132e-01 	8.329685e-04 	8.329685e-04 	
2.500000e+00 	1.000000e-01 	1.000000e-01 	5.831116e-01 	8.533299e-04 	8.533299e-04 	
2.700000e+00 	1.000000e-01 	1.000000e-01 	6.079141e-01 	8.706722e-04 	8.706722e-04 	
2.900000e+00 	1.000000e-01 	1.000000e-01 	6.251676e-01 	8.817893e-04 	8.817893e-04 	
3.100000e+00 	1.000000e-01 	1.000000e-01 	5.850124e-01 	8.455029e-04 	8.455029e-04 	
3.300000e+00 	1.000000e-01 	1.000000e-01 	2.747904e-01 	5.450278e-04 	5.450278e-04 	
3.500000e+00 	1.000000e-01 	1.000000e-01 	1.521023e-01 	4.051080e-04 	4.051080e-04 	
3.700000e+00 	1.000000e-01 	1.000000e-01 	9.127566e-02 	3.172934e-04 	3.172934e-04 	
3.900000e+00 	1.000000e-01 	1.000000e-01 	5.644844e-02 	2.541538e-04 	2.541538e-04 	
4.100000e+00 	1.000000e-01 	1.000000e-01 	3.479513e-02 	2.030490e-04 	2.030490e-04 	
4.300000e+00 	1.000000e-01 	1.000000e-01 	2.114517e-02 	1.607185e-04 	1.607185e-04 	
4.500000e+00 	1.000000e-01 	1.000000e-01 	1.253409e-02 	1.251754e-04 	1.251754e-04 	
4.700000e+00 	1.000000e-01 	1.000000e-01 	7.206346e-03 	9.754388e-05 	9.754388e-05 	
4.900000e+00 	1.000000e-01 	1.000000e-01 	4.059286e-03 	7.632451e-05 	7.632451e-05 	
5.100000e+00 	1.000000e-01 	1.000000e-01 	1.965716e-03 	5.228925e-05 	5.228925e-05 	
5.300000e+00 	1.000000e-01 	1.000000e-01 	8.957184e-04 	3.449404e-05 	3.449404e-05 	
5.500000e+00 	1.000000e-01 	1.000000e-01 	3.339580e-04 	2.192965e-05 	2.192965e-05 	
5.700000e+00 	1.000000e-01 	1.000000e-01 	1.093664e-04 	1.237122e-05 	1.237122e-05 	
5.900000e+00 	1.000000e-01 	1.000000e-01 	1.946209e-05 	6.154221e-06 	6.154221e-06 	
END SCATTER2D

BEGIN SCATTER2D /COMETA_ZZ_production_analysis/cthep
Path=/COMETA_ZZ_production_analysis/cthep
ScaledBy=1.35136927732948706e-05
Title=~
# val1       	err1-        	err1+        	val2         	err2-        	err2+        	
-9.750000e-01	2.500000e-02 	2.500000e-02 	4.535422e-01 	1.611548e-03 	1.611548e-03 	
-9.250000e-01	2.500000e-02 	2.500000e-02 	5.000236e-01 	1.613664e-03 	1.613664e-03 	
-8.750000e-01	2.500000e-02 	2.500000e-02 	5.327025e-01 	1.599357e-03 	1.599357e-03 	
-8.250000e-01	2.500000e-02 	2.500000e-02 	5.608285e-01 	1.591775e-03 	1.591775e-03 	
-7.750000e-01	2.500000e-02 	2.500000e-02 	5.877396e-01 	1.595850e-03 	1.595850e-03 	
-7.250000e-01	2.500000e-02 	2.500000e-02 	6.144423e-01 	1.629209e-03 	1.629209e-03 	
-6.750000e-01	2.500000e-02 	2.500000e-02 	6.371232e-01 	1.657452e-03 	1.657452e-03 	
-6.250000e-01	2.500000e-02 	2.500000e-02 	6.592271e-01 	1.696357e-03 	1.696357e-03 	
-5.750000e-01	2.500000e-02 	2.500000e-02 	6.806149e-01 	1.742973e-03 	1.742973e-03 	
-5.250000e-01	2.500000e-02 	2.500000e-02 	7.008206e-01 	1.792452e-03 	1.792452e-03 	
-4.750000e-01	2.500000e-02 	2.500000e-02 	7.176015e-01 	1.838309e-03 	1.838309e-03 	
-4.250000e-01	2.500000e-02 	2.500000e-02 	7.327310e-01 	1.890057e-03 	1.890057e-03 	
-3.750000e-01	2.500000e-02 	2.500000e-02 	7.531302e-01 	1.949574e-03 	1.949574e-03 	
-3.250000e-01	2.500000e-02 	2.500000e-02 	7.625829e-01 	1.982914e-03 	1.982914e-03 	
-2.750000e-01	2.500000e-02 	2.500000e-02 	7.742726e-01 	2.026260e-03 	2.026260e-03 	
-2.250000e-01	2.500000e-02 	2.500000e-02 	7.854658e-01 	2.059076e-03 	2.059076e-03 	
-1.750000e-01	2.500000e-02 	2.500000e-02 	7.891122e-01 	2.084049e-03 	2.084049e-03 	
-1.250000e-01	2.500000e-02 	2.500000e-02 	7.976754e-01 	2.111635e-03 	2.111635e-03 	
-7.500000e-02	2.500000e-02 	2.500000e-02 	7.988633e-01 	2.114658e-03 	2.114658e-03 	
-2.500000e-02	2.500000e-02 	2.500000e-02 	8.055591e-01 	2.138514e-03 	2.138514e-03 	
2.500000e-02 	2.500000e-02 	2.500000e-02 	8.015324e-01 	2.131622e-03 	2.131622e-03 	
7.500000e-02 	2.500000e-02 	2.500000e-02 	8.028175e-01 	2.127421e-03 	2.127421e-03 	
1.250000e-01 	2.500000e-02 	2.500000e-02 	7.944593e-01 	2.105217e-03 	2.105217e-03 	
1.750000e-01 	2.500000e-02 	2.500000e-02 	7.913635e-01 	2.086370e-03 	2.086370e-03 	
2.250000e-01 	2.500000e-02 	2.500000e-02 	7.829885e-01 	2.054298e-03 	2.054298e-03 	
2.750000e-01 	2.500000e-02 	2.500000e-02 	7.750350e-01 	2.032442e-03 	2.032442e-03 	
3.250000e-01 	2.500000e-02 	2.500000e-02 	7.630419e-01 	1.989120e-03 	1.989120e-03 	
3.750000e-01 	2.500000e-02 	2.500000e-02 	7.527036e-01 	1.953381e-03 	1.953381e-03 	
4.250000e-01 	2.500000e-02 	2.500000e-02 	7.365094e-01 	1.904247e-03 	1.904247e-03 	
4.750000e-01 	2.500000e-02 	2.500000e-02 	7.202138e-01 	1.846667e-03 	1.846667e-03 	
5.250000e-01 	2.500000e-02 	2.500000e-02 	6.985389e-01 	1.793762e-03 	1.793762e-03 	
5.750000e-01 	2.500000e-02 	2.500000e-02 	6.830976e-01 	1.757481e-03 	1.757481e-03 	
6.250000e-01 	2.500000e-02 	2.500000e-02 	6.630062e-01 	1.712092e-03 	1.712092e-03 	
6.750000e-01 	2.500000e-02 	2.500000e-02 	6.418653e-01 	1.677861e-03 	1.677861e-03 	
7.250000e-01 	2.500000e-02 	2.500000e-02 	6.176056e-01 	1.642914e-03 	1.642914e-03 	
7.750000e-01 	2.500000e-02 	2.500000e-02 	5.898072e-01 	1.614529e-03 	1.614529e-03 	
8.250000e-01 	2.500000e-02 	2.500000e-02 	5.667158e-01 	1.609042e-03 	1.609042e-03 	
8.750000e-01 	2.500000e-02 	2.500000e-02 	5.350442e-01 	1.616939e-03 	1.616939e-03 	
9.250000e-01 	2.500000e-02 	2.500000e-02 	5.024758e-01 	1.626162e-03 	1.626162e-03 	
9.750000e-01 	2.500000e-02 	2.500000e-02 	4.590577e-01 	1.641163e-03 	1.641163e-03 	
END SCATTER2D

BEGIN SCATTER2D /COMETA_ZZ_production_analysis/cthmm
Path=/COMETA_ZZ_production_analysis/cthmm
ScaledBy=1.35136927732948706e-05
Title=~
# val1       	err1-        	err1+        	val2         	err2-        	err2+        	
-9.750000e-01	2.500000e-02 	2.500000e-02 	4.713285e-01 	1.639886e-03 	1.639886e-03 	
-9.250000e-01	2.500000e-02 	2.500000e-02 	5.107393e-01 	1.623870e-03 	1.623870e-03 	
-8.750000e-01	2.500000e-02 	2.500000e-02 	5.413839e-01 	1.607080e-03 	1.607080e-03 	
-8.250000e-01	2.500000e-02 	2.500000e-02 	5.753071e-01 	1.618256e-03 	1.618256e-03 	
-7.750000e-01	2.500000e-02 	2.500000e-02 	5.943503e-01 	1.612175e-03 	1.612175e-03 	
-7.250000e-01	2.500000e-02 	2.500000e-02 	6.194723e-01 	1.635184e-03 	1.635184e-03 	
-6.750000e-01	2.500000e-02 	2.500000e-02 	6.416640e-01 	1.666184e-03 	1.666184e-03 	
-6.250000e-01	2.500000e-02 	2.500000e-02 	6.613982e-01 	1.701471e-03 	1.701471e-03 	
-5.750000e-01	2.500000e-02 	2.500000e-02 	6.831048e-01 	1.753111e-03 	1.753111e-03 	
-5.250000e-01	2.500000e-02 	2.500000e-02 	6.994529e-01 	1.798643e-03 	1.798643e-03 	
-4.750000e-01	2.500000e-02 	2.500000e-02 	7.144103e-01 	1.846013e-03 	1.846013e-03 	
-4.250000e-01	2.500000e-02 	2.500000e-02 	7.324526e-01 	1.898215e-03 	1.898215e-03 	
-3.750000e-01	2.500000e-02 	2.500000e-02 	7.460203e-01 	1.944175e-03 	1.944175e-03 	
-3.250000e-01	2.500000e-02 	2.500000e-02 	7.591054e-01 	1.995627e-03 	1.995627e-03 	
-2.750000e-01	2.500000e-02 	2.500000e-02 	7.709992e-01 	2.034417e-03 	2.034417e-03 	
-2.250000e-01	2.500000e-02 	2.500000e-02 	7.820156e-01 	2.078862e-03 	2.078862e-03 	
-1.750000e-01	2.500000e-02 	2.500000e-02 	7.867864e-01 	2.095112e-03 	2.095112e-03 	
-1.250000e-01	2.500000e-02 	2.500000e-02 	7.920979e-01 	2.118472e-03 	2.118472e-03 	
-7.500000e-02	2.500000e-02 	2.500000e-02 	7.960148e-01 	2.135079e-03 	2.135079e-03 	
-2.500000e-02	2.500000e-02 	2.500000e-02 	7.962507e-01 	2.135827e-03 	2.135827e-03 	
2.500000e-02 	2.500000e-02 	2.500000e-02 	8.007626e-01 	2.144637e-03 	2.144637e-03 	
7.500000e-02 	2.500000e-02 	2.500000e-02 	7.955786e-01 	2.128668e-03 	2.128668e-03 	
1.250000e-01 	2.500000e-02 	2.500000e-02 	7.910421e-01 	2.112627e-03 	2.112627e-03 	
1.750000e-01 	2.500000e-02 	2.500000e-02 	7.867612e-01 	2.094285e-03 	2.094285e-03 	
2.250000e-01 	2.500000e-02 	2.500000e-02 	7.795891e-01 	2.060359e-03 	2.060359e-03 	
2.750000e-01 	2.500000e-02 	2.500000e-02 	7.706994e-01 	2.026336e-03 	2.026336e-03 	
3.250000e-01 	2.500000e-02 	2.500000e-02 	7.580052e-01 	1.977948e-03 	1.977948e-03 	
3.750000e-01 	2.500000e-02 	2.500000e-02 	7.483280e-01 	1.943564e-03 	1.943564e-03 	
4.250000e-01 	2.500000e-02 	2.500000e-02 	7.342826e-01 	1.897848e-03 	1.897848e-03 	
4.750000e-01 	2.500000e-02 	2.500000e-02 	7.218732e-01 	1.852899e-03 	1.852899e-03 	
5.250000e-01 	2.500000e-02 	2.500000e-02 	7.028273e-01 	1.797225e-03 	1.797225e-03 	
5.750000e-01 	2.500000e-02 	2.500000e-02 	6.802300e-01 	1.736406e-03 	1.736406e-03 	
6.250000e-01 	2.500000e-02 	2.500000e-02 	6.565827e-01 	1.684587e-03 	1.684587e-03 	
6.750000e-01 	2.500000e-02 	2.500000e-02 	6.376740e-01 	1.644422e-03 	1.644422e-03 	
7.250000e-01 	2.500000e-02 	2.500000e-02 	6.162597e-01 	1.615655e-03 	1.615655e-03 	
7.750000e-01 	2.500000e-02 	2.500000e-02 	5.914772e-01 	1.588701e-03 	1.588701e-03 	
8.250000e-01 	2.500000e-02 	2.500000e-02 	5.644915e-01 	1.576531e-03 	1.576531e-03 	
8.750000e-01 	2.500000e-02 	2.500000e-02 	5.397970e-01 	1.592871e-03 	1.592871e-03 	
9.250000e-01 	2.500000e-02 	2.500000e-02 	5.055427e-01 	1.597335e-03 	1.597335e-03 	
9.750000e-01 	2.500000e-02 	2.500000e-02 	4.657790e-01 	1.611713e-03 	1.611713e-03 	
END SCATTER2D

BEGIN SCATTER2D /COMETA_ZZ_production_analysis/cscatt
Path=/COMETA_ZZ_production_analysis/cscatt
ScaledBy=1.35136927732948706e-05
Title=~
# val1       	err1-        	err1+        	val2         	err2-        	err2+        	
1.250000e-02 	1.250000e-02 	1.250000e-02 	1.493489e+00 	4.762860e-03 	4.762860e-03 	
3.750000e-02 	1.250000e-02 	1.250000e-02 	1.492577e+00 	4.739520e-03 	4.739520e-03 	
6.250000e-02 	1.250000e-02 	1.250000e-02 	1.493424e+00 	4.752518e-03 	4.752518e-03 	
8.750000e-02 	1.250000e-02 	1.250000e-02 	1.482721e+00 	4.717174e-03 	4.717174e-03 	
1.125000e-01 	1.250000e-02 	1.250000e-02 	1.467764e+00 	4.635586e-03 	4.635586e-03 	
1.375000e-01 	1.250000e-02 	1.250000e-02 	1.443590e+00 	4.559136e-03 	4.559136e-03 	
1.625000e-01 	1.250000e-02 	1.250000e-02 	1.433319e+00 	4.507474e-03 	4.507474e-03 	
1.875000e-01 	1.250000e-02 	1.250000e-02 	1.406281e+00 	4.400987e-03 	4.400987e-03 	
2.125000e-01 	1.250000e-02 	1.250000e-02 	1.382615e+00 	4.301172e-03 	4.301172e-03 	
2.375000e-01 	1.250000e-02 	1.250000e-02 	1.354158e+00 	4.197064e-03 	4.197064e-03 	
2.625000e-01 	1.250000e-02 	1.250000e-02 	1.323694e+00 	4.072202e-03 	4.072202e-03 	
2.875000e-01 	1.250000e-02 	1.250000e-02 	1.299153e+00 	3.960954e-03 	3.960954e-03 	
3.125000e-01 	1.250000e-02 	1.250000e-02 	1.254393e+00 	3.803167e-03 	3.803167e-03 	
3.375000e-01 	1.250000e-02 	1.250000e-02 	1.222018e+00 	3.651213e-03 	3.651213e-03 	
3.625000e-01 	1.250000e-02 	1.250000e-02 	1.178029e+00 	3.497602e-03 	3.497602e-03 	
3.875000e-01 	1.250000e-02 	1.250000e-02 	1.130485e+00 	3.332111e-03 	3.332111e-03 	
4.125000e-01 	1.250000e-02 	1.250000e-02 	1.087021e+00 	3.181776e-03 	3.181776e-03 	
4.375000e-01 	1.250000e-02 	1.250000e-02 	1.050455e+00 	3.036320e-03 	3.036320e-03 	
4.625000e-01 	1.250000e-02 	1.250000e-02 	1.002146e+00 	2.857929e-03 	2.857929e-03 	
4.875000e-01 	1.250000e-02 	1.250000e-02 	9.587340e-01 	2.704320e-03 	2.704320e-03 	
5.125000e-01 	1.250000e-02 	1.250000e-02 	9.049572e-01 	2.521537e-03 	2.521537e-03 	
5.375000e-01 	1.250000e-02 	1.250000e-02 	8.621669e-01 	2.372937e-03 	2.372937e-03 	
5.625000e-01 	1.250000e-02 	1.250000e-02 	8.197391e-01 	2.222631e-03 	2.222631e-03 	
5.875000e-01 	1.250000e-02 	1.250000e-02 	7.732199e-01 	2.081409e-03 	2.081409e-03 	
6.125000e-01 	1.250000e-02 	1.250000e-02 	7.374379e-01 	1.965088e-03 	1.965088e-03 	
6.375000e-01 	1.250000e-02 	1.250000e-02 	6.985415e-01 	1.856933e-03 	1.856933e-03 	
6.625000e-01 	1.250000e-02 	1.250000e-02 	6.733400e-01 	1.795589e-03 	1.795589e-03 	
6.875000e-01 	1.250000e-02 	1.250000e-02 	6.550300e-01 	1.735590e-03 	1.735590e-03 	
7.125000e-01 	1.250000e-02 	1.250000e-02 	6.445330e-01 	1.719930e-03 	1.719930e-03 	
7.375000e-01 	1.250000e-02 	1.250000e-02 	6.498507e-01 	1.742701e-03 	1.742701e-03 	
7.625000e-01 	1.250000e-02 	1.250000e-02 	6.735085e-01 	1.827799e-03 	1.827799e-03 	
7.875000e-01 	1.250000e-02 	1.250000e-02 	7.258015e-01 	1.967421e-03 	1.967421e-03 	
8.125000e-01 	1.250000e-02 	1.250000e-02 	8.054447e-01 	2.170458e-03 	2.170458e-03 	
8.375000e-01 	1.250000e-02 	1.250000e-02 	9.390898e-01 	2.454841e-03 	2.454841e-03 	
8.625000e-01 	1.250000e-02 	1.250000e-02 	1.136384e+00 	2.849791e-03 	2.849791e-03 	
8.875000e-01 	1.250000e-02 	1.250000e-02 	1.427031e+00 	3.277069e-03 	3.277069e-03 	
9.125000e-01 	1.250000e-02 	1.250000e-02 	1.880435e+00 	3.857331e-03 	3.857331e-03 	
9.375000e-01 	1.250000e-02 	1.250000e-02 	2.600404e+00 	4.750659e-03 	4.750659e-03 	
9.625000e-01 	1.250000e-02 	1.250000e-02 	3.865348e+00 	5.959450e-03 	5.959450e-03 	
9.875000e-01 	1.250000e-02 	1.250000e-02 	7.215547e+00 	8.472259e-03 	8.472259e-03 	
END SCATTER2D

BEGIN SCATTER2D /COMETA_ZZ_production_analysis/cosee
Path=/COMETA_ZZ_production_analysis/cosee
ScaledBy=1.35136927732948706e-05
Title=~
# val1       	err1-        	err1+        	val2         	err2-        	err2+        	
-9.750000e-01	2.500000e-02 	2.500000e-02 	1.095466e+00 	2.299150e-03 	2.299150e-03 	
-9.250000e-01	2.500000e-02 	2.500000e-02 	9.154668e-01 	2.097085e-03 	2.097085e-03 	
-8.750000e-01	2.500000e-02 	2.500000e-02 	8.266916e-01 	1.984193e-03 	1.984193e-03 	
-8.250000e-01	2.500000e-02 	2.500000e-02 	7.668192e-01 	1.904876e-03 	1.904876e-03 	
-7.750000e-01	2.500000e-02 	2.500000e-02 	7.318210e-01 	1.857899e-03 	1.857899e-03 	
-7.250000e-01	2.500000e-02 	2.500000e-02 	7.013796e-01 	1.815330e-03 	1.815330e-03 	
-6.750000e-01	2.500000e-02 	2.500000e-02 	6.760734e-01 	1.776559e-03 	1.776559e-03 	
-6.250000e-01	2.500000e-02 	2.500000e-02 	6.635891e-01 	1.760491e-03 	1.760491e-03 	
-5.750000e-01	2.500000e-02 	2.500000e-02 	6.504676e-01 	1.744678e-03 	1.744678e-03 	
-5.250000e-01	2.500000e-02 	2.500000e-02 	6.383681e-01 	1.720784e-03 	1.720784e-03 	
-4.750000e-01	2.500000e-02 	2.500000e-02 	6.304947e-01 	1.711407e-03 	1.711407e-03 	
-4.250000e-01	2.500000e-02 	2.500000e-02 	6.241870e-01 	1.700157e-03 	1.700157e-03 	
-3.750000e-01	2.500000e-02 	2.500000e-02 	6.192562e-01 	1.695160e-03 	1.695160e-03 	
-3.250000e-01	2.500000e-02 	2.500000e-02 	6.112962e-01 	1.682001e-03 	1.682001e-03 	
-2.750000e-01	2.500000e-02 	2.500000e-02 	6.101753e-01 	1.692046e-03 	1.692046e-03 	
-2.250000e-01	2.500000e-02 	2.500000e-02 	6.075676e-01 	1.683891e-03 	1.683891e-03 	
-1.750000e-01	2.500000e-02 	2.500000e-02 	6.021201e-01 	1.678504e-03 	1.678504e-03 	
-1.250000e-01	2.500000e-02 	2.500000e-02 	6.019521e-01 	1.676270e-03 	1.676270e-03 	
-7.500000e-02	2.500000e-02 	2.500000e-02 	6.028288e-01 	1.676763e-03 	1.676763e-03 	
-2.500000e-02	2.500000e-02 	2.500000e-02 	6.020828e-01 	1.680574e-03 	1.680574e-03 	
2.500000e-02 	2.500000e-02 	2.500000e-02 	6.020757e-01 	1.690518e-03 	1.690518e-03 	
7.500000e-02 	2.500000e-02 	2.500000e-02 	6.065887e-01 	1.702792e-03 	1.702792e-03 	
1.250000e-01 	2.500000e-02 	2.500000e-02 	6.107733e-01 	1.708173e-03 	1.708173e-03 	
1.750000e-01 	2.500000e-02 	2.500000e-02 	6.147489e-01 	1.717209e-03 	1.717209e-03 	
2.250000e-01 	2.500000e-02 	2.500000e-02 	6.241270e-01 	1.745404e-03 	1.745404e-03 	
2.750000e-01 	2.500000e-02 	2.500000e-02 	6.290047e-01 	1.757871e-03 	1.757871e-03 	
3.250000e-01 	2.500000e-02 	2.500000e-02 	6.422004e-01 	1.785027e-03 	1.785027e-03 	
3.750000e-01 	2.500000e-02 	2.500000e-02 	6.503818e-01 	1.809280e-03 	1.809280e-03 	
4.250000e-01 	2.500000e-02 	2.500000e-02 	6.686353e-01 	1.842156e-03 	1.842156e-03 	
4.750000e-01 	2.500000e-02 	2.500000e-02 	6.859436e-01 	1.890375e-03 	1.890375e-03 	
5.250000e-01 	2.500000e-02 	2.500000e-02 	7.021509e-01 	1.912107e-03 	1.912107e-03 	
5.750000e-01 	2.500000e-02 	2.500000e-02 	7.282238e-01 	1.976397e-03 	1.976397e-03 	
6.250000e-01 	2.500000e-02 	2.500000e-02 	7.593983e-01 	2.040403e-03 	2.040403e-03 	
6.750000e-01 	2.500000e-02 	2.500000e-02 	7.906180e-01 	2.105585e-03 	2.105585e-03 	
7.250000e-01 	2.500000e-02 	2.500000e-02 	8.303644e-01 	2.177498e-03 	2.177498e-03 	
7.750000e-01 	2.500000e-02 	2.500000e-02 	8.706456e-01 	2.260204e-03 	2.260204e-03 	
8.250000e-01 	2.500000e-02 	2.500000e-02 	9.095026e-01 	2.347686e-03 	2.347686e-03 	
8.750000e-01 	2.500000e-02 	2.500000e-02 	8.968219e-01 	2.371965e-03 	2.371965e-03 	
9.250000e-01 	2.500000e-02 	2.500000e-02 	6.200669e-01 	1.938582e-03 	1.938582e-03 	
9.750000e-01 	2.500000e-02 	2.500000e-02 	1.015626e-01 	5.722912e-04 	5.722912e-04 	
END SCATTER2D

BEGIN SCATTER2D /COMETA_ZZ_production_analysis/cospp
Path=/COMETA_ZZ_production_analysis/cospp
ScaledBy=1.35136927732948706e-05
Title=~
# val1       	err1-        	err1+        	val2         	err2-        	err2+        	
-9.750000e-01	2.500000e-02 	2.500000e-02 	5.162592e-01 	1.459865e-03 	1.459865e-03 	
-9.250000e-01	2.500000e-02 	2.500000e-02 	5.157594e-01 	1.464850e-03 	1.464850e-03 	
-8.750000e-01	2.500000e-02 	2.500000e-02 	5.185588e-01 	1.479753e-03 	1.479753e-03 	
-8.250000e-01	2.500000e-02 	2.500000e-02 	5.173643e-01 	1.484140e-03 	1.484140e-03 	
-7.750000e-01	2.500000e-02 	2.500000e-02 	5.152986e-01 	1.478200e-03 	1.478200e-03 	
-7.250000e-01	2.500000e-02 	2.500000e-02 	5.169086e-01 	1.481279e-03 	1.481279e-03 	
-6.750000e-01	2.500000e-02 	2.500000e-02 	5.141656e-01 	1.478918e-03 	1.478918e-03 	
-6.250000e-01	2.500000e-02 	2.500000e-02 	5.150937e-01 	1.486797e-03 	1.486797e-03 	
-5.750000e-01	2.500000e-02 	2.500000e-02 	5.126970e-01 	1.483883e-03 	1.483883e-03 	
-5.250000e-01	2.500000e-02 	2.500000e-02 	5.153306e-01 	1.484351e-03 	1.484351e-03 	
-4.750000e-01	2.500000e-02 	2.500000e-02 	5.185563e-01 	1.500286e-03 	1.500286e-03 	
-4.250000e-01	2.500000e-02 	2.500000e-02 	5.205263e-01 	1.501993e-03 	1.501993e-03 	
-3.750000e-01	2.500000e-02 	2.500000e-02 	5.238874e-01 	1.512460e-03 	1.512460e-03 	
-3.250000e-01	2.500000e-02 	2.500000e-02 	5.221641e-01 	1.504288e-03 	1.504288e-03 	
-2.750000e-01	2.500000e-02 	2.500000e-02 	5.293123e-01 	1.518907e-03 	1.518907e-03 	
-2.250000e-01	2.500000e-02 	2.500000e-02 	5.363613e-01 	1.533990e-03 	1.533990e-03 	
-1.750000e-01	2.500000e-02 	2.500000e-02 	5.379613e-01 	1.543688e-03 	1.543688e-03 	
-1.250000e-01	2.500000e-02 	2.500000e-02 	5.458209e-01 	1.552246e-03 	1.552246e-03 	
-7.500000e-02	2.500000e-02 	2.500000e-02 	5.520669e-01 	1.571841e-03 	1.571841e-03 	
-2.500000e-02	2.500000e-02 	2.500000e-02 	5.607177e-01 	1.592305e-03 	1.592305e-03 	
2.500000e-02 	2.500000e-02 	2.500000e-02 	5.691469e-01 	1.603188e-03 	1.603188e-03 	
7.500000e-02 	2.500000e-02 	2.500000e-02 	5.790484e-01 	1.623542e-03 	1.623542e-03 	
1.250000e-01 	2.500000e-02 	2.500000e-02 	5.892753e-01 	1.641878e-03 	1.641878e-03 	
1.750000e-01 	2.500000e-02 	2.500000e-02 	6.003793e-01 	1.664953e-03 	1.664953e-03 	
2.250000e-01 	2.500000e-02 	2.500000e-02 	6.168583e-01 	1.698885e-03 	1.698885e-03 	
2.750000e-01 	2.500000e-02 	2.500000e-02 	6.324966e-01 	1.730013e-03 	1.730013e-03 	
3.250000e-01 	2.500000e-02 	2.500000e-02 	6.533993e-01 	1.769985e-03 	1.769985e-03 	
3.750000e-01 	2.500000e-02 	2.500000e-02 	6.747338e-01 	1.806554e-03 	1.806554e-03 	
4.250000e-01 	2.500000e-02 	2.500000e-02 	6.965968e-01 	1.845286e-03 	1.845286e-03 	
4.750000e-01 	2.500000e-02 	2.500000e-02 	7.257896e-01 	1.898905e-03 	1.898905e-03 	
5.250000e-01 	2.500000e-02 	2.500000e-02 	7.560147e-01 	1.950844e-03 	1.950844e-03 	
5.750000e-01 	2.500000e-02 	2.500000e-02 	7.990699e-01 	2.030957e-03 	2.030957e-03 	
6.250000e-01 	2.500000e-02 	2.500000e-02 	8.460390e-01 	2.107597e-03 	2.107597e-03 	
6.750000e-01 	2.500000e-02 	2.500000e-02 	8.971137e-01 	2.198836e-03 	2.198836e-03 	
7.250000e-01 	2.500000e-02 	2.500000e-02 	9.676961e-01 	2.317812e-03 	2.317812e-03 	
7.750000e-01 	2.500000e-02 	2.500000e-02 	1.047242e+00 	2.449001e-03 	2.449001e-03 	
8.250000e-01 	2.500000e-02 	2.500000e-02 	1.154851e+00 	2.630021e-03 	2.630021e-03 	
8.750000e-01 	2.500000e-02 	2.500000e-02 	1.283629e+00 	2.851095e-03 	2.851095e-03 	
9.250000e-01 	2.500000e-02 	2.500000e-02 	1.395493e+00 	3.065429e-03 	3.065429e-03 	
9.750000e-01 	2.500000e-02 	2.500000e-02 	1.332254e+00 	2.968649e-03 	2.968649e-03 	
END SCATTER2D

BEGIN SCATTER2D /COMETA_ZZ_production_analysis/cp1dmap_ZZ
Path=/COMETA_ZZ_production_analysis/cp1dmap_ZZ
ScaledBy=1.35136927732948706e-05
Title=~
# val1       	err1-        	err1+        	val2         	err2-        	err2+        	
5.000000e-01 	5.000000e-01 	5.000000e-01 	5.068691e-03 	2.716571e-05 	2.716571e-05 	
1.500000e+00 	5.000000e-01 	5.000000e-01 	8.444608e-03 	3.999299e-05 	3.999299e-05 	
2.500000e+00 	5.000000e-01 	5.000000e-01 	1.627068e-02 	5.911929e-05 	5.911929e-05 	
3.500000e+00 	5.000000e-01 	5.000000e-01 	2.825561e-02 	8.157649e-05 	8.157649e-05 	
4.500000e+00 	5.000000e-01 	5.000000e-01 	4.672203e-02 	1.077440e-04 	1.077440e-04 	
5.500000e+00 	5.000000e-01 	5.000000e-01 	7.605223e-02 	1.404850e-04 	1.404850e-04 	
6.500000e+00 	5.000000e-01 	5.000000e-01 	1.404211e-01 	1.937789e-04 	1.937789e-04 	
7.500000e+00 	5.000000e-01 	5.000000e-01 	1.398719e-01 	1.921267e-04 	1.921267e-04 	
8.500000e+00 	5.000000e-01 	5.000000e-01 	7.597198e-02 	1.387343e-04 	1.387343e-04 	
9.500000e+00 	5.000000e-01 	5.000000e-01 	4.698303e-02 	1.063682e-04 	1.063682e-04 	
1.050000e+01 	5.000000e-01 	5.000000e-01 	2.834484e-02 	8.004684e-05 	8.004684e-05 	
1.150000e+01 	5.000000e-01 	5.000000e-01 	1.619868e-02 	5.728545e-05 	5.728545e-05 	
1.250000e+01 	5.000000e-01 	5.000000e-01 	8.361430e-03 	3.821838e-05 	3.821838e-05 	
1.350000e+01 	5.000000e-01 	5.000000e-01 	5.017278e-03 	2.578830e-05 	2.578830e-05 	
1.450000e+01 	5.000000e-01 	5.000000e-01 	4.088032e-02 	1.029875e-04 	1.029875e-04 	
1.550000e+01 	5.000000e-01 	5.000000e-01 	4.066380e-02 	1.023145e-04 	1.023145e-04 	
1.650000e+01 	5.000000e-01 	5.000000e-01 	5.053688e-03 	2.595547e-05 	2.595547e-05 	
1.750000e+01 	5.000000e-01 	5.000000e-01 	8.407605e-03 	3.852004e-05 	3.852004e-05 	
1.850000e+01 	5.000000e-01 	5.000000e-01 	1.620837e-02 	5.727909e-05 	5.727909e-05 	
1.950000e+01 	5.000000e-01 	5.000000e-01 	2.820752e-02 	7.936740e-05 	7.936740e-05 	
2.050000e+01 	5.000000e-01 	5.000000e-01 	4.695530e-02 	1.064157e-04 	1.064157e-04 	
2.150000e+01 	5.000000e-01 	5.000000e-01 	7.605679e-02 	1.386908e-04 	1.386908e-04 	
2.250000e+01 	5.000000e-01 	5.000000e-01 	1.404526e-01 	1.929708e-04 	1.929708e-04 	
2.350000e+01 	5.000000e-01 	5.000000e-01 	1.404239e-01 	1.939015e-04 	1.939015e-04 	
2.450000e+01 	5.000000e-01 	5.000000e-01 	7.613519e-02 	1.410308e-04 	1.410308e-04 	
2.550000e+01 	5.000000e-01 	5.000000e-01 	4.670956e-02 	1.081279e-04 	1.081279e-04 	
2.650000e+01 	5.000000e-01 	5.000000e-01 	2.832043e-02 	8.157760e-05 	8.157760e-05 	
2.750000e+01 	5.000000e-01 	5.000000e-01 	1.623101e-02 	5.905107e-05 	5.905107e-05 	
2.850000e+01 	5.000000e-01 	5.000000e-01 	8.382703e-03 	3.966177e-05 	3.966177e-05 	
2.950000e+01 	5.000000e-01 	5.000000e-01 	5.023914e-03 	2.697193e-05 	2.697193e-05 	
END SCATTER2D

