BEGIN SCATTER2D /COMETA_ZZ_production_analysis/totxsec
Path=/COMETA_ZZ_production_analysis/totxsec
ScaledBy=1.35378409910355859e-05
Title=~
# val1       	err1-        	err1+        	val2         	err2-        	err2+        	
1.300000e+04 	5.000000e-01 	5.000000e-01 	6.767073e-01 	3.760049e-04 	3.760049e-04 	
END SCATTER2D

BEGIN SCATTER2D /COMETA_ZZ_production_analysis/m4l
Path=/COMETA_ZZ_production_analysis/m4l
ScaledBy=1.35378409910355859e-05
Title=~
# val1       	err1-        	err1+        	val2         	err2-        	err2+        	
1.000000e+01 	1.000000e+01 	1.000000e+01 	0.000000e+00 	0.000000e+00 	0.000000e+00 	
3.000000e+01 	1.000000e+01 	1.000000e+01 	0.000000e+00 	0.000000e+00 	0.000000e+00 	
5.000000e+01 	1.000000e+01 	1.000000e+01 	0.000000e+00 	0.000000e+00 	0.000000e+00 	
7.000000e+01 	1.000000e+01 	1.000000e+01 	0.000000e+00 	0.000000e+00 	0.000000e+00 	
9.000000e+01 	1.000000e+01 	1.000000e+01 	0.000000e+00 	0.000000e+00 	0.000000e+00 	
1.100000e+02 	1.000000e+01 	1.000000e+01 	0.000000e+00 	0.000000e+00 	0.000000e+00 	
1.300000e+02 	1.000000e+01 	1.000000e+01 	0.000000e+00 	0.000000e+00 	0.000000e+00 	
1.500000e+02 	1.000000e+01 	1.000000e+01 	0.000000e+00 	0.000000e+00 	0.000000e+00 	
1.700000e+02 	1.000000e+01 	1.000000e+01 	0.000000e+00 	0.000000e+00 	0.000000e+00 	
1.900000e+02 	1.000000e+01 	1.000000e+01 	1.119275e-02 	1.287296e-05 	1.287296e-05 	
2.100000e+02 	1.000000e+01 	1.000000e+01 	9.950671e-03 	1.032910e-05 	1.032910e-05 	
2.300000e+02 	1.000000e+01 	1.000000e+01 	5.508281e-03 	6.729592e-06 	6.729592e-06 	
2.500000e+02 	1.000000e+01 	1.000000e+01 	2.996835e-03 	4.391762e-06 	4.391762e-06 	
2.700000e+02 	1.000000e+01 	1.000000e+01 	1.675254e-03 	2.918331e-06 	2.918331e-06 	
2.900000e+02 	1.000000e+01 	1.000000e+01 	9.602090e-04 	1.996450e-06 	1.996450e-06 	
3.100000e+02 	1.000000e+01 	1.000000e+01 	5.676669e-04 	1.388843e-06 	1.388843e-06 	
3.300000e+02 	1.000000e+01 	1.000000e+01 	3.457071e-04 	9.798097e-07 	9.798097e-07 	
3.500000e+02 	1.000000e+01 	1.000000e+01 	2.155516e-04 	7.080387e-07 	7.080387e-07 	
3.700000e+02 	1.000000e+01 	1.000000e+01 	1.363257e-04 	4.959154e-07 	4.959154e-07 	
3.900000e+02 	1.000000e+01 	1.000000e+01 	9.005665e-05 	3.808945e-07 	3.808945e-07 	
4.100000e+02 	1.000000e+01 	1.000000e+01 	5.927851e-05 	2.770507e-07 	2.770507e-07 	
4.300000e+02 	1.000000e+01 	1.000000e+01 	3.978291e-05 	2.103433e-07 	2.103433e-07 	
4.500000e+02 	1.000000e+01 	1.000000e+01 	2.729379e-05 	1.610163e-07 	1.610163e-07 	
4.700000e+02 	1.000000e+01 	1.000000e+01 	1.911587e-05 	1.218287e-07 	1.218287e-07 	
4.900000e+02 	1.000000e+01 	1.000000e+01 	1.350013e-05 	9.711691e-08 	9.711691e-08 	
5.100000e+02 	1.000000e+01 	1.000000e+01 	9.569332e-06 	7.793139e-08 	7.793139e-08 	
5.300000e+02 	1.000000e+01 	1.000000e+01 	6.882358e-06 	6.078761e-08 	6.078761e-08 	
5.500000e+02 	1.000000e+01 	1.000000e+01 	5.049644e-06 	4.698164e-08 	4.698164e-08 	
5.700000e+02 	1.000000e+01 	1.000000e+01 	3.682023e-06 	3.628158e-08 	3.628158e-08 	
5.900000e+02 	1.000000e+01 	1.000000e+01 	2.797184e-06 	2.973596e-08 	2.973596e-08 	
6.100000e+02 	1.000000e+01 	1.000000e+01 	2.029567e-06 	2.328755e-08 	2.328755e-08 	
6.300000e+02 	1.000000e+01 	1.000000e+01 	1.562053e-06 	1.869142e-08 	1.869142e-08 	
6.500000e+02 	1.000000e+01 	1.000000e+01 	1.174181e-06 	1.470293e-08 	1.470293e-08 	
6.700000e+02 	1.000000e+01 	1.000000e+01 	9.102421e-07 	1.388895e-08 	1.388895e-08 	
6.900000e+02 	1.000000e+01 	1.000000e+01 	6.993954e-07 	1.018771e-08 	1.018771e-08 	
7.100000e+02 	1.000000e+01 	1.000000e+01 	5.363250e-07 	8.400542e-09 	8.400542e-09 	
7.300000e+02 	1.000000e+01 	1.000000e+01 	4.355632e-07 	7.682162e-09 	7.682162e-09 	
7.500000e+02 	1.000000e+01 	1.000000e+01 	3.408328e-07 	5.986424e-09 	5.986424e-09 	
7.700000e+02 	1.000000e+01 	1.000000e+01 	2.692835e-07 	4.435069e-09 	4.435069e-09 	
7.900000e+02 	1.000000e+01 	1.000000e+01 	2.102888e-07 	3.808551e-09 	3.808551e-09 	
8.100000e+02 	1.000000e+01 	1.000000e+01 	1.688935e-07 	3.059431e-09 	3.059431e-09 	
8.300000e+02 	1.000000e+01 	1.000000e+01 	1.348506e-07 	2.669286e-09 	2.669286e-09 	
8.500000e+02 	1.000000e+01 	1.000000e+01 	1.051314e-07 	1.864351e-09 	1.864351e-09 	
8.700000e+02 	1.000000e+01 	1.000000e+01 	8.786292e-08 	1.740389e-09 	1.740389e-09 	
8.900000e+02 	1.000000e+01 	1.000000e+01 	7.159884e-08 	1.443421e-09 	1.443421e-09 	
9.100000e+02 	1.000000e+01 	1.000000e+01 	5.835918e-08 	1.110837e-09 	1.110837e-09 	
9.300000e+02 	1.000000e+01 	1.000000e+01 	4.933009e-08 	1.049520e-09 	1.049520e-09 	
9.500000e+02 	1.000000e+01 	1.000000e+01 	4.127442e-08 	9.205165e-10 	9.205165e-10 	
9.700000e+02 	1.000000e+01 	1.000000e+01 	3.442453e-08 	6.825241e-10 	6.825241e-10 	
9.900000e+02 	1.000000e+01 	1.000000e+01 	2.734802e-08 	4.780990e-10 	4.780990e-10 	
1.010000e+03 	1.000000e+01 	1.000000e+01 	2.268466e-08 	4.292792e-10 	4.292792e-10 	
1.030000e+03 	1.000000e+01 	1.000000e+01 	1.874763e-08 	3.561383e-10 	3.561383e-10 	
1.050000e+03 	1.000000e+01 	1.000000e+01 	1.626761e-08 	3.140763e-10 	3.140763e-10 	
1.070000e+03 	1.000000e+01 	1.000000e+01 	1.362859e-08 	2.931513e-10 	2.931513e-10 	
1.090000e+03 	1.000000e+01 	1.000000e+01 	1.171741e-08 	2.193049e-10 	2.193049e-10 	
1.110000e+03 	1.000000e+01 	1.000000e+01 	1.025886e-08 	2.083743e-10 	2.083743e-10 	
1.130000e+03 	1.000000e+01 	1.000000e+01 	8.279132e-09 	1.614337e-10 	1.614337e-10 	
1.150000e+03 	1.000000e+01 	1.000000e+01 	7.237794e-09 	1.394221e-10 	1.394221e-10 	
1.170000e+03 	1.000000e+01 	1.000000e+01 	6.325352e-09 	1.257863e-10 	1.257863e-10 	
1.190000e+03 	1.000000e+01 	1.000000e+01 	5.594564e-09 	1.106587e-10 	1.106587e-10 	
1.210000e+03 	1.000000e+01 	1.000000e+01 	4.478371e-09 	8.919364e-11 	8.919364e-11 	
1.230000e+03 	1.000000e+01 	1.000000e+01 	3.886430e-09 	7.987115e-11 	7.987115e-11 	
1.250000e+03 	1.000000e+01 	1.000000e+01 	3.565345e-09 	7.380925e-11 	7.380925e-11 	
1.270000e+03 	1.000000e+01 	1.000000e+01 	3.020224e-09 	6.383799e-11 	6.383799e-11 	
1.290000e+03 	1.000000e+01 	1.000000e+01 	2.715298e-09 	5.820525e-11 	5.820525e-11 	
1.310000e+03 	1.000000e+01 	1.000000e+01 	2.303264e-09 	4.979288e-11 	4.979288e-11 	
1.330000e+03 	1.000000e+01 	1.000000e+01 	2.085523e-09 	4.726589e-11 	4.726589e-11 	
1.350000e+03 	1.000000e+01 	1.000000e+01 	1.762092e-09 	3.928867e-11 	3.928867e-11 	
1.370000e+03 	1.000000e+01 	1.000000e+01 	1.488985e-09 	3.501228e-11 	3.501228e-11 	
1.390000e+03 	1.000000e+01 	1.000000e+01 	1.366325e-09 	3.193464e-11 	3.193464e-11 	
1.410000e+03 	1.000000e+01 	1.000000e+01 	1.169804e-09 	2.809462e-11 	2.809462e-11 	
1.430000e+03 	1.000000e+01 	1.000000e+01 	1.002201e-09 	2.370346e-11 	2.370346e-11 	
1.450000e+03 	1.000000e+01 	1.000000e+01 	9.032209e-10 	2.137254e-11 	2.137254e-11 	
1.470000e+03 	1.000000e+01 	1.000000e+01 	8.172493e-10 	1.971413e-11 	1.971413e-11 	
1.490000e+03 	1.000000e+01 	1.000000e+01 	6.887836e-10 	1.679733e-11 	1.679733e-11 	
1.510000e+03 	1.000000e+01 	1.000000e+01 	6.471061e-10 	1.545629e-11 	1.545629e-11 	
1.530000e+03 	1.000000e+01 	1.000000e+01 	5.679241e-10 	1.411799e-11 	1.411799e-11 	
1.550000e+03 	1.000000e+01 	1.000000e+01 	4.746129e-10 	1.250238e-11 	1.250238e-11 	
1.570000e+03 	1.000000e+01 	1.000000e+01 	4.463793e-10 	1.123918e-11 	1.123918e-11 	
1.590000e+03 	1.000000e+01 	1.000000e+01 	4.047133e-10 	1.022809e-11 	1.022809e-11 	
1.610000e+03 	1.000000e+01 	1.000000e+01 	3.416067e-10 	8.950415e-12 	8.950415e-12 	
1.630000e+03 	1.000000e+01 	1.000000e+01 	3.128863e-10 	8.409303e-12 	8.409303e-12 	
1.650000e+03 	1.000000e+01 	1.000000e+01 	2.788483e-10 	7.702953e-12 	7.702953e-12 	
1.670000e+03 	1.000000e+01 	1.000000e+01 	2.580091e-10 	7.056135e-12 	7.056135e-12 	
1.690000e+03 	1.000000e+01 	1.000000e+01 	2.216425e-10 	6.201729e-12 	6.201729e-12 	
1.710000e+03 	1.000000e+01 	1.000000e+01 	2.052262e-10 	5.828531e-12 	5.828531e-12 	
1.730000e+03 	1.000000e+01 	1.000000e+01 	1.861201e-10 	5.122775e-12 	5.122775e-12 	
1.750000e+03 	1.000000e+01 	1.000000e+01 	1.710719e-10 	4.936583e-12 	4.936583e-12 	
1.770000e+03 	1.000000e+01 	1.000000e+01 	1.444703e-10 	4.225847e-12 	4.225847e-12 	
1.790000e+03 	1.000000e+01 	1.000000e+01 	1.329241e-10 	3.844263e-12 	3.844263e-12 	
1.810000e+03 	1.000000e+01 	1.000000e+01 	1.172680e-10 	3.369589e-12 	3.369589e-12 	
1.830000e+03 	1.000000e+01 	1.000000e+01 	1.088740e-10 	3.260597e-12 	3.260597e-12 	
1.850000e+03 	1.000000e+01 	1.000000e+01 	9.008347e-11 	2.731059e-12 	2.731059e-12 	
1.870000e+03 	1.000000e+01 	1.000000e+01 	8.444761e-11 	2.563972e-12 	2.563972e-12 	
1.890000e+03 	1.000000e+01 	1.000000e+01 	7.913119e-11 	2.417702e-12 	2.417702e-12 	
1.910000e+03 	1.000000e+01 	1.000000e+01 	6.936484e-11 	2.138809e-12 	2.138809e-12 	
1.930000e+03 	1.000000e+01 	1.000000e+01 	6.530905e-11 	1.968708e-12 	1.968708e-12 	
1.950000e+03 	1.000000e+01 	1.000000e+01 	5.477180e-11 	1.748932e-12 	1.748932e-12 	
1.970000e+03 	1.000000e+01 	1.000000e+01 	5.393623e-11 	1.709318e-12 	1.709318e-12 	
1.990000e+03 	1.000000e+01 	1.000000e+01 	4.687303e-11 	1.571977e-12 	1.571977e-12 	
END SCATTER2D

BEGIN SCATTER2D /COMETA_ZZ_production_analysis/m3l
Path=/COMETA_ZZ_production_analysis/m3l
ScaledBy=1.35378409910355859e-05
Title=~
# val1       	err1-        	err1+        	val2         	err2-        	err2+        	
5.000000e+00 	5.000000e+00 	5.000000e+00 	0.000000e+00 	0.000000e+00 	0.000000e+00 	
1.500000e+01 	5.000000e+00 	5.000000e+00 	0.000000e+00 	0.000000e+00 	0.000000e+00 	
2.500000e+01 	5.000000e+00 	5.000000e+00 	0.000000e+00 	0.000000e+00 	0.000000e+00 	
3.500000e+01 	5.000000e+00 	5.000000e+00 	0.000000e+00 	0.000000e+00 	0.000000e+00 	
4.500000e+01 	5.000000e+00 	5.000000e+00 	0.000000e+00 	0.000000e+00 	0.000000e+00 	
5.500000e+01 	5.000000e+00 	5.000000e+00 	0.000000e+00 	0.000000e+00 	0.000000e+00 	
6.500000e+01 	5.000000e+00 	5.000000e+00 	0.000000e+00 	0.000000e+00 	0.000000e+00 	
7.500000e+01 	5.000000e+00 	5.000000e+00 	0.000000e+00 	0.000000e+00 	0.000000e+00 	
8.500000e+01 	5.000000e+00 	5.000000e+00 	1.870269e-08 	1.450151e-09 	1.450151e-09 	
9.500000e+01 	5.000000e+00 	5.000000e+00 	1.042462e-05 	1.214017e-07 	1.214017e-07 	
1.050000e+02 	5.000000e+00 	5.000000e+00 	3.780021e-04 	1.252196e-06 	1.252196e-06 	
1.150000e+02 	5.000000e+00 	5.000000e+00 	2.897927e-03 	5.816063e-06 	5.816063e-06 	
1.250000e+02 	5.000000e+00 	5.000000e+00 	9.261002e-03 	1.479438e-05 	1.479438e-05 	
1.350000e+02 	5.000000e+00 	5.000000e+00 	1.354427e-02 	1.998717e-05 	1.998717e-05 	
1.450000e+02 	5.000000e+00 	5.000000e+00 	1.124702e-02 	1.699290e-05 	1.699290e-05 	
1.550000e+02 	5.000000e+00 	5.000000e+00 	8.415677e-03 	1.340025e-05 	1.340025e-05 	
1.650000e+02 	5.000000e+00 	5.000000e+00 	6.078638e-03 	1.049604e-05 	1.049604e-05 	
1.750000e+02 	5.000000e+00 	5.000000e+00 	4.360183e-03 	8.253884e-06 	8.253884e-06 	
1.850000e+02 	5.000000e+00 	5.000000e+00 	3.109993e-03 	6.475174e-06 	6.475174e-06 	
1.950000e+02 	5.000000e+00 	5.000000e+00 	2.219277e-03 	5.087055e-06 	5.087055e-06 	
2.050000e+02 	5.000000e+00 	5.000000e+00 	1.596922e-03 	4.019954e-06 	4.019954e-06 	
2.150000e+02 	5.000000e+00 	5.000000e+00 	1.156416e-03 	3.207476e-06 	3.207476e-06 	
2.250000e+02 	5.000000e+00 	5.000000e+00 	8.370671e-04 	2.547421e-06 	2.547421e-06 	
2.350000e+02 	5.000000e+00 	5.000000e+00 	6.177727e-04 	2.057263e-06 	2.057263e-06 	
2.450000e+02 	5.000000e+00 	5.000000e+00 	4.543367e-04 	1.652415e-06 	1.652415e-06 	
2.550000e+02 	5.000000e+00 	5.000000e+00 	3.428368e-04 	1.356549e-06 	1.356549e-06 	
2.650000e+02 	5.000000e+00 	5.000000e+00 	2.576292e-04 	1.111137e-06 	1.111137e-06 	
2.750000e+02 	5.000000e+00 	5.000000e+00 	1.939777e-04 	9.032684e-07 	9.032684e-07 	
2.850000e+02 	5.000000e+00 	5.000000e+00 	1.470634e-04 	7.375432e-07 	7.375432e-07 	
2.950000e+02 	5.000000e+00 	5.000000e+00 	1.139913e-04 	6.119571e-07 	6.119571e-07 	
3.050000e+02 	5.000000e+00 	5.000000e+00 	8.736845e-05 	5.052736e-07 	5.052736e-07 	
3.150000e+02 	5.000000e+00 	5.000000e+00 	6.858793e-05 	4.266351e-07 	4.266351e-07 	
3.250000e+02 	5.000000e+00 	5.000000e+00 	5.401628e-05 	3.568392e-07 	3.568392e-07 	
3.350000e+02 	5.000000e+00 	5.000000e+00 	4.196241e-05 	2.990126e-07 	2.990126e-07 	
3.450000e+02 	5.000000e+00 	5.000000e+00 	3.345869e-05 	2.544403e-07 	2.544403e-07 	
3.550000e+02 	5.000000e+00 	5.000000e+00 	2.687674e-05 	2.165336e-07 	2.165336e-07 	
3.650000e+02 	5.000000e+00 	5.000000e+00 	2.096803e-05 	1.803593e-07 	1.803593e-07 	
3.750000e+02 	5.000000e+00 	5.000000e+00 	1.698113e-05 	1.546000e-07 	1.546000e-07 	
3.850000e+02 	5.000000e+00 	5.000000e+00 	1.378290e-05 	1.311670e-07 	1.311670e-07 	
3.950000e+02 	5.000000e+00 	5.000000e+00 	1.134379e-05 	1.156285e-07 	1.156285e-07 	
4.050000e+02 	5.000000e+00 	5.000000e+00 	9.111337e-06 	9.890146e-08 	9.890146e-08 	
4.150000e+02 	5.000000e+00 	5.000000e+00 	7.518558e-06 	8.467359e-08 	8.467359e-08 	
4.250000e+02 	5.000000e+00 	5.000000e+00 	6.091334e-06 	7.257649e-08 	7.257649e-08 	
4.350000e+02 	5.000000e+00 	5.000000e+00 	5.042957e-06 	6.431872e-08 	6.431872e-08 	
4.450000e+02 	5.000000e+00 	5.000000e+00 	4.262892e-06 	5.653826e-08 	5.653826e-08 	
4.550000e+02 	5.000000e+00 	5.000000e+00 	3.494956e-06 	4.787471e-08 	4.787471e-08 	
4.650000e+02 	5.000000e+00 	5.000000e+00 	2.923555e-06 	4.204040e-08 	4.204040e-08 	
4.750000e+02 	5.000000e+00 	5.000000e+00 	2.412974e-06 	3.685430e-08 	3.685430e-08 	
4.850000e+02 	5.000000e+00 	5.000000e+00 	2.030465e-06 	3.030700e-08 	3.030700e-08 	
4.950000e+02 	5.000000e+00 	5.000000e+00 	1.721205e-06 	2.767352e-08 	2.767352e-08 	
5.050000e+02 	5.000000e+00 	5.000000e+00 	1.447690e-06 	2.406162e-08 	2.406162e-08 	
5.150000e+02 	5.000000e+00 	5.000000e+00 	1.269757e-06 	2.331470e-08 	2.331470e-08 	
5.250000e+02 	5.000000e+00 	5.000000e+00 	1.047963e-06 	1.891166e-08 	1.891166e-08 	
5.350000e+02 	5.000000e+00 	5.000000e+00 	8.847340e-07 	1.668604e-08 	1.668604e-08 	
5.450000e+02 	5.000000e+00 	5.000000e+00 	7.486292e-07 	1.476036e-08 	1.476036e-08 	
5.550000e+02 	5.000000e+00 	5.000000e+00 	6.205544e-07 	1.273844e-08 	1.273844e-08 	
5.650000e+02 	5.000000e+00 	5.000000e+00 	5.612911e-07 	1.113917e-08 	1.113917e-08 	
5.750000e+02 	5.000000e+00 	5.000000e+00 	4.716071e-07 	9.952526e-09 	9.952526e-09 	
5.850000e+02 	5.000000e+00 	5.000000e+00 	4.136848e-07 	9.462767e-09 	9.462767e-09 	
5.950000e+02 	5.000000e+00 	5.000000e+00 	3.464707e-07 	7.765954e-09 	7.765954e-09 	
6.050000e+02 	5.000000e+00 	5.000000e+00 	3.026368e-07 	7.192208e-09 	7.192208e-09 	
6.150000e+02 	5.000000e+00 	5.000000e+00 	2.678311e-07 	6.374805e-09 	6.374805e-09 	
6.250000e+02 	5.000000e+00 	5.000000e+00 	2.286229e-07 	5.439551e-09 	5.439551e-09 	
6.350000e+02 	5.000000e+00 	5.000000e+00 	2.017355e-07 	4.810557e-09 	4.810557e-09 	
6.450000e+02 	5.000000e+00 	5.000000e+00 	1.802011e-07 	4.856038e-09 	4.856038e-09 	
6.550000e+02 	5.000000e+00 	5.000000e+00 	1.471731e-07 	3.648712e-09 	3.648712e-09 	
6.650000e+02 	5.000000e+00 	5.000000e+00 	1.332311e-07 	3.521896e-09 	3.521896e-09 	
6.750000e+02 	5.000000e+00 	5.000000e+00 	1.186883e-07 	3.324480e-09 	3.324480e-09 	
6.850000e+02 	5.000000e+00 	5.000000e+00 	1.042523e-07 	2.870275e-09 	2.870275e-09 	
6.950000e+02 	5.000000e+00 	5.000000e+00 	8.957649e-08 	2.324294e-09 	2.324294e-09 	
7.050000e+02 	5.000000e+00 	5.000000e+00 	7.737739e-08 	1.963882e-09 	1.963882e-09 	
7.150000e+02 	5.000000e+00 	5.000000e+00 	6.777831e-08 	1.756064e-09 	1.756064e-09 	
7.250000e+02 	5.000000e+00 	5.000000e+00 	6.093347e-08 	1.666048e-09 	1.666048e-09 	
7.350000e+02 	5.000000e+00 	5.000000e+00 	5.438949e-08 	1.694744e-09 	1.694744e-09 	
7.450000e+02 	5.000000e+00 	5.000000e+00 	4.852250e-08 	1.424963e-09 	1.424963e-09 	
7.550000e+02 	5.000000e+00 	5.000000e+00 	4.265910e-08 	1.092768e-09 	1.092768e-09 	
7.650000e+02 	5.000000e+00 	5.000000e+00 	4.032020e-08 	1.165210e-09 	1.165210e-09 	
7.750000e+02 	5.000000e+00 	5.000000e+00 	3.427955e-08 	9.730418e-10 	9.730418e-10 	
7.850000e+02 	5.000000e+00 	5.000000e+00 	3.039640e-08 	8.455951e-10 	8.455951e-10 	
7.950000e+02 	5.000000e+00 	5.000000e+00 	2.644329e-08 	7.127829e-10 	7.127829e-10 	
8.050000e+02 	5.000000e+00 	5.000000e+00 	2.359943e-08 	5.891785e-10 	5.891785e-10 	
8.150000e+02 	5.000000e+00 	5.000000e+00 	2.024033e-08 	5.335661e-10 	5.335661e-10 	
8.250000e+02 	5.000000e+00 	5.000000e+00 	2.091703e-08 	6.758975e-10 	6.758975e-10 	
8.350000e+02 	5.000000e+00 	5.000000e+00 	1.621698e-08 	4.025719e-10 	4.025719e-10 	
8.450000e+02 	5.000000e+00 	5.000000e+00 	1.573227e-08 	4.363390e-10 	4.363390e-10 	
8.550000e+02 	5.000000e+00 	5.000000e+00 	1.430671e-08 	4.025002e-10 	4.025002e-10 	
8.650000e+02 	5.000000e+00 	5.000000e+00 	1.240816e-08 	3.359958e-10 	3.359958e-10 	
8.750000e+02 	5.000000e+00 	5.000000e+00 	1.173577e-08 	3.266203e-10 	3.266203e-10 	
8.850000e+02 	5.000000e+00 	5.000000e+00 	1.121453e-08 	3.714242e-10 	3.714242e-10 	
8.950000e+02 	5.000000e+00 	5.000000e+00 	9.218619e-09 	2.511525e-10 	2.511525e-10 	
9.050000e+02 	5.000000e+00 	5.000000e+00 	8.569683e-09 	2.451584e-10 	2.451584e-10 	
9.150000e+02 	5.000000e+00 	5.000000e+00 	7.732624e-09 	2.234466e-10 	2.234466e-10 	
9.250000e+02 	5.000000e+00 	5.000000e+00 	7.078215e-09 	2.068960e-10 	2.068960e-10 	
9.350000e+02 	5.000000e+00 	5.000000e+00 	6.432939e-09 	1.937404e-10 	1.937404e-10 	
9.450000e+02 	5.000000e+00 	5.000000e+00 	6.108922e-09 	2.080832e-10 	2.080832e-10 	
9.550000e+02 	5.000000e+00 	5.000000e+00 	5.704627e-09 	1.763694e-10 	1.763694e-10 	
9.650000e+02 	5.000000e+00 	5.000000e+00 	5.039889e-09 	1.623159e-10 	1.623159e-10 	
9.750000e+02 	5.000000e+00 	5.000000e+00 	4.477701e-09 	1.396857e-10 	1.396857e-10 	
9.850000e+02 	5.000000e+00 	5.000000e+00 	4.077421e-09 	1.296146e-10 	1.296146e-10 	
9.950000e+02 	5.000000e+00 	5.000000e+00 	3.713437e-09 	1.168857e-10 	1.168857e-10 	
END SCATTER2D

BEGIN SCATTER2D /COMETA_ZZ_production_analysis/mpp
Path=/COMETA_ZZ_production_analysis/mpp
ScaledBy=1.35378409910355859e-05
Title=~
# val1       	err1-        	err1+        	val2         	err2-        	err2+        	
5.000000e+00 	5.000000e+00 	5.000000e+00 	4.612100e-04 	3.076919e-06 	3.076919e-06 	
1.500000e+01 	5.000000e+00 	5.000000e+00 	1.427565e-03 	5.423696e-06 	5.423696e-06 	
2.500000e+01 	5.000000e+00 	5.000000e+00 	2.368553e-03 	7.111623e-06 	7.111623e-06 	
3.500000e+01 	5.000000e+00 	5.000000e+00 	3.318526e-03 	8.551937e-06 	8.551937e-06 	
4.500000e+01 	5.000000e+00 	5.000000e+00 	4.349253e-03 	9.844916e-06 	9.844916e-06 	
5.500000e+01 	5.000000e+00 	5.000000e+00 	5.541478e-03 	1.108371e-05 	1.108371e-05 	
6.500000e+01 	5.000000e+00 	5.000000e+00 	6.902175e-03 	1.241822e-05 	1.241822e-05 	
7.500000e+01 	5.000000e+00 	5.000000e+00 	8.208318e-03 	1.391100e-05 	1.391100e-05 	
8.500000e+01 	5.000000e+00 	5.000000e+00 	8.652761e-03 	1.482049e-05 	1.482049e-05 	
9.500000e+01 	5.000000e+00 	5.000000e+00 	7.422923e-03 	1.350257e-05 	1.350257e-05 	
1.050000e+02 	5.000000e+00 	5.000000e+00 	5.495541e-03 	1.067501e-05 	1.067501e-05 	
1.150000e+02 	5.000000e+00 	5.000000e+00 	3.946379e-03 	8.234436e-06 	8.234436e-06 	
1.250000e+02 	5.000000e+00 	5.000000e+00 	2.776400e-03 	6.335650e-06 	6.335650e-06 	
1.350000e+02 	5.000000e+00 	5.000000e+00 	1.959233e-03 	4.898383e-06 	4.898383e-06 	
1.450000e+02 	5.000000e+00 	5.000000e+00 	1.368670e-03 	3.759561e-06 	3.759561e-06 	
1.550000e+02 	5.000000e+00 	5.000000e+00 	9.678922e-04 	2.903942e-06 	2.903942e-06 	
1.650000e+02 	5.000000e+00 	5.000000e+00 	6.859327e-04 	2.251831e-06 	2.251831e-06 	
1.750000e+02 	5.000000e+00 	5.000000e+00 	4.871687e-04 	1.755159e-06 	1.755159e-06 	
1.850000e+02 	5.000000e+00 	5.000000e+00 	3.477648e-04 	1.369463e-06 	1.369463e-06 	
1.950000e+02 	5.000000e+00 	5.000000e+00 	2.518036e-04 	1.081754e-06 	1.081754e-06 	
2.050000e+02 	5.000000e+00 	5.000000e+00 	1.840114e-04 	8.608595e-07 	8.608595e-07 	
2.150000e+02 	5.000000e+00 	5.000000e+00 	1.341082e-04 	6.858540e-07 	6.858540e-07 	
2.250000e+02 	5.000000e+00 	5.000000e+00 	9.838781e-05 	5.435769e-07 	5.435769e-07 	
2.350000e+02 	5.000000e+00 	5.000000e+00 	7.310418e-05 	4.333929e-07 	4.333929e-07 	
2.450000e+02 	5.000000e+00 	5.000000e+00 	5.482537e-05 	3.506078e-07 	3.506078e-07 	
2.550000e+02 	5.000000e+00 	5.000000e+00 	4.182556e-05 	2.882672e-07 	2.882672e-07 	
2.650000e+02 	5.000000e+00 	5.000000e+00 	3.171720e-05 	2.347401e-07 	2.347401e-07 	
2.750000e+02 	5.000000e+00 	5.000000e+00 	2.445406e-05 	1.930352e-07 	1.930352e-07 	
2.850000e+02 	5.000000e+00 	5.000000e+00 	1.864566e-05 	1.598083e-07 	1.598083e-07 	
2.950000e+02 	5.000000e+00 	5.000000e+00 	1.434467e-05 	1.305891e-07 	1.305891e-07 	
3.050000e+02 	5.000000e+00 	5.000000e+00 	1.107803e-05 	1.072664e-07 	1.072664e-07 	
3.150000e+02 	5.000000e+00 	5.000000e+00 	8.792084e-06 	9.084147e-08 	9.084147e-08 	
3.250000e+02 	5.000000e+00 	5.000000e+00 	6.906942e-06 	7.433665e-08 	7.433665e-08 	
3.350000e+02 	5.000000e+00 	5.000000e+00 	5.494214e-06 	6.494689e-08 	6.494689e-08 	
3.450000e+02 	5.000000e+00 	5.000000e+00 	4.430675e-06 	5.413946e-08 	5.413946e-08 	
3.550000e+02 	5.000000e+00 	5.000000e+00 	3.465140e-06 	4.635141e-08 	4.635141e-08 	
3.650000e+02 	5.000000e+00 	5.000000e+00 	2.735001e-06 	3.851377e-08 	3.851377e-08 	
3.750000e+02 	5.000000e+00 	5.000000e+00 	2.253049e-06 	3.231253e-08 	3.231253e-08 	
3.850000e+02 	5.000000e+00 	5.000000e+00 	1.827052e-06 	2.817852e-08 	2.817852e-08 	
3.950000e+02 	5.000000e+00 	5.000000e+00 	1.495451e-06 	2.410269e-08 	2.410269e-08 	
4.050000e+02 	5.000000e+00 	5.000000e+00 	1.217696e-06 	1.977875e-08 	1.977875e-08 	
4.150000e+02 	5.000000e+00 	5.000000e+00 	9.806443e-07 	1.683814e-08 	1.683814e-08 	
4.250000e+02 	5.000000e+00 	5.000000e+00 	8.041818e-07 	1.449602e-08 	1.449602e-08 	
4.350000e+02 	5.000000e+00 	5.000000e+00 	6.828974e-07 	1.314647e-08 	1.314647e-08 	
4.450000e+02 	5.000000e+00 	5.000000e+00 	5.675364e-07 	1.065716e-08 	1.065716e-08 	
4.550000e+02 	5.000000e+00 	5.000000e+00 	4.636011e-07 	9.550841e-09 	9.550841e-09 	
4.650000e+02 	5.000000e+00 	5.000000e+00 	3.859245e-07 	7.858661e-09 	7.858661e-09 	
4.750000e+02 	5.000000e+00 	5.000000e+00 	3.169193e-07 	6.612840e-09 	6.612840e-09 	
4.850000e+02 	5.000000e+00 	5.000000e+00 	2.767872e-07 	6.310600e-09 	6.310600e-09 	
4.950000e+02 	5.000000e+00 	5.000000e+00 	2.279278e-07 	5.273095e-09 	5.273095e-09 	
5.050000e+02 	5.000000e+00 	5.000000e+00 	1.856979e-07 	4.057247e-09 	4.057247e-09 	
5.150000e+02 	5.000000e+00 	5.000000e+00 	1.573542e-07 	3.717463e-09 	3.717463e-09 	
5.250000e+02 	5.000000e+00 	5.000000e+00 	1.362175e-07 	3.159018e-09 	3.159018e-09 	
5.350000e+02 	5.000000e+00 	5.000000e+00 	1.152758e-07 	2.854983e-09 	2.854983e-09 	
5.450000e+02 	5.000000e+00 	5.000000e+00 	9.862079e-08 	2.427129e-09 	2.427129e-09 	
5.550000e+02 	5.000000e+00 	5.000000e+00 	8.440729e-08 	2.247592e-09 	2.247592e-09 	
5.650000e+02 	5.000000e+00 	5.000000e+00 	7.258512e-08 	1.834721e-09 	1.834721e-09 	
5.750000e+02 	5.000000e+00 	5.000000e+00 	6.417450e-08 	1.673992e-09 	1.673992e-09 	
5.850000e+02 	5.000000e+00 	5.000000e+00 	5.359651e-08 	1.370092e-09 	1.370092e-09 	
5.950000e+02 	5.000000e+00 	5.000000e+00 	4.404406e-08 	1.047384e-09 	1.047384e-09 	
6.050000e+02 	5.000000e+00 	5.000000e+00 	4.173804e-08 	1.108727e-09 	1.108727e-09 	
6.150000e+02 	5.000000e+00 	5.000000e+00 	3.669007e-08 	9.946825e-10 	9.946825e-10 	
6.250000e+02 	5.000000e+00 	5.000000e+00 	2.999588e-08 	8.359476e-10 	8.359476e-10 	
6.350000e+02 	5.000000e+00 	5.000000e+00 	2.559071e-08 	7.417067e-10 	7.417067e-10 	
6.450000e+02 	5.000000e+00 	5.000000e+00 	2.389713e-08 	7.395542e-10 	7.395542e-10 	
6.550000e+02 	5.000000e+00 	5.000000e+00 	2.097197e-08 	5.972411e-10 	5.972411e-10 	
6.650000e+02 	5.000000e+00 	5.000000e+00 	1.838915e-08 	5.339741e-10 	5.339741e-10 	
6.750000e+02 	5.000000e+00 	5.000000e+00 	1.610820e-08 	4.544939e-10 	4.544939e-10 	
6.850000e+02 	5.000000e+00 	5.000000e+00 	1.390506e-08 	3.943636e-10 	3.943636e-10 	
6.950000e+02 	5.000000e+00 	5.000000e+00 	1.173975e-08 	3.677245e-10 	3.677245e-10 	
7.050000e+02 	5.000000e+00 	5.000000e+00 	1.130291e-08 	3.430238e-10 	3.430238e-10 	
7.150000e+02 	5.000000e+00 	5.000000e+00 	9.771724e-09 	2.890533e-10 	2.890533e-10 	
7.250000e+02 	5.000000e+00 	5.000000e+00 	8.159438e-09 	2.534403e-10 	2.534403e-10 	
7.350000e+02 	5.000000e+00 	5.000000e+00 	7.825627e-09 	2.412535e-10 	2.412535e-10 	
7.450000e+02 	5.000000e+00 	5.000000e+00 	6.906020e-09 	2.108582e-10 	2.108582e-10 	
7.550000e+02 	5.000000e+00 	5.000000e+00 	5.896877e-09 	2.001117e-10 	2.001117e-10 	
7.650000e+02 	5.000000e+00 	5.000000e+00 	5.287929e-09 	1.643855e-10 	1.643855e-10 	
7.750000e+02 	5.000000e+00 	5.000000e+00 	4.700493e-09 	1.422828e-10 	1.422828e-10 	
7.850000e+02 	5.000000e+00 	5.000000e+00 	4.641912e-09 	1.519900e-10 	1.519900e-10 	
7.950000e+02 	5.000000e+00 	5.000000e+00 	3.660265e-09 	1.187098e-10 	1.187098e-10 	
END SCATTER2D

BEGIN SCATTER2D /COMETA_ZZ_production_analysis/mee
Path=/COMETA_ZZ_production_analysis/mee
ScaledBy=1.35378409910355859e-05
Title=~
# val1       	err1-        	err1+        	val2         	err2-        	err2+        	
8.125000e+01 	2.500000e-01 	2.500000e-01 	2.905008e-03 	3.409638e-05 	3.409638e-05 	
8.175000e+01 	2.500000e-01 	2.500000e-01 	3.267545e-03 	3.672764e-05 	3.672764e-05 	
8.225000e+01 	2.500000e-01 	2.500000e-01 	3.492395e-03 	3.761722e-05 	3.761722e-05 	
8.275000e+01 	2.500000e-01 	2.500000e-01 	4.032152e-03 	4.074099e-05 	4.074099e-05 	
8.325000e+01 	2.500000e-01 	2.500000e-01 	4.580426e-03 	4.333041e-05 	4.333041e-05 	
8.375000e+01 	2.500000e-01 	2.500000e-01 	5.184600e-03 	4.623705e-05 	4.623705e-05 	
8.425000e+01 	2.500000e-01 	2.500000e-01 	5.972321e-03 	4.994437e-05 	4.994437e-05 	
8.475000e+01 	2.500000e-01 	2.500000e-01 	6.767390e-03 	5.289409e-05 	5.289409e-05 	
8.525000e+01 	2.500000e-01 	2.500000e-01 	8.138084e-03 	5.835135e-05 	5.835135e-05 	
8.575000e+01 	2.500000e-01 	2.500000e-01 	9.611788e-03 	6.292205e-05 	6.292205e-05 	
8.625000e+01 	2.500000e-01 	2.500000e-01 	1.141721e-02 	6.816655e-05 	6.816655e-05 	
8.675000e+01 	2.500000e-01 	2.500000e-01 	1.399914e-02 	7.612618e-05 	7.612618e-05 	
8.725000e+01 	2.500000e-01 	2.500000e-01 	1.749298e-02 	8.568456e-05 	8.568456e-05 	
8.775000e+01 	2.500000e-01 	2.500000e-01 	2.244379e-02 	9.728264e-05 	9.728264e-05 	
8.825000e+01 	2.500000e-01 	2.500000e-01 	2.958721e-02 	1.115604e-04 	1.115604e-04 	
8.875000e+01 	2.500000e-01 	2.500000e-01 	3.991337e-02 	1.286778e-04 	1.286778e-04 	
8.925000e+01 	2.500000e-01 	2.500000e-01 	5.691572e-02 	1.543337e-04 	1.543337e-04 	
8.975000e+01 	2.500000e-01 	2.500000e-01 	8.350609e-02 	1.864872e-04 	1.864872e-04 	
9.025000e+01 	2.500000e-01 	2.500000e-01 	1.229059e-01 	2.269078e-04 	2.269078e-04 	
9.075000e+01 	2.500000e-01 	2.500000e-01 	1.685126e-01 	2.655003e-04 	2.655003e-04 	
9.125000e+01 	2.500000e-01 	2.500000e-01 	1.849671e-01 	2.783568e-04 	2.783568e-04 	
9.175000e+01 	2.500000e-01 	2.500000e-01 	1.532158e-01 	2.530255e-04 	2.530255e-04 	
9.225000e+01 	2.500000e-01 	2.500000e-01 	1.072358e-01 	2.122817e-04 	2.122817e-04 	
9.275000e+01 	2.500000e-01 	2.500000e-01 	7.173929e-02 	1.732358e-04 	1.732358e-04 	
9.325000e+01 	2.500000e-01 	2.500000e-01 	4.960231e-02 	1.446335e-04 	1.446335e-04 	
9.375000e+01 	2.500000e-01 	2.500000e-01 	3.523240e-02 	1.210400e-04 	1.210400e-04 	
9.425000e+01 	2.500000e-01 	2.500000e-01 	2.626726e-02 	1.050853e-04 	1.050853e-04 	
9.475000e+01 	2.500000e-01 	2.500000e-01 	2.007523e-02 	9.151073e-05 	9.151073e-05 	
9.525000e+01 	2.500000e-01 	2.500000e-01 	1.564378e-02 	8.102845e-05 	8.102845e-05 	
9.575000e+01 	2.500000e-01 	2.500000e-01 	1.260693e-02 	7.212013e-05 	7.212013e-05 	
9.625000e+01 	2.500000e-01 	2.500000e-01 	1.030327e-02 	6.553936e-05 	6.553936e-05 	
9.675000e+01 	2.500000e-01 	2.500000e-01 	8.689482e-03 	6.015821e-05 	6.015821e-05 	
9.725000e+01 	2.500000e-01 	2.500000e-01 	7.329936e-03 	5.495689e-05 	5.495689e-05 	
9.775000e+01 	2.500000e-01 	2.500000e-01 	6.202084e-03 	5.048039e-05 	5.048039e-05 	
9.825000e+01 	2.500000e-01 	2.500000e-01 	5.483440e-03 	4.810221e-05 	4.810221e-05 	
9.875000e+01 	2.500000e-01 	2.500000e-01 	4.625747e-03 	4.320414e-05 	4.320414e-05 	
9.925000e+01 	2.500000e-01 	2.500000e-01 	4.121747e-03 	4.125653e-05 	4.125653e-05 	
9.975000e+01 	2.500000e-01 	2.500000e-01 	3.535890e-03 	3.760554e-05 	3.760554e-05 	
1.002500e+02 	2.500000e-01 	2.500000e-01 	3.115906e-03 	3.536438e-05 	3.536438e-05 	
1.007500e+02 	2.500000e-01 	2.500000e-01 	2.775437e-03 	3.275498e-05 	3.275498e-05 	
END SCATTER2D

BEGIN SCATTER2D /COMETA_ZZ_production_analysis/pt4l
Path=/COMETA_ZZ_production_analysis/pt4l
ScaledBy=1.35378409910355859e-05
Title=~
# val1       	err1-        	err1+        	val2         	err2-        	err2+        	
2.500000e+00 	2.500000e+00 	2.500000e+00 	1.353415e-01 	7.520097e-05 	7.520097e-05 	
7.500000e+00 	2.500000e+00 	2.500000e+00 	0.000000e+00 	0.000000e+00 	0.000000e+00 	
1.250000e+01 	2.500000e+00 	2.500000e+00 	0.000000e+00 	0.000000e+00 	0.000000e+00 	
1.750000e+01 	2.500000e+00 	2.500000e+00 	0.000000e+00 	0.000000e+00 	0.000000e+00 	
2.250000e+01 	2.500000e+00 	2.500000e+00 	0.000000e+00 	0.000000e+00 	0.000000e+00 	
2.750000e+01 	2.500000e+00 	2.500000e+00 	0.000000e+00 	0.000000e+00 	0.000000e+00 	
3.250000e+01 	2.500000e+00 	2.500000e+00 	0.000000e+00 	0.000000e+00 	0.000000e+00 	
3.750000e+01 	2.500000e+00 	2.500000e+00 	0.000000e+00 	0.000000e+00 	0.000000e+00 	
4.250000e+01 	2.500000e+00 	2.500000e+00 	0.000000e+00 	0.000000e+00 	0.000000e+00 	
4.750000e+01 	2.500000e+00 	2.500000e+00 	0.000000e+00 	0.000000e+00 	0.000000e+00 	
5.250000e+01 	2.500000e+00 	2.500000e+00 	0.000000e+00 	0.000000e+00 	0.000000e+00 	
5.750000e+01 	2.500000e+00 	2.500000e+00 	0.000000e+00 	0.000000e+00 	0.000000e+00 	
6.250000e+01 	2.500000e+00 	2.500000e+00 	0.000000e+00 	0.000000e+00 	0.000000e+00 	
6.750000e+01 	2.500000e+00 	2.500000e+00 	0.000000e+00 	0.000000e+00 	0.000000e+00 	
7.250000e+01 	2.500000e+00 	2.500000e+00 	0.000000e+00 	0.000000e+00 	0.000000e+00 	
7.750000e+01 	2.500000e+00 	2.500000e+00 	0.000000e+00 	0.000000e+00 	0.000000e+00 	
8.250000e+01 	2.500000e+00 	2.500000e+00 	0.000000e+00 	0.000000e+00 	0.000000e+00 	
8.750000e+01 	2.500000e+00 	2.500000e+00 	0.000000e+00 	0.000000e+00 	0.000000e+00 	
9.250000e+01 	2.500000e+00 	2.500000e+00 	0.000000e+00 	0.000000e+00 	0.000000e+00 	
9.750000e+01 	2.500000e+00 	2.500000e+00 	0.000000e+00 	0.000000e+00 	0.000000e+00 	
1.025000e+02 	2.500000e+00 	2.500000e+00 	0.000000e+00 	0.000000e+00 	0.000000e+00 	
1.075000e+02 	2.500000e+00 	2.500000e+00 	0.000000e+00 	0.000000e+00 	0.000000e+00 	
1.125000e+02 	2.500000e+00 	2.500000e+00 	0.000000e+00 	0.000000e+00 	0.000000e+00 	
1.175000e+02 	2.500000e+00 	2.500000e+00 	0.000000e+00 	0.000000e+00 	0.000000e+00 	
1.225000e+02 	2.500000e+00 	2.500000e+00 	0.000000e+00 	0.000000e+00 	0.000000e+00 	
1.275000e+02 	2.500000e+00 	2.500000e+00 	0.000000e+00 	0.000000e+00 	0.000000e+00 	
1.325000e+02 	2.500000e+00 	2.500000e+00 	0.000000e+00 	0.000000e+00 	0.000000e+00 	
1.375000e+02 	2.500000e+00 	2.500000e+00 	0.000000e+00 	0.000000e+00 	0.000000e+00 	
1.425000e+02 	2.500000e+00 	2.500000e+00 	0.000000e+00 	0.000000e+00 	0.000000e+00 	
1.475000e+02 	2.500000e+00 	2.500000e+00 	0.000000e+00 	0.000000e+00 	0.000000e+00 	
1.525000e+02 	2.500000e+00 	2.500000e+00 	0.000000e+00 	0.000000e+00 	0.000000e+00 	
1.575000e+02 	2.500000e+00 	2.500000e+00 	0.000000e+00 	0.000000e+00 	0.000000e+00 	
1.625000e+02 	2.500000e+00 	2.500000e+00 	0.000000e+00 	0.000000e+00 	0.000000e+00 	
1.675000e+02 	2.500000e+00 	2.500000e+00 	0.000000e+00 	0.000000e+00 	0.000000e+00 	
1.725000e+02 	2.500000e+00 	2.500000e+00 	0.000000e+00 	0.000000e+00 	0.000000e+00 	
1.775000e+02 	2.500000e+00 	2.500000e+00 	0.000000e+00 	0.000000e+00 	0.000000e+00 	
1.825000e+02 	2.500000e+00 	2.500000e+00 	0.000000e+00 	0.000000e+00 	0.000000e+00 	
1.875000e+02 	2.500000e+00 	2.500000e+00 	0.000000e+00 	0.000000e+00 	0.000000e+00 	
1.925000e+02 	2.500000e+00 	2.500000e+00 	0.000000e+00 	0.000000e+00 	0.000000e+00 	
1.975000e+02 	2.500000e+00 	2.500000e+00 	0.000000e+00 	0.000000e+00 	0.000000e+00 	
2.025000e+02 	2.500000e+00 	2.500000e+00 	0.000000e+00 	0.000000e+00 	0.000000e+00 	
2.075000e+02 	2.500000e+00 	2.500000e+00 	0.000000e+00 	0.000000e+00 	0.000000e+00 	
2.125000e+02 	2.500000e+00 	2.500000e+00 	0.000000e+00 	0.000000e+00 	0.000000e+00 	
2.175000e+02 	2.500000e+00 	2.500000e+00 	0.000000e+00 	0.000000e+00 	0.000000e+00 	
2.225000e+02 	2.500000e+00 	2.500000e+00 	0.000000e+00 	0.000000e+00 	0.000000e+00 	
2.275000e+02 	2.500000e+00 	2.500000e+00 	0.000000e+00 	0.000000e+00 	0.000000e+00 	
2.325000e+02 	2.500000e+00 	2.500000e+00 	0.000000e+00 	0.000000e+00 	0.000000e+00 	
2.375000e+02 	2.500000e+00 	2.500000e+00 	0.000000e+00 	0.000000e+00 	0.000000e+00 	
2.425000e+02 	2.500000e+00 	2.500000e+00 	0.000000e+00 	0.000000e+00 	0.000000e+00 	
2.475000e+02 	2.500000e+00 	2.500000e+00 	0.000000e+00 	0.000000e+00 	0.000000e+00 	
2.525000e+02 	2.500000e+00 	2.500000e+00 	0.000000e+00 	0.000000e+00 	0.000000e+00 	
2.575000e+02 	2.500000e+00 	2.500000e+00 	0.000000e+00 	0.000000e+00 	0.000000e+00 	
2.625000e+02 	2.500000e+00 	2.500000e+00 	0.000000e+00 	0.000000e+00 	0.000000e+00 	
2.675000e+02 	2.500000e+00 	2.500000e+00 	0.000000e+00 	0.000000e+00 	0.000000e+00 	
2.725000e+02 	2.500000e+00 	2.500000e+00 	0.000000e+00 	0.000000e+00 	0.000000e+00 	
2.775000e+02 	2.500000e+00 	2.500000e+00 	0.000000e+00 	0.000000e+00 	0.000000e+00 	
2.825000e+02 	2.500000e+00 	2.500000e+00 	0.000000e+00 	0.000000e+00 	0.000000e+00 	
2.875000e+02 	2.500000e+00 	2.500000e+00 	0.000000e+00 	0.000000e+00 	0.000000e+00 	
2.925000e+02 	2.500000e+00 	2.500000e+00 	0.000000e+00 	0.000000e+00 	0.000000e+00 	
2.975000e+02 	2.500000e+00 	2.500000e+00 	0.000000e+00 	0.000000e+00 	0.000000e+00 	
END SCATTER2D

BEGIN SCATTER2D /COMETA_ZZ_production_analysis/ptpp
Path=/COMETA_ZZ_production_analysis/ptpp
ScaledBy=1.35378409910355859e-05
Title=~
# val1       	err1-        	err1+        	val2         	err2-        	err2+        	
7.500000e+00 	7.500000e+00 	7.500000e+00 	3.920122e-03 	7.828455e-06 	7.828455e-06 	
2.250000e+01 	7.500000e+00 	7.500000e+00 	6.531460e-03 	9.863309e-06 	9.863309e-06 	
3.750000e+01 	7.500000e+00 	7.500000e+00 	7.191084e-03 	1.012853e-05 	1.012853e-05 	
5.250000e+01 	7.500000e+00 	7.500000e+00 	8.083324e-03 	1.050962e-05 	1.050962e-05 	
6.750000e+01 	7.500000e+00 	7.500000e+00 	9.323670e-03 	1.119828e-05 	1.119828e-05 	
8.250000e+01 	7.500000e+00 	7.500000e+00 	8.736233e-03 	1.091795e-05 	1.091795e-05 	
9.750000e+01 	7.500000e+00 	7.500000e+00 	1.266411e-03 	3.477511e-06 	3.477511e-06 	
1.125000e+02 	7.500000e+00 	7.500000e+00 	5.010478e-05 	2.173197e-07 	2.173197e-07 	
1.275000e+02 	7.500000e+00 	7.500000e+00 	8.055561e-06 	4.094126e-08 	4.094126e-08 	
1.425000e+02 	7.500000e+00 	7.500000e+00 	2.096327e-06 	1.198993e-08 	1.198993e-08 	
1.575000e+02 	7.500000e+00 	7.500000e+00 	7.150857e-07 	4.671698e-09 	4.671698e-09 	
1.725000e+02 	7.500000e+00 	7.500000e+00 	2.856863e-07 	2.062647e-09 	2.062647e-09 	
1.875000e+02 	7.500000e+00 	7.500000e+00 	1.256038e-07 	1.004524e-09 	1.004524e-09 	
2.025000e+02 	7.500000e+00 	7.500000e+00 	6.039980e-08 	5.265759e-10 	5.265759e-10 	
2.175000e+02 	7.500000e+00 	7.500000e+00 	3.141499e-08 	3.010979e-10 	3.010979e-10 	
2.325000e+02 	7.500000e+00 	7.500000e+00 	1.705540e-08 	1.790473e-10 	1.790473e-10 	
2.475000e+02 	7.500000e+00 	7.500000e+00 	9.453950e-09 	1.064258e-10 	1.064258e-10 	
2.625000e+02 	7.500000e+00 	7.500000e+00 	5.546096e-09 	6.674790e-11 	6.674790e-11 	
2.775000e+02 	7.500000e+00 	7.500000e+00 	3.293183e-09 	4.143448e-11 	4.143448e-11 	
2.925000e+02 	7.500000e+00 	7.500000e+00 	2.064765e-09 	2.759138e-11 	2.759138e-11 	
3.075000e+02 	7.500000e+00 	7.500000e+00 	1.281351e-09 	1.825055e-11 	1.825055e-11 	
3.225000e+02 	7.500000e+00 	7.500000e+00 	8.196756e-10 	1.226791e-11 	1.226791e-11 	
3.375000e+02 	7.500000e+00 	7.500000e+00 	5.379653e-10 	8.580103e-12 	8.580103e-12 	
3.525000e+02 	7.500000e+00 	7.500000e+00 	3.709007e-10 	6.095140e-12 	6.095140e-12 	
3.675000e+02 	7.500000e+00 	7.500000e+00 	2.467316e-10 	4.227163e-12 	4.227163e-12 	
3.825000e+02 	7.500000e+00 	7.500000e+00 	1.716295e-10 	3.029241e-12 	3.029241e-12 	
3.975000e+02 	7.500000e+00 	7.500000e+00 	1.182909e-10 	2.205635e-12 	2.205635e-12 	
4.125000e+02 	7.500000e+00 	7.500000e+00 	8.485764e-11 	1.617997e-12 	1.617997e-12 	
4.275000e+02 	7.500000e+00 	7.500000e+00 	5.964157e-11 	1.195930e-12 	1.195930e-12 	
4.425000e+02 	7.500000e+00 	7.500000e+00 	4.360086e-11 	8.940447e-13 	8.940447e-13 	
4.575000e+02 	7.500000e+00 	7.500000e+00 	3.068624e-11 	6.620765e-13 	6.620765e-13 	
4.725000e+02 	7.500000e+00 	7.500000e+00 	2.307618e-11 	5.142519e-13 	5.142519e-13 	
4.875000e+02 	7.500000e+00 	7.500000e+00 	1.682875e-11 	3.810958e-13 	3.810958e-13 	
5.025000e+02 	7.500000e+00 	7.500000e+00 	1.271198e-11 	2.991892e-13 	2.991892e-13 	
5.175000e+02 	7.500000e+00 	7.500000e+00 	9.473388e-12 	2.260767e-13 	2.260767e-13 	
5.325000e+02 	7.500000e+00 	7.500000e+00 	6.995355e-12 	1.762308e-13 	1.762308e-13 	
5.475000e+02 	7.500000e+00 	7.500000e+00 	5.274934e-12 	1.363225e-13 	1.363225e-13 	
5.625000e+02 	7.500000e+00 	7.500000e+00 	3.981482e-12 	1.046947e-13 	1.046947e-13 	
5.775000e+02 	7.500000e+00 	7.500000e+00 	3.086200e-12 	8.585704e-14 	8.585704e-14 	
5.925000e+02 	7.500000e+00 	7.500000e+00 	2.426480e-12 	7.033275e-14 	7.033275e-14 	
END SCATTER2D

BEGIN SCATTER2D /COMETA_ZZ_production_analysis/ptee
Path=/COMETA_ZZ_production_analysis/ptee
ScaledBy=1.35378409910355859e-05
Title=~
# val1       	err1-        	err1+        	val2         	err2-        	err2+        	
7.500000e+00 	7.500000e+00 	7.500000e+00 	5.492969e-03 	8.867934e-06 	8.867934e-06 	
2.250000e+01 	7.500000e+00 	7.500000e+00 	1.566250e-02 	1.659022e-05 	1.659022e-05 	
3.750000e+01 	7.500000e+00 	7.500000e+00 	1.274636e-02 	1.376722e-05 	1.376722e-05 	
5.250000e+01 	7.500000e+00 	7.500000e+00 	6.398023e-03 	7.965953e-06 	7.965953e-06 	
6.750000e+01 	7.500000e+00 	7.500000e+00 	2.740606e-03 	4.018839e-06 	4.018839e-06 	
8.250000e+01 	7.500000e+00 	7.500000e+00 	1.147080e-03 	1.986981e-06 	1.986981e-06 	
9.750000e+01 	7.500000e+00 	7.500000e+00 	4.909210e-04 	9.969309e-07 	9.969309e-07 	
1.125000e+02 	7.500000e+00 	7.500000e+00 	2.200123e-04 	5.227712e-07 	5.227712e-07 	
1.275000e+02 	7.500000e+00 	7.500000e+00 	1.039659e-04 	2.838597e-07 	2.838597e-07 	
1.425000e+02 	7.500000e+00 	7.500000e+00 	5.103851e-05 	1.581626e-07 	1.581626e-07 	
1.575000e+02 	7.500000e+00 	7.500000e+00 	2.641330e-05 	9.270509e-08 	9.270509e-08 	
1.725000e+02 	7.500000e+00 	7.500000e+00 	1.417350e-05 	5.538858e-08 	5.538858e-08 	
1.875000e+02 	7.500000e+00 	7.500000e+00 	7.870872e-06 	3.391553e-08 	3.391553e-08 	
2.025000e+02 	7.500000e+00 	7.500000e+00 	4.572633e-06 	2.169737e-08 	2.169737e-08 	
2.175000e+02 	7.500000e+00 	7.500000e+00 	2.690337e-06 	1.399251e-08 	1.399251e-08 	
2.325000e+02 	7.500000e+00 	7.500000e+00 	1.637123e-06 	9.164080e-09 	9.164080e-09 	
2.475000e+02 	7.500000e+00 	7.500000e+00 	1.021030e-06 	6.087710e-09 	6.087710e-09 	
2.625000e+02 	7.500000e+00 	7.500000e+00 	6.495272e-07 	4.191655e-09 	4.191655e-09 	
2.775000e+02 	7.500000e+00 	7.500000e+00 	4.202261e-07 	2.853797e-09 	2.853797e-09 	
2.925000e+02 	7.500000e+00 	7.500000e+00 	2.762104e-07 	2.016285e-09 	2.016285e-09 	
3.075000e+02 	7.500000e+00 	7.500000e+00 	1.849578e-07 	1.442960e-09 	1.442960e-09 	
3.225000e+02 	7.500000e+00 	7.500000e+00 	1.272992e-07 	1.046586e-09 	1.046586e-09 	
3.375000e+02 	7.500000e+00 	7.500000e+00 	8.556359e-08 	7.345756e-10 	7.345756e-10 	
3.525000e+02 	7.500000e+00 	7.500000e+00 	6.073385e-08 	5.536882e-10 	5.536882e-10 	
3.675000e+02 	7.500000e+00 	7.500000e+00 	4.339868e-08 	4.155931e-10 	4.155931e-10 	
3.825000e+02 	7.500000e+00 	7.500000e+00 	3.029824e-08 	3.053941e-10 	3.053941e-10 	
3.975000e+02 	7.500000e+00 	7.500000e+00 	2.254474e-08 	2.357829e-10 	2.357829e-10 	
4.125000e+02 	7.500000e+00 	7.500000e+00 	1.644003e-08 	1.769287e-10 	1.769287e-10 	
4.275000e+02 	7.500000e+00 	7.500000e+00 	1.187634e-08 	1.348253e-10 	1.348253e-10 	
4.425000e+02 	7.500000e+00 	7.500000e+00 	8.957235e-09 	1.051780e-10 	1.051780e-10 	
4.575000e+02 	7.500000e+00 	7.500000e+00 	6.553076e-09 	7.848192e-11 	7.848192e-11 	
4.725000e+02 	7.500000e+00 	7.500000e+00 	5.154793e-09 	6.422523e-11 	6.422523e-11 	
4.875000e+02 	7.500000e+00 	7.500000e+00 	3.862395e-09 	4.962119e-11 	4.962119e-11 	
5.025000e+02 	7.500000e+00 	7.500000e+00 	2.920329e-09 	3.798315e-11 	3.798315e-11 	
5.175000e+02 	7.500000e+00 	7.500000e+00 	2.293620e-09 	3.128977e-11 	3.128977e-11 	
5.325000e+02 	7.500000e+00 	7.500000e+00 	1.739392e-09 	2.412150e-11 	2.412150e-11 	
5.475000e+02 	7.500000e+00 	7.500000e+00 	1.327359e-09 	1.904927e-11 	1.904927e-11 	
5.625000e+02 	7.500000e+00 	7.500000e+00 	1.058627e-09 	1.569314e-11 	1.569314e-11 	
5.775000e+02 	7.500000e+00 	7.500000e+00 	8.484855e-10 	1.291399e-11 	1.291399e-11 	
5.925000e+02 	7.500000e+00 	7.500000e+00 	6.455570e-10 	1.003040e-11 	1.003040e-11 	
END SCATTER2D

BEGIN SCATTER2D /COMETA_ZZ_production_analysis/ptep
Path=/COMETA_ZZ_production_analysis/ptep
ScaledBy=1.35378409910355859e-05
Title=~
# val1       	err1-        	err1+        	val2         	err2-        	err2+        	
5.000000e+00 	5.000000e+00 	5.000000e+00 	2.705667e-04 	2.493879e-06 	2.493879e-06 	
1.500000e+01 	5.000000e+00 	5.000000e+00 	2.668265e-03 	7.649472e-06 	7.649472e-06 	
2.500000e+01 	5.000000e+00 	5.000000e+00 	8.087828e-03 	1.293510e-05 	1.293510e-05 	
3.500000e+01 	5.000000e+00 	5.000000e+00 	1.740269e-02 	1.928479e-05 	1.928479e-05 	
4.500000e+01 	5.000000e+00 	5.000000e+00 	1.959779e-02 	2.167812e-05 	2.167812e-05 	
5.500000e+01 	5.000000e+00 	5.000000e+00 	1.209711e-02 	1.591951e-05 	1.591951e-05 	
6.500000e+01 	5.000000e+00 	5.000000e+00 	4.794967e-03 	8.299075e-06 	8.299075e-06 	
7.500000e+01 	5.000000e+00 	5.000000e+00 	1.688036e-03 	3.749263e-06 	3.749263e-06 	
8.500000e+01 	5.000000e+00 	5.000000e+00 	6.113564e-04 	1.650894e-06 	1.650894e-06 	
9.500000e+01 	5.000000e+00 	5.000000e+00 	2.421116e-04 	7.756079e-07 	7.756079e-07 	
1.050000e+02 	5.000000e+00 	5.000000e+00 	1.052335e-04 	3.870064e-07 	3.870064e-07 	
1.150000e+02 	5.000000e+00 	5.000000e+00 	4.925405e-05 	2.055559e-07 	2.055559e-07 	
1.250000e+02 	5.000000e+00 	5.000000e+00 	2.455980e-05 	1.141538e-07 	1.141538e-07 	
1.350000e+02 	5.000000e+00 	5.000000e+00 	1.284184e-05 	6.656238e-08 	6.656238e-08 	
1.450000e+02 	5.000000e+00 	5.000000e+00 	7.106204e-06 	4.061411e-08 	4.061411e-08 	
1.550000e+02 	5.000000e+00 	5.000000e+00 	4.080432e-06 	2.538433e-08 	2.538433e-08 	
1.650000e+02 	5.000000e+00 	5.000000e+00 	2.478521e-06 	1.667915e-08 	1.667915e-08 	
1.750000e+02 	5.000000e+00 	5.000000e+00 	1.535587e-06 	1.108121e-08 	1.108121e-08 	
1.850000e+02 	5.000000e+00 	5.000000e+00 	9.589468e-07 	7.501336e-09 	7.501336e-09 	
1.950000e+02 	5.000000e+00 	5.000000e+00 	6.141474e-07 	5.101155e-09 	5.101155e-09 	
2.050000e+02 	5.000000e+00 	5.000000e+00 	4.092175e-07 	3.622397e-09 	3.622397e-09 	
2.150000e+02 	5.000000e+00 	5.000000e+00 	2.751716e-07 	2.599574e-09 	2.599574e-09 	
2.250000e+02 	5.000000e+00 	5.000000e+00 	1.892019e-07 	1.871969e-09 	1.871969e-09 	
2.350000e+02 	5.000000e+00 	5.000000e+00 	1.278213e-07 	1.349506e-09 	1.349506e-09 	
2.450000e+02 	5.000000e+00 	5.000000e+00 	9.155049e-08 	1.009155e-09 	1.009155e-09 	
2.550000e+02 	5.000000e+00 	5.000000e+00 	6.525289e-08 	7.578182e-10 	7.578182e-10 	
2.650000e+02 	5.000000e+00 	5.000000e+00 	4.809480e-08 	5.806751e-10 	5.806751e-10 	
2.750000e+02 	5.000000e+00 	5.000000e+00 	3.459469e-08 	4.354764e-10 	4.354764e-10 	
2.850000e+02 	5.000000e+00 	5.000000e+00 	2.537316e-08 	3.311300e-10 	3.311300e-10 	
2.950000e+02 	5.000000e+00 	5.000000e+00 	1.914001e-08 	2.636504e-10 	2.636504e-10 	
3.050000e+02 	5.000000e+00 	5.000000e+00 	1.438506e-08 	2.051413e-10 	2.051413e-10 	
3.150000e+02 	5.000000e+00 	5.000000e+00 	1.059539e-08 	1.576189e-10 	1.576189e-10 	
3.250000e+02 	5.000000e+00 	5.000000e+00 	8.256901e-09 	1.280898e-10 	1.280898e-10 	
3.350000e+02 	5.000000e+00 	5.000000e+00 	6.287731e-09 	1.007277e-10 	1.007277e-10 	
3.450000e+02 	5.000000e+00 	5.000000e+00 	4.807881e-09 	7.900902e-11 	7.900902e-11 	
3.550000e+02 	5.000000e+00 	5.000000e+00 	3.779668e-09 	6.369755e-11 	6.369755e-11 	
3.650000e+02 	5.000000e+00 	5.000000e+00 	2.958919e-09 	5.197328e-11 	5.197328e-11 	
3.750000e+02 	5.000000e+00 	5.000000e+00 	2.303137e-09 	4.113758e-11 	4.113758e-11 	
3.850000e+02 	5.000000e+00 	5.000000e+00 	1.855659e-09 	3.351242e-11 	3.351242e-11 	
3.950000e+02 	5.000000e+00 	5.000000e+00 	1.481244e-09 	2.781447e-11 	2.781447e-11 	
END SCATTER2D

BEGIN SCATTER2D /COMETA_ZZ_production_analysis/ptmm
Path=/COMETA_ZZ_production_analysis/ptmm
ScaledBy=1.35378409910355859e-05
Title=~
# val1       	err1-        	err1+        	val2         	err2-        	err2+        	
5.000000e+00 	5.000000e+00 	5.000000e+00 	4.153563e-04 	3.120374e-06 	3.120374e-06 	
1.500000e+01 	5.000000e+00 	5.000000e+00 	2.910906e-03 	8.148128e-06 	8.148128e-06 	
2.500000e+01 	5.000000e+00 	5.000000e+00 	8.382427e-03 	1.325297e-05 	1.325297e-05 	
3.500000e+01 	5.000000e+00 	5.000000e+00 	1.737731e-02 	1.926051e-05 	1.926051e-05 	
4.500000e+01 	5.000000e+00 	5.000000e+00 	1.931820e-02 	2.146490e-05 	2.146490e-05 	
5.500000e+01 	5.000000e+00 	5.000000e+00 	1.183971e-02 	1.567508e-05 	1.567508e-05 	
6.500000e+01 	5.000000e+00 	5.000000e+00 	4.717859e-03 	8.218048e-06 	8.218048e-06 	
7.500000e+01 	5.000000e+00 	5.000000e+00 	1.652382e-03 	3.687266e-06 	3.687266e-06 	
8.500000e+01 	5.000000e+00 	5.000000e+00 	6.056549e-04 	1.637372e-06 	1.637372e-06 	
9.500000e+01 	5.000000e+00 	5.000000e+00 	2.409248e-04 	7.648087e-07 	7.648087e-07 	
1.050000e+02 	5.000000e+00 	5.000000e+00 	1.052894e-04 	3.859358e-07 	3.859358e-07 	
1.150000e+02 	5.000000e+00 	5.000000e+00 	4.884685e-05 	2.034555e-07 	2.034555e-07 	
1.250000e+02 	5.000000e+00 	5.000000e+00 	2.451801e-05 	1.146513e-07 	1.146513e-07 	
1.350000e+02 	5.000000e+00 	5.000000e+00 	1.297944e-05 	6.716822e-08 	6.716822e-08 	
1.450000e+02 	5.000000e+00 	5.000000e+00 	7.260900e-06 	4.108385e-08 	4.108385e-08 	
1.550000e+02 	5.000000e+00 	5.000000e+00 	4.134479e-06 	2.571405e-08 	2.571405e-08 	
1.650000e+02 	5.000000e+00 	5.000000e+00 	2.485706e-06 	1.667661e-08 	1.667661e-08 	
1.750000e+02 	5.000000e+00 	5.000000e+00 	1.528214e-06 	1.113217e-08 	1.113217e-08 	
1.850000e+02 	5.000000e+00 	5.000000e+00 	9.712798e-07 	7.575108e-09 	7.575108e-09 	
1.950000e+02 	5.000000e+00 	5.000000e+00 	6.299980e-07 	5.247842e-09 	5.247842e-09 	
2.050000e+02 	5.000000e+00 	5.000000e+00 	4.053111e-07 	3.612006e-09 	3.612006e-09 	
2.150000e+02 	5.000000e+00 	5.000000e+00 	2.767001e-07 	2.587853e-09 	2.587853e-09 	
2.250000e+02 	5.000000e+00 	5.000000e+00 	1.906692e-07 	1.901089e-09 	1.901089e-09 	
2.350000e+02 	5.000000e+00 	5.000000e+00 	1.319311e-07 	1.368830e-09 	1.368830e-09 	
2.450000e+02 	5.000000e+00 	5.000000e+00 	9.318818e-08 	1.030116e-09 	1.030116e-09 	
2.550000e+02 	5.000000e+00 	5.000000e+00 	6.505961e-08 	7.538776e-10 	7.538776e-10 	
2.650000e+02 	5.000000e+00 	5.000000e+00 	4.798099e-08 	5.848472e-10 	5.848472e-10 	
2.750000e+02 	5.000000e+00 	5.000000e+00 	3.504140e-08 	4.399408e-10 	4.399408e-10 	
2.850000e+02 	5.000000e+00 	5.000000e+00 	2.610639e-08 	3.421558e-10 	3.421558e-10 	
2.950000e+02 	5.000000e+00 	5.000000e+00 	1.946284e-08 	2.648993e-10 	2.648993e-10 	
3.050000e+02 	5.000000e+00 	5.000000e+00 	1.448467e-08 	2.045252e-10 	2.045252e-10 	
3.150000e+02 	5.000000e+00 	5.000000e+00 	1.112069e-08 	1.640287e-10 	1.640287e-10 	
3.250000e+02 	5.000000e+00 	5.000000e+00 	8.255349e-09 	1.238510e-10 	1.238510e-10 	
3.350000e+02 	5.000000e+00 	5.000000e+00 	6.452214e-09 	1.009482e-10 	1.009482e-10 	
3.450000e+02 	5.000000e+00 	5.000000e+00 	4.849769e-09 	7.987752e-11 	7.987752e-11 	
3.550000e+02 	5.000000e+00 	5.000000e+00 	3.901165e-09 	6.575821e-11 	6.575821e-11 	
3.650000e+02 	5.000000e+00 	5.000000e+00 	3.044138e-09 	5.257885e-11 	5.257885e-11 	
3.750000e+02 	5.000000e+00 	5.000000e+00 	2.322643e-09 	4.213111e-11 	4.213111e-11 	
3.850000e+02 	5.000000e+00 	5.000000e+00 	1.909397e-09 	3.494963e-11 	3.494963e-11 	
3.950000e+02 	5.000000e+00 	5.000000e+00 	1.508869e-09 	2.839636e-11 	2.839636e-11 	
END SCATTER2D

BEGIN SCATTER2D /COMETA_ZZ_production_analysis/yep
Path=/COMETA_ZZ_production_analysis/yep
ScaledBy=1.35378409910355859e-05
Title=~
# val1       	err1-        	err1+        	val2         	err2-        	err2+        	
-2.375000e+00	1.250000e-01 	1.250000e-01 	5.737501e-02 	2.435783e-04 	2.435783e-04 	
-2.125000e+00	1.250000e-01 	1.250000e-01 	8.018199e-02 	2.821055e-04 	2.821055e-04 	
-1.875000e+00	1.250000e-01 	1.250000e-01 	9.789139e-02 	3.051262e-04 	3.051262e-04 	
-1.625000e+00	1.250000e-01 	1.250000e-01 	1.158232e-01 	3.258555e-04 	3.258555e-04 	
-1.375000e+00	1.250000e-01 	1.250000e-01 	1.337788e-01 	3.427662e-04 	3.427662e-04 	
-1.125000e+00	1.250000e-01 	1.250000e-01 	1.507351e-01 	3.550821e-04 	3.550821e-04 	
-8.750000e-01	1.250000e-01 	1.250000e-01 	1.656200e-01 	3.647462e-04 	3.647462e-04 	
-6.250000e-01	1.250000e-01 	1.250000e-01 	1.774519e-01 	3.687948e-04 	3.687948e-04 	
-3.750000e-01	1.250000e-01 	1.250000e-01 	1.855682e-01 	3.719766e-04 	3.719766e-04 	
-1.250000e-01	1.250000e-01 	1.250000e-01 	1.894051e-01 	3.717959e-04 	3.717959e-04 	
1.250000e-01 	1.250000e-01 	1.250000e-01 	1.890010e-01 	3.719258e-04 	3.719258e-04 	
3.750000e-01 	1.250000e-01 	1.250000e-01 	1.853828e-01 	3.706498e-04 	3.706498e-04 	
6.250000e-01 	1.250000e-01 	1.250000e-01 	1.776667e-01 	3.693830e-04 	3.693830e-04 	
8.750000e-01 	1.250000e-01 	1.250000e-01 	1.647439e-01 	3.609146e-04 	3.609146e-04 	
1.125000e+00 	1.250000e-01 	1.250000e-01 	1.510225e-01 	3.558136e-04 	3.558136e-04 	
1.375000e+00 	1.250000e-01 	1.250000e-01 	1.338390e-01 	3.420902e-04 	3.420902e-04 	
1.625000e+00 	1.250000e-01 	1.250000e-01 	1.159715e-01 	3.265894e-04 	3.265894e-04 	
1.875000e+00 	1.250000e-01 	1.250000e-01 	9.788062e-02 	3.107487e-04 	3.107487e-04 	
2.125000e+00 	1.250000e-01 	1.250000e-01 	8.003199e-02 	2.872780e-04 	2.872780e-04 	
2.375000e+00 	1.250000e-01 	1.250000e-01 	5.745840e-02 	2.507199e-04 	2.507199e-04 	
END SCATTER2D

BEGIN SCATTER2D /COMETA_ZZ_production_analysis/ymm
Path=/COMETA_ZZ_production_analysis/ymm
ScaledBy=1.35378409910355859e-05
Title=~
# val1       	err1-        	err1+        	val2         	err2-        	err2+        	
-2.375000e+00	1.250000e-01 	1.250000e-01 	6.359863e-02 	2.458272e-04 	2.458272e-04 	
-2.125000e+00	1.250000e-01 	1.250000e-01 	7.858497e-02 	2.705184e-04 	2.705184e-04 	
-1.875000e+00	1.250000e-01 	1.250000e-01 	9.430711e-02 	2.929460e-04 	2.929460e-04 	
-1.625000e+00	1.250000e-01 	1.250000e-01 	1.112906e-01 	3.146239e-04 	3.146239e-04 	
-1.375000e+00	1.250000e-01 	1.250000e-01 	1.282193e-01 	3.324673e-04 	3.324673e-04 	
-1.125000e+00	1.250000e-01 	1.250000e-01 	1.446865e-01 	3.490934e-04 	3.490934e-04 	
-8.750000e-01	1.250000e-01 	1.250000e-01 	1.585922e-01 	3.582252e-04 	3.582252e-04 	
-6.250000e-01	1.250000e-01 	1.250000e-01 	1.709101e-01 	3.663272e-04 	3.663272e-04 	
-3.750000e-01	1.250000e-01 	1.250000e-01 	1.784726e-01 	3.681467e-04 	3.681467e-04 	
-1.250000e-01	1.250000e-01 	1.250000e-01 	1.830736e-01 	3.715095e-04 	3.715095e-04 	
1.250000e-01 	1.250000e-01 	1.250000e-01 	1.837280e-01 	3.718718e-04 	3.718718e-04 	
3.750000e-01 	1.250000e-01 	1.250000e-01 	1.790015e-01 	3.697619e-04 	3.697619e-04 	
6.250000e-01 	1.250000e-01 	1.250000e-01 	1.706073e-01 	3.641496e-04 	3.641496e-04 	
8.750000e-01 	1.250000e-01 	1.250000e-01 	1.583153e-01 	3.559255e-04 	3.559255e-04 	
1.125000e+00 	1.250000e-01 	1.250000e-01 	1.449364e-01 	3.477951e-04 	3.477951e-04 	
1.375000e+00 	1.250000e-01 	1.250000e-01 	1.282336e-01 	3.331877e-04 	3.331877e-04 	
1.625000e+00 	1.250000e-01 	1.250000e-01 	1.108781e-01 	3.143930e-04 	3.143930e-04 	
1.875000e+00 	1.250000e-01 	1.250000e-01 	9.431644e-02 	2.953533e-04 	2.953533e-04 	
2.125000e+00 	1.250000e-01 	1.250000e-01 	7.837311e-02 	2.748554e-04 	2.748554e-04 	
2.375000e+00 	1.250000e-01 	1.250000e-01 	6.377702e-02 	2.527581e-04 	2.527581e-04 	
END SCATTER2D

BEGIN SCATTER2D /COMETA_ZZ_production_analysis/yee
Path=/COMETA_ZZ_production_analysis/yee
ScaledBy=1.35378409910355859e-05
Title=~
# val1       	err1-        	err1+        	val2         	err2-        	err2+        	
-2.875000e+00	1.250000e-01 	1.250000e-01 	0.000000e+00 	0.000000e+00 	0.000000e+00 	
-2.625000e+00	1.250000e-01 	1.250000e-01 	0.000000e+00 	0.000000e+00 	0.000000e+00 	
-2.375000e+00	1.250000e-01 	1.250000e-01 	1.028779e-02 	9.699115e-05 	9.699115e-05 	
-2.125000e+00	1.250000e-01 	1.250000e-01 	3.830784e-02 	1.880346e-04 	1.880346e-04 	
-1.875000e+00	1.250000e-01 	1.250000e-01 	7.014927e-02 	2.574858e-04 	2.574858e-04 	
-1.625000e+00	1.250000e-01 	1.250000e-01 	1.034909e-01 	3.141783e-04 	3.141783e-04 	
-1.375000e+00	1.250000e-01 	1.250000e-01 	1.364240e-01 	3.585950e-04 	3.585950e-04 	
-1.125000e+00	1.250000e-01 	1.250000e-01 	1.647936e-01 	3.850051e-04 	3.850051e-04 	
-8.750000e-01	1.250000e-01 	1.250000e-01 	1.880160e-01 	3.994620e-04 	3.994620e-04 	
-6.250000e-01	1.250000e-01 	1.250000e-01 	2.046603e-01 	4.021302e-04 	4.021302e-04 	
-3.750000e-01	1.250000e-01 	1.250000e-01 	2.161281e-01 	4.014459e-04 	4.014459e-04 	
-1.250000e-01	1.250000e-01 	1.250000e-01 	2.207222e-01 	3.979534e-04 	3.979534e-04 	
1.250000e-01 	1.250000e-01 	1.250000e-01 	2.214160e-01 	3.976606e-04 	3.976606e-04 	
3.750000e-01 	1.250000e-01 	1.250000e-01 	2.159445e-01 	3.986531e-04 	3.986531e-04 	
6.250000e-01 	1.250000e-01 	1.250000e-01 	2.041556e-01 	4.002129e-04 	4.002129e-04 	
8.750000e-01 	1.250000e-01 	1.250000e-01 	1.877986e-01 	3.966670e-04 	3.966670e-04 	
1.125000e+00 	1.250000e-01 	1.250000e-01 	1.652468e-01 	3.846390e-04 	3.846390e-04 	
1.375000e+00 	1.250000e-01 	1.250000e-01 	1.368436e-01 	3.597342e-04 	3.597342e-04 	
1.625000e+00 	1.250000e-01 	1.250000e-01 	1.031665e-01 	3.174412e-04 	3.174412e-04 	
1.875000e+00 	1.250000e-01 	1.250000e-01 	7.016573e-02 	2.651408e-04 	2.651408e-04 	
2.125000e+00 	1.250000e-01 	1.250000e-01 	3.862369e-02 	1.996439e-04 	1.996439e-04 	
2.375000e+00 	1.250000e-01 	1.250000e-01 	1.048808e-02 	1.087396e-04 	1.087396e-04 	
2.625000e+00 	1.250000e-01 	1.250000e-01 	0.000000e+00 	0.000000e+00 	0.000000e+00 	
2.875000e+00 	1.250000e-01 	1.250000e-01 	0.000000e+00 	0.000000e+00 	0.000000e+00 	
END SCATTER2D

BEGIN SCATTER2D /COMETA_ZZ_production_analysis/dyee
Path=/COMETA_ZZ_production_analysis/dyee
ScaledBy=1.35378409910355859e-05
Title=~
# val1       	err1-        	err1+        	val2         	err2-        	err2+        	
1.250000e-01 	1.250000e-01 	1.250000e-01 	4.619530e-01 	6.023800e-04 	6.023800e-04 	
3.750000e-01 	1.250000e-01 	1.250000e-01 	4.292616e-01 	5.820990e-04 	5.820990e-04 	
6.250000e-01 	1.250000e-01 	1.250000e-01 	3.836596e-01 	5.556949e-04 	5.556949e-04 	
8.750000e-01 	1.250000e-01 	1.250000e-01 	3.298140e-01 	5.202713e-04 	5.202713e-04 	
1.125000e+00 	1.250000e-01 	1.250000e-01 	2.738750e-01 	4.799002e-04 	4.799002e-04 	
1.375000e+00 	1.250000e-01 	1.250000e-01 	2.204695e-01 	4.357012e-04 	4.357012e-04 	
1.625000e+00 	1.250000e-01 	1.250000e-01 	1.733423e-01 	3.883504e-04 	3.883504e-04 	
1.875000e+00 	1.250000e-01 	1.250000e-01 	1.333248e-01 	3.449052e-04 	3.449052e-04 	
2.125000e+00 	1.250000e-01 	1.250000e-01 	9.973207e-02 	3.011229e-04 	3.011229e-04 	
2.375000e+00 	1.250000e-01 	1.250000e-01 	7.309759e-02 	2.633557e-04 	2.633557e-04 	
2.625000e+00 	1.250000e-01 	1.250000e-01 	5.123955e-02 	2.237417e-04 	2.237417e-04 	
2.875000e+00 	1.250000e-01 	1.250000e-01 	3.427037e-02 	1.867693e-04 	1.867693e-04 	
3.125000e+00 	1.250000e-01 	1.250000e-01 	2.112201e-02 	1.494687e-04 	1.494687e-04 	
3.375000e+00 	1.250000e-01 	1.250000e-01 	1.191294e-02 	1.148434e-04 	1.148434e-04 	
3.625000e+00 	1.250000e-01 	1.250000e-01 	5.951783e-03 	8.055284e-05 	8.055284e-05 	
3.875000e+00 	1.250000e-01 	1.250000e-01 	2.477650e-03 	5.172378e-05 	5.172378e-05 	
4.125000e+00 	1.250000e-01 	1.250000e-01 	9.494312e-04 	2.994817e-05 	2.994817e-05 	
4.375000e+00 	1.250000e-01 	1.250000e-01 	3.005235e-04 	1.851023e-05 	1.851023e-05 	
4.625000e+00 	1.250000e-01 	1.250000e-01 	6.875119e-05 	8.134947e-06 	8.134947e-06 	
4.875000e+00 	1.250000e-01 	1.250000e-01 	6.859558e-06 	2.290583e-06 	2.290583e-06 	
END SCATTER2D

BEGIN SCATTER2D /COMETA_ZZ_production_analysis/dypp
Path=/COMETA_ZZ_production_analysis/dypp
ScaledBy=1.35378409910355859e-05
Title=~
# val1       	err1-        	err1+        	val2         	err2-        	err2+        	
1.250000e-01 	1.250000e-01 	1.250000e-01 	3.692968e-01 	5.836507e-04 	5.836507e-04 	
3.750000e-01 	1.250000e-01 	1.250000e-01 	3.631672e-01 	5.752570e-04 	5.752570e-04 	
6.250000e-01 	1.250000e-01 	1.250000e-01 	3.480915e-01 	5.567920e-04 	5.567920e-04 	
8.750000e-01 	1.250000e-01 	1.250000e-01 	3.242931e-01 	5.282033e-04 	5.282033e-04 	
1.125000e+00 	1.250000e-01 	1.250000e-01 	2.911159e-01 	4.901288e-04 	4.901288e-04 	
1.375000e+00 	1.250000e-01 	1.250000e-01 	2.519566e-01 	4.469156e-04 	4.469156e-04 	
1.625000e+00 	1.250000e-01 	1.250000e-01 	2.075337e-01 	3.973355e-04 	3.973355e-04 	
1.875000e+00 	1.250000e-01 	1.250000e-01 	1.637723e-01 	3.459806e-04 	3.459806e-04 	
2.125000e+00 	1.250000e-01 	1.250000e-01 	1.246932e-01 	2.997817e-04 	2.997817e-04 	
2.375000e+00 	1.250000e-01 	1.250000e-01 	9.068163e-02 	2.543370e-04 	2.543370e-04 	
2.625000e+00 	1.250000e-01 	1.250000e-01 	6.404164e-02 	2.151655e-04 	2.151655e-04 	
2.875000e+00 	1.250000e-01 	1.250000e-01 	4.250559e-02 	1.754979e-04 	1.754979e-04 	
3.125000e+00 	1.250000e-01 	1.250000e-01 	2.782094e-02 	1.448546e-04 	1.448546e-04 	
3.375000e+00 	1.250000e-01 	1.250000e-01 	1.723850e-02 	1.164794e-04 	1.164794e-04 	
3.625000e+00 	1.250000e-01 	1.250000e-01 	1.002911e-02 	9.101264e-05 	9.101264e-05 	
3.875000e+00 	1.250000e-01 	1.250000e-01 	5.512238e-03 	6.946431e-05 	6.946431e-05 	
4.125000e+00 	1.250000e-01 	1.250000e-01 	2.883853e-03 	5.061319e-05 	5.061319e-05 	
4.375000e+00 	1.250000e-01 	1.250000e-01 	1.391215e-03 	3.556260e-05 	3.556260e-05 	
4.625000e+00 	1.250000e-01 	1.250000e-01 	5.803475e-04 	2.453053e-05 	2.453053e-05 	
4.875000e+00 	1.250000e-01 	1.250000e-01 	2.014605e-04 	1.414435e-05 	1.414435e-05 	
END SCATTER2D

BEGIN SCATTER2D /COMETA_ZZ_production_analysis/dyez
Path=/COMETA_ZZ_production_analysis/dyez
ScaledBy=1.35378409910355859e-05
Title=~
# val1       	err1-        	err1+        	val2         	err2-        	err2+        	
1.250000e-01 	1.250000e-01 	1.250000e-01 	3.995721e-01 	6.273573e-04 	6.273573e-04 	
3.750000e-01 	1.250000e-01 	1.250000e-01 	4.063861e-01 	6.198886e-04 	6.198886e-04 	
6.250000e-01 	1.250000e-01 	1.250000e-01 	4.048715e-01 	5.997405e-04 	5.997405e-04 	
8.750000e-01 	1.250000e-01 	1.250000e-01 	3.779398e-01 	5.600127e-04 	5.600127e-04 	
1.125000e+00 	1.250000e-01 	1.250000e-01 	3.250114e-01 	5.058390e-04 	5.058390e-04 	
1.375000e+00 	1.250000e-01 	1.250000e-01 	2.585484e-01 	4.408043e-04 	4.408043e-04 	
1.625000e+00 	1.250000e-01 	1.250000e-01 	1.905311e-01 	3.696723e-04 	3.696723e-04 	
1.875000e+00 	1.250000e-01 	1.250000e-01 	1.327120e-01 	3.031081e-04 	3.031081e-04 	
2.125000e+00 	1.250000e-01 	1.250000e-01 	8.721735e-02 	2.411721e-04 	2.411721e-04 	
2.375000e+00 	1.250000e-01 	1.250000e-01 	5.497622e-02 	1.874904e-04 	1.874904e-04 	
2.625000e+00 	1.250000e-01 	1.250000e-01 	3.270204e-02 	1.420399e-04 	1.420399e-04 	
2.875000e+00 	1.250000e-01 	1.250000e-01 	1.849513e-02 	1.033808e-04 	1.033808e-04 	
3.125000e+00 	1.250000e-01 	1.250000e-01 	9.739080e-03 	7.021201e-05 	7.021201e-05 	
3.375000e+00 	1.250000e-01 	1.250000e-01 	4.723648e-03 	4.528746e-05 	4.528746e-05 	
3.625000e+00 	1.250000e-01 	1.250000e-01 	2.090029e-03 	2.729810e-05 	2.729810e-05 	
3.875000e+00 	1.250000e-01 	1.250000e-01 	8.568882e-04 	1.503471e-05 	1.503471e-05 	
4.125000e+00 	1.250000e-01 	1.250000e-01 	3.128720e-04 	8.155084e-06 	8.155084e-06 	
4.375000e+00 	1.250000e-01 	1.250000e-01 	1.113848e-04 	4.212920e-06 	4.212920e-06 	
4.625000e+00 	1.250000e-01 	1.250000e-01 	2.695302e-05 	1.695407e-06 	1.695407e-06 	
4.875000e+00 	1.250000e-01 	1.250000e-01 	5.054582e-06 	6.697207e-07 	6.697207e-07 	
END SCATTER2D

BEGIN SCATTER2D /COMETA_ZZ_production_analysis/dphiee
Path=/COMETA_ZZ_production_analysis/dphiee
ScaledBy=1.35378409910355859e-05
Title=~
# val1       	err1-        	err1+        	val2         	err2-        	err2+        	
3.000000e+00 	3.000000e+00 	3.000000e+00 	2.398236e-04 	2.168040e-06 	2.168040e-06 	
9.000000e+00 	3.000000e+00 	3.000000e+00 	2.426112e-04 	2.359255e-06 	2.359255e-06 	
1.500000e+01 	3.000000e+00 	3.000000e+00 	2.526096e-04 	2.262667e-06 	2.262667e-06 	
2.100000e+01 	3.000000e+00 	3.000000e+00 	2.636108e-04 	2.415880e-06 	2.415880e-06 	
2.700000e+01 	3.000000e+00 	3.000000e+00 	2.738888e-04 	2.318127e-06 	2.318127e-06 	
3.300000e+01 	3.000000e+00 	3.000000e+00 	2.990350e-04 	2.470849e-06 	2.470849e-06 	
3.900000e+01 	3.000000e+00 	3.000000e+00 	3.267938e-04 	2.503890e-06 	2.503890e-06 	
4.500000e+01 	3.000000e+00 	3.000000e+00 	3.662469e-04 	2.684197e-06 	2.684197e-06 	
5.100000e+01 	3.000000e+00 	3.000000e+00 	4.166643e-04 	2.818392e-06 	2.818392e-06 	
5.700000e+01 	3.000000e+00 	3.000000e+00 	4.792087e-04 	3.047781e-06 	3.047781e-06 	
6.300000e+01 	3.000000e+00 	3.000000e+00 	5.708961e-04 	3.314155e-06 	3.314155e-06 	
6.900000e+01 	3.000000e+00 	3.000000e+00 	6.901288e-04 	3.690029e-06 	3.690029e-06 	
7.500000e+01 	3.000000e+00 	3.000000e+00 	8.282656e-04 	3.960328e-06 	3.960328e-06 	
8.100000e+01 	3.000000e+00 	3.000000e+00 	1.023946e-03 	4.403109e-06 	4.403109e-06 	
8.700000e+01 	3.000000e+00 	3.000000e+00 	1.278993e-03 	4.922547e-06 	4.922547e-06 	
9.300000e+01 	3.000000e+00 	3.000000e+00 	1.612434e-03 	5.677470e-06 	5.677470e-06 	
9.900000e+01 	3.000000e+00 	3.000000e+00 	2.041768e-03 	6.564001e-06 	6.564001e-06 	
1.050000e+02 	3.000000e+00 	3.000000e+00 	2.605478e-03 	7.762315e-06 	7.762315e-06 	
1.110000e+02 	3.000000e+00 	3.000000e+00 	3.273495e-03 	9.047552e-06 	9.047552e-06 	
1.170000e+02 	3.000000e+00 	3.000000e+00 	4.148937e-03 	1.071016e-05 	1.071016e-05 	
1.230000e+02 	3.000000e+00 	3.000000e+00 	5.191293e-03 	1.261645e-05 	1.261645e-05 	
1.290000e+02 	3.000000e+00 	3.000000e+00 	6.374901e-03 	1.471388e-05 	1.471388e-05 	
1.350000e+02 	3.000000e+00 	3.000000e+00 	7.680119e-03 	1.686490e-05 	1.686490e-05 	
1.410000e+02 	3.000000e+00 	3.000000e+00 	9.007744e-03 	1.890521e-05 	1.890521e-05 	
1.470000e+02 	3.000000e+00 	3.000000e+00 	1.025806e-02 	2.066752e-05 	2.066752e-05 	
1.530000e+02 	3.000000e+00 	3.000000e+00 	1.107996e-02 	2.164120e-05 	2.164120e-05 	
1.590000e+02 	3.000000e+00 	3.000000e+00 	1.138889e-02 	2.155121e-05 	2.155121e-05 	
1.650000e+02 	3.000000e+00 	3.000000e+00 	1.110357e-02 	2.051829e-05 	2.051829e-05 	
1.710000e+02 	3.000000e+00 	3.000000e+00 	1.021094e-02 	1.873635e-05 	1.873635e-05 	
1.770000e+02 	3.000000e+00 	3.000000e+00 	9.254245e-03 	1.727032e-05 	1.727032e-05 	
END SCATTER2D

BEGIN SCATTER2D /COMETA_ZZ_production_analysis/dphipp
Path=/COMETA_ZZ_production_analysis/dphipp
ScaledBy=1.35378409910355859e-05
Title=~
# val1       	err1-        	err1+        	val2         	err2-        	err2+        	
3.000000e+00 	3.000000e+00 	3.000000e+00 	3.016005e-03 	1.043921e-05 	1.043921e-05 	
9.000000e+00 	3.000000e+00 	3.000000e+00 	3.043989e-03 	1.049479e-05 	1.049479e-05 	
1.500000e+01 	3.000000e+00 	3.000000e+00 	3.066058e-03 	1.048621e-05 	1.048621e-05 	
2.100000e+01 	3.000000e+00 	3.000000e+00 	3.071941e-03 	1.050162e-05 	1.050162e-05 	
2.700000e+01 	3.000000e+00 	3.000000e+00 	3.118374e-03 	1.058885e-05 	1.058885e-05 	
3.300000e+01 	3.000000e+00 	3.000000e+00 	3.158208e-03 	1.068972e-05 	1.068972e-05 	
3.900000e+01 	3.000000e+00 	3.000000e+00 	3.189618e-03 	1.075356e-05 	1.075356e-05 	
4.500000e+01 	3.000000e+00 	3.000000e+00 	3.232256e-03 	1.076571e-05 	1.076571e-05 	
5.100000e+01 	3.000000e+00 	3.000000e+00 	3.294778e-03 	1.085126e-05 	1.085126e-05 	
5.700000e+01 	3.000000e+00 	3.000000e+00 	3.331053e-03 	1.087306e-05 	1.087306e-05 	
6.300000e+01 	3.000000e+00 	3.000000e+00 	3.393996e-03 	1.093913e-05 	1.093913e-05 	
6.900000e+01 	3.000000e+00 	3.000000e+00 	3.472682e-03 	1.105070e-05 	1.105070e-05 	
7.500000e+01 	3.000000e+00 	3.000000e+00 	3.528892e-03 	1.107237e-05 	1.107237e-05 	
8.100000e+01 	3.000000e+00 	3.000000e+00 	3.591115e-03 	1.111252e-05 	1.111252e-05 	
8.700000e+01 	3.000000e+00 	3.000000e+00 	3.655422e-03 	1.122625e-05 	1.122625e-05 	
9.300000e+01 	3.000000e+00 	3.000000e+00 	3.744303e-03 	1.133337e-05 	1.133337e-05 	
9.900000e+01 	3.000000e+00 	3.000000e+00 	3.796869e-03 	1.136447e-05 	1.136447e-05 	
1.050000e+02 	3.000000e+00 	3.000000e+00 	3.857123e-03 	1.142386e-05 	1.142386e-05 	
1.110000e+02 	3.000000e+00 	3.000000e+00 	3.945641e-03 	1.153703e-05 	1.153703e-05 	
1.170000e+02 	3.000000e+00 	3.000000e+00 	4.009361e-03 	1.158657e-05 	1.158657e-05 	
1.230000e+02 	3.000000e+00 	3.000000e+00 	4.090302e-03 	1.180933e-05 	1.180933e-05 	
1.290000e+02 	3.000000e+00 	3.000000e+00 	4.159154e-03 	1.191706e-05 	1.191706e-05 	
1.350000e+02 	3.000000e+00 	3.000000e+00 	4.244091e-03 	1.202143e-05 	1.202143e-05 	
1.410000e+02 	3.000000e+00 	3.000000e+00 	4.330757e-03 	1.220592e-05 	1.220592e-05 	
1.470000e+02 	3.000000e+00 	3.000000e+00 	4.388739e-03 	1.226003e-05 	1.226003e-05 	
1.530000e+02 	3.000000e+00 	3.000000e+00 	4.477036e-03 	1.248176e-05 	1.248176e-05 	
1.590000e+02 	3.000000e+00 	3.000000e+00 	4.560869e-03 	1.256470e-05 	1.256470e-05 	
1.650000e+02 	3.000000e+00 	3.000000e+00 	4.632497e-03 	1.266943e-05 	1.266943e-05 	
1.710000e+02 	3.000000e+00 	3.000000e+00 	4.682754e-03 	1.274304e-05 	1.274304e-05 	
1.770000e+02 	3.000000e+00 	3.000000e+00 	4.700665e-03 	1.275713e-05 	1.275713e-05 	
END SCATTER2D

BEGIN SCATTER2D /COMETA_ZZ_production_analysis/dree
Path=/COMETA_ZZ_production_analysis/dree
ScaledBy=1.35378409910355859e-05
Title=~
# val1       	err1-        	err1+        	val2         	err2-        	err2+        	
1.000000e-01 	1.000000e-01 	1.000000e-01 	2.600080e-09 	2.840330e-11 	2.840330e-11 	
3.000000e-01 	1.000000e-01 	1.000000e-01 	1.211733e-06 	7.536070e-09 	7.536070e-09 	
5.000000e-01 	1.000000e-01 	1.000000e-01 	2.778520e-05 	1.313056e-07 	1.313056e-07 	
7.000000e-01 	1.000000e-01 	1.000000e-01 	2.187669e-04 	8.623974e-07 	8.623974e-07 	
9.000000e-01 	1.000000e-01 	1.000000e-01 	9.915101e-04 	3.405969e-06 	3.405969e-06 	
1.100000e+00 	1.000000e-01 	1.000000e-01 	3.286784e-03 	9.981559e-06 	9.981559e-06 	
1.300000e+00 	1.000000e-01 	1.000000e-01 	8.951370e-03 	2.447689e-05 	2.447689e-05 	
1.500000e+00 	1.000000e-01 	1.000000e-01 	2.131780e-02 	5.260715e-05 	5.260715e-05 	
1.700000e+00 	1.000000e-01 	1.000000e-01 	4.611243e-02 	1.032705e-04 	1.032705e-04 	
1.900000e+00 	1.000000e-01 	1.000000e-01 	9.192822e-02 	1.877419e-04 	1.877419e-04 	
2.100000e+00 	1.000000e-01 	1.000000e-01 	1.714466e-01 	3.189720e-04 	3.189720e-04 	
2.300000e+00 	1.000000e-01 	1.000000e-01 	2.933545e-01 	4.952707e-04 	4.952707e-04 	
2.500000e+00 	1.000000e-01 	1.000000e-01 	4.534830e-01 	6.943826e-04 	6.943826e-04 	
2.700000e+00 	1.000000e-01 	1.000000e-01 	6.048432e-01 	8.471776e-04 	8.471776e-04 	
2.900000e+00 	1.000000e-01 	1.000000e-01 	6.678533e-01 	8.734801e-04 	8.734801e-04 	
3.100000e+00 	1.000000e-01 	1.000000e-01 	5.708668e-01 	7.717058e-04 	7.717058e-04 	
3.300000e+00 	1.000000e-01 	1.000000e-01 	2.296640e-01 	5.274192e-04 	5.274192e-04 	
3.500000e+00 	1.000000e-01 	1.000000e-01 	1.084821e-01 	3.798255e-04 	3.798255e-04 	
3.700000e+00 	1.000000e-01 	1.000000e-01 	5.538616e-02 	2.797912e-04 	2.797912e-04 	
3.900000e+00 	1.000000e-01 	1.000000e-01 	2.874119e-02 	2.021878e-04 	2.021878e-04 	
4.100000e+00 	1.000000e-01 	1.000000e-01 	1.465015e-02 	1.456532e-04 	1.456532e-04 	
4.300000e+00 	1.000000e-01 	1.000000e-01 	6.980831e-03 	9.995511e-05 	9.995511e-05 	
4.500000e+00 	1.000000e-01 	1.000000e-01 	3.086195e-03 	6.671805e-05 	6.671805e-05 	
4.700000e+00 	1.000000e-01 	1.000000e-01 	1.279485e-03 	4.254209e-05 	4.254209e-05 	
4.900000e+00 	1.000000e-01 	1.000000e-01 	4.008058e-04 	2.030754e-05 	2.030754e-05 	
5.100000e+00 	1.000000e-01 	1.000000e-01 	1.447026e-04 	1.333958e-05 	1.333958e-05 	
5.300000e+00 	1.000000e-01 	1.000000e-01 	2.929710e-05 	5.169270e-06 	5.169270e-06 	
5.500000e+00 	1.000000e-01 	1.000000e-01 	8.037352e-06 	2.202875e-06 	2.202875e-06 	
5.700000e+00 	1.000000e-01 	1.000000e-01 	1.993780e-07 	1.345574e-07 	1.345574e-07 	
5.900000e+00 	1.000000e-01 	1.000000e-01 	4.015168e-16 	4.015168e-16 	4.015168e-16 	
END SCATTER2D

BEGIN SCATTER2D /COMETA_ZZ_production_analysis/drpp
Path=/COMETA_ZZ_production_analysis/drpp
ScaledBy=1.35378409910355859e-05
Title=~
# val1       	err1-        	err1+        	val2         	err2-        	err2+        	
1.000000e-01 	1.000000e-01 	1.000000e-01 	1.218894e-02 	1.133250e-04 	1.133250e-04 	
3.000000e-01 	1.000000e-01 	1.000000e-01 	3.987208e-02 	2.066509e-04 	2.066509e-04 	
5.000000e-01 	1.000000e-01 	1.000000e-01 	6.756550e-02 	2.711291e-04 	2.711291e-04 	
7.000000e-01 	1.000000e-01 	1.000000e-01 	9.650535e-02 	3.272203e-04 	3.272203e-04 	
9.000000e-01 	1.000000e-01 	1.000000e-01 	1.253987e-01 	3.740065e-04 	3.740065e-04 	
1.100000e+00 	1.000000e-01 	1.000000e-01 	1.545584e-01 	4.171785e-04 	4.171785e-04 	
1.300000e+00 	1.000000e-01 	1.000000e-01 	1.805198e-01 	4.485264e-04 	4.485264e-04 	
1.500000e+00 	1.000000e-01 	1.000000e-01 	2.065089e-01 	4.773208e-04 	4.773208e-04 	
1.700000e+00 	1.000000e-01 	1.000000e-01 	2.273725e-01 	4.966026e-04 	4.966026e-04 	
1.900000e+00 	1.000000e-01 	1.000000e-01 	2.449303e-01 	5.093290e-04 	5.093290e-04 	
2.100000e+00 	1.000000e-01 	1.000000e-01 	2.595203e-01 	5.208366e-04 	5.208366e-04 	
2.300000e+00 	1.000000e-01 	1.000000e-01 	2.701405e-01 	5.290783e-04 	5.290783e-04 	
2.500000e+00 	1.000000e-01 	1.000000e-01 	2.789703e-01 	5.361661e-04 	5.361661e-04 	
2.700000e+00 	1.000000e-01 	1.000000e-01 	2.873975e-01 	5.463654e-04 	5.463654e-04 	
2.900000e+00 	1.000000e-01 	1.000000e-01 	2.919634e-01 	5.493635e-04 	5.493635e-04 	
3.100000e+00 	1.000000e-01 	1.000000e-01 	2.771958e-01 	5.320726e-04 	5.320726e-04 	
3.300000e+00 	1.000000e-01 	1.000000e-01 	1.498482e-01 	3.728003e-04 	3.728003e-04 	
3.500000e+00 	1.000000e-01 	1.000000e-01 	8.771462e-02 	2.772612e-04 	2.772612e-04 	
3.700000e+00 	1.000000e-01 	1.000000e-01 	5.215572e-02 	2.104384e-04 	2.104384e-04 	
3.900000e+00 	1.000000e-01 	1.000000e-01 	3.158924e-02 	1.667805e-04 	1.667805e-04 	
4.100000e+00 	1.000000e-01 	1.000000e-01 	1.863425e-02 	1.292851e-04 	1.292851e-04 	
4.300000e+00 	1.000000e-01 	1.000000e-01 	1.072119e-02 	1.007834e-04 	1.007834e-04 	
4.500000e+00 	1.000000e-01 	1.000000e-01 	6.038918e-03 	7.548744e-05 	7.548744e-05 	
4.700000e+00 	1.000000e-01 	1.000000e-01 	3.202076e-03 	5.802007e-05 	5.802007e-05 	
4.900000e+00 	1.000000e-01 	1.000000e-01 	1.764275e-03 	4.599582e-05 	4.599582e-05 	
5.100000e+00 	1.000000e-01 	1.000000e-01 	7.135170e-04 	2.666752e-05 	2.666752e-05 	
5.300000e+00 	1.000000e-01 	1.000000e-01 	3.755788e-04 	2.026343e-05 	2.026343e-05 	
5.500000e+00 	1.000000e-01 	1.000000e-01 	1.293447e-04 	1.199932e-05 	1.199932e-05 	
5.700000e+00 	1.000000e-01 	1.000000e-01 	3.152428e-05 	5.257394e-06 	5.257394e-06 	
5.900000e+00 	1.000000e-01 	1.000000e-01 	9.415638e-06 	3.891042e-06 	3.891042e-06 	
END SCATTER2D

BEGIN SCATTER2D /COMETA_ZZ_production_analysis/cthep
Path=/COMETA_ZZ_production_analysis/cthep
ScaledBy=1.35378409910355859e-05
Title=~
# val1       	err1-        	err1+        	val2         	err2-        	err2+        	
-9.750000e-01	2.500000e-02 	2.500000e-02 	2.230553e-02 	8.646781e-05 	8.646781e-05 	
-9.250000e-01	2.500000e-02 	2.500000e-02 	6.696499e-02 	2.236088e-04 	2.236088e-04 	
-8.750000e-01	2.500000e-02 	2.500000e-02 	1.109181e-01 	3.602670e-04 	3.602670e-04 	
-8.250000e-01	2.500000e-02 	2.500000e-02 	1.541522e-01 	4.979363e-04 	4.979363e-04 	
-7.750000e-01	2.500000e-02 	2.500000e-02 	1.948086e-01 	6.253116e-04 	6.253116e-04 	
-7.250000e-01	2.500000e-02 	2.500000e-02 	2.339090e-01 	7.482225e-04 	7.482225e-04 	
-6.750000e-01	2.500000e-02 	2.500000e-02 	2.715000e-01 	8.655369e-04 	8.655369e-04 	
-6.250000e-01	2.500000e-02 	2.500000e-02 	3.058688e-01 	9.737191e-04 	9.737191e-04 	
-5.750000e-01	2.500000e-02 	2.500000e-02 	3.378446e-01 	1.076246e-03 	1.076246e-03 	
-5.250000e-01	2.500000e-02 	2.500000e-02 	3.684077e-01 	1.177899e-03 	1.177899e-03 	
-4.750000e-01	2.500000e-02 	2.500000e-02 	3.941757e-01 	1.260794e-03 	1.260794e-03 	
-4.250000e-01	2.500000e-02 	2.500000e-02 	4.171086e-01 	1.334035e-03 	1.334035e-03 	
-3.750000e-01	2.500000e-02 	2.500000e-02 	4.414672e-01 	1.408307e-03 	1.408307e-03 	
-3.250000e-01	2.500000e-02 	2.500000e-02 	4.554922e-01 	1.459437e-03 	1.459437e-03 	
-2.750000e-01	2.500000e-02 	2.500000e-02 	4.753041e-01 	1.523843e-03 	1.523843e-03 	
-2.250000e-01	2.500000e-02 	2.500000e-02 	4.902919e-01 	1.567746e-03 	1.567746e-03 	
-1.750000e-01	2.500000e-02 	2.500000e-02 	4.955147e-01 	1.585970e-03 	1.585970e-03 	
-1.250000e-01	2.500000e-02 	2.500000e-02 	5.047717e-01 	1.613260e-03 	1.613260e-03 	
-7.500000e-02	2.500000e-02 	2.500000e-02 	5.105834e-01 	1.638995e-03 	1.638995e-03 	
-2.500000e-02	2.500000e-02 	2.500000e-02 	5.139093e-01 	1.643046e-03 	1.643046e-03 	
2.500000e-02 	2.500000e-02 	2.500000e-02 	5.126701e-01 	1.637187e-03 	1.637187e-03 	
7.500000e-02 	2.500000e-02 	2.500000e-02 	5.124894e-01 	1.634032e-03 	1.634032e-03 	
1.250000e-01 	2.500000e-02 	2.500000e-02 	5.045189e-01 	1.613630e-03 	1.613630e-03 	
1.750000e-01 	2.500000e-02 	2.500000e-02 	5.012180e-01 	1.599193e-03 	1.599193e-03 	
2.250000e-01 	2.500000e-02 	2.500000e-02 	4.886236e-01 	1.556812e-03 	1.556812e-03 	
2.750000e-01 	2.500000e-02 	2.500000e-02 	4.727862e-01 	1.505827e-03 	1.505827e-03 	
3.250000e-01 	2.500000e-02 	2.500000e-02 	4.588244e-01 	1.456912e-03 	1.456912e-03 	
3.750000e-01 	2.500000e-02 	2.500000e-02 	4.401639e-01 	1.393830e-03 	1.393830e-03 	
4.250000e-01 	2.500000e-02 	2.500000e-02 	4.190745e-01 	1.330100e-03 	1.330100e-03 	
4.750000e-01 	2.500000e-02 	2.500000e-02 	3.949415e-01 	1.254190e-03 	1.254190e-03 	
5.250000e-01 	2.500000e-02 	2.500000e-02 	3.667456e-01 	1.163929e-03 	1.163929e-03 	
5.750000e-01 	2.500000e-02 	2.500000e-02 	3.379405e-01 	1.072938e-03 	1.072938e-03 	
6.250000e-01 	2.500000e-02 	2.500000e-02 	3.050613e-01 	9.643369e-04 	9.643369e-04 	
6.750000e-01 	2.500000e-02 	2.500000e-02 	2.711840e-01 	8.615747e-04 	8.615747e-04 	
7.250000e-01 	2.500000e-02 	2.500000e-02 	2.340966e-01 	7.431811e-04 	7.431811e-04 	
7.750000e-01 	2.500000e-02 	2.500000e-02 	1.950120e-01 	6.211275e-04 	6.211275e-04 	
8.250000e-01 	2.500000e-02 	2.500000e-02 	1.538511e-01 	4.939479e-04 	4.939479e-04 	
8.750000e-01 	2.500000e-02 	2.500000e-02 	1.105760e-01 	3.590758e-04 	3.590758e-04 	
9.250000e-01 	2.500000e-02 	2.500000e-02 	6.674055e-02 	2.222573e-04 	2.222573e-04 	
9.750000e-01 	2.500000e-02 	2.500000e-02 	2.232920e-02 	8.669498e-05 	8.669498e-05 	
END SCATTER2D

BEGIN SCATTER2D /COMETA_ZZ_production_analysis/cthmm
Path=/COMETA_ZZ_production_analysis/cthmm
ScaledBy=1.35378409910355859e-05
Title=~
# val1       	err1-        	err1+        	val2         	err2-        	err2+        	
-9.750000e-01	2.500000e-02 	2.500000e-02 	2.350799e-02 	8.855182e-05 	8.855182e-05 	
-9.250000e-01	2.500000e-02 	2.500000e-02 	6.931650e-02 	2.294945e-04 	2.294945e-04 	
-8.750000e-01	2.500000e-02 	2.500000e-02 	1.145157e-01 	3.709966e-04 	3.709966e-04 	
-8.250000e-01	2.500000e-02 	2.500000e-02 	1.581785e-01 	5.061757e-04 	5.061757e-04 	
-7.750000e-01	2.500000e-02 	2.500000e-02 	1.975208e-01 	6.309043e-04 	6.309043e-04 	
-7.250000e-01	2.500000e-02 	2.500000e-02 	2.367438e-01 	7.554273e-04 	7.554273e-04 	
-6.750000e-01	2.500000e-02 	2.500000e-02 	2.726315e-01 	8.689798e-04 	8.689798e-04 	
-6.250000e-01	2.500000e-02 	2.500000e-02 	3.063933e-01 	9.765044e-04 	9.765044e-04 	
-5.750000e-01	2.500000e-02 	2.500000e-02 	3.386339e-01 	1.076829e-03 	1.076829e-03 	
-5.250000e-01	2.500000e-02 	2.500000e-02 	3.656831e-01 	1.167169e-03 	1.167169e-03 	
-4.750000e-01	2.500000e-02 	2.500000e-02 	3.931843e-01 	1.253167e-03 	1.253167e-03 	
-4.250000e-01	2.500000e-02 	2.500000e-02 	4.163172e-01 	1.325203e-03 	1.325203e-03 	
-3.750000e-01	2.500000e-02 	2.500000e-02 	4.379875e-01 	1.402641e-03 	1.402641e-03 	
-3.250000e-01	2.500000e-02 	2.500000e-02 	4.565111e-01 	1.454237e-03 	1.454237e-03 	
-2.750000e-01	2.500000e-02 	2.500000e-02 	4.715924e-01 	1.506890e-03 	1.506890e-03 	
-2.250000e-01	2.500000e-02 	2.500000e-02 	4.866899e-01 	1.556999e-03 	1.556999e-03 	
-1.750000e-01	2.500000e-02 	2.500000e-02 	4.946933e-01 	1.584240e-03 	1.584240e-03 	
-1.250000e-01	2.500000e-02 	2.500000e-02 	5.034102e-01 	1.607283e-03 	1.607283e-03 	
-7.500000e-02	2.500000e-02 	2.500000e-02 	5.073192e-01 	1.633863e-03 	1.633863e-03 	
-2.500000e-02	2.500000e-02 	2.500000e-02 	5.099409e-01 	1.633916e-03 	1.633916e-03 	
2.500000e-02 	2.500000e-02 	2.500000e-02 	5.127560e-01 	1.645229e-03 	1.645229e-03 	
7.500000e-02 	2.500000e-02 	2.500000e-02 	5.099431e-01 	1.632491e-03 	1.632491e-03 	
1.250000e-01 	2.500000e-02 	2.500000e-02 	5.025754e-01 	1.608398e-03 	1.608398e-03 	
1.750000e-01 	2.500000e-02 	2.500000e-02 	4.959937e-01 	1.592728e-03 	1.592728e-03 	
2.250000e-01 	2.500000e-02 	2.500000e-02 	4.873698e-01 	1.561638e-03 	1.561638e-03 	
2.750000e-01 	2.500000e-02 	2.500000e-02 	4.730733e-01 	1.515097e-03 	1.515097e-03 	
3.250000e-01 	2.500000e-02 	2.500000e-02 	4.566971e-01 	1.462016e-03 	1.462016e-03 	
3.750000e-01 	2.500000e-02 	2.500000e-02 	4.368703e-01 	1.396395e-03 	1.396395e-03 	
4.250000e-01 	2.500000e-02 	2.500000e-02 	4.182889e-01 	1.335645e-03 	1.335645e-03 	
4.750000e-01 	2.500000e-02 	2.500000e-02 	3.955523e-01 	1.259675e-03 	1.259675e-03 	
5.250000e-01 	2.500000e-02 	2.500000e-02 	3.675385e-01 	1.172328e-03 	1.172328e-03 	
5.750000e-01 	2.500000e-02 	2.500000e-02 	3.372972e-01 	1.077224e-03 	1.077224e-03 	
6.250000e-01 	2.500000e-02 	2.500000e-02 	3.070201e-01 	9.811633e-04 	9.811633e-04 	
6.750000e-01 	2.500000e-02 	2.500000e-02 	2.728450e-01 	8.700697e-04 	8.700697e-04 	
7.250000e-01 	2.500000e-02 	2.500000e-02 	2.373399e-01 	7.584029e-04 	7.584029e-04 	
7.750000e-01 	2.500000e-02 	2.500000e-02 	1.982299e-01 	6.313581e-04 	6.313581e-04 	
8.250000e-01 	2.500000e-02 	2.500000e-02 	1.567032e-01 	5.004256e-04 	5.004256e-04 	
8.750000e-01 	2.500000e-02 	2.500000e-02 	1.139701e-01 	3.673947e-04 	3.673947e-04 	
9.250000e-01 	2.500000e-02 	2.500000e-02 	6.966429e-02 	2.294888e-04 	2.294888e-04 	
9.750000e-01 	2.500000e-02 	2.500000e-02 	2.364652e-02 	8.894784e-05 	8.894784e-05 	
END SCATTER2D

BEGIN SCATTER2D /COMETA_ZZ_production_analysis/cscatt
Path=/COMETA_ZZ_production_analysis/cscatt
ScaledBy=1.35378409910355859e-05
Title=~
# val1       	err1-        	err1+        	val2         	err2-        	err2+        	
1.250000e-02 	1.250000e-02 	1.250000e-02 	5.161595e-04 	3.226292e-06 	3.226292e-06 	
3.750000e-02 	1.250000e-02 	1.250000e-02 	3.622859e-03 	1.757718e-05 	1.757718e-05 	
6.250000e-02 	1.250000e-02 	1.250000e-02 	9.909865e-03 	4.622706e-05 	4.622706e-05 	
8.750000e-02 	1.250000e-02 	1.250000e-02 	1.927756e-02 	8.901894e-05 	8.901894e-05 	
1.125000e-01 	1.250000e-02 	1.250000e-02 	3.152677e-02 	1.446706e-04 	1.446706e-04 	
1.375000e-01 	1.250000e-02 	1.250000e-02 	4.684210e-02 	2.126237e-04 	2.126237e-04 	
1.625000e-01 	1.250000e-02 	1.250000e-02 	6.597696e-02 	2.955353e-04 	2.955353e-04 	
1.875000e-01 	1.250000e-02 	1.250000e-02 	8.697016e-02 	3.916594e-04 	3.916594e-04 	
2.125000e-01 	1.250000e-02 	1.250000e-02 	1.121336e-01 	4.992204e-04 	4.992204e-04 	
2.375000e-01 	1.250000e-02 	1.250000e-02 	1.395014e-01 	6.146555e-04 	6.146555e-04 	
2.625000e-01 	1.250000e-02 	1.250000e-02 	1.701616e-01 	7.558896e-04 	7.558896e-04 	
2.875000e-01 	1.250000e-02 	1.250000e-02 	2.048434e-01 	8.820974e-04 	8.820974e-04 	
3.125000e-01 	1.250000e-02 	1.250000e-02 	2.413805e-01 	1.035040e-03 	1.035040e-03 	
3.375000e-01 	1.250000e-02 	1.250000e-02 	2.805395e-01 	1.184523e-03 	1.184523e-03 	
3.625000e-01 	1.250000e-02 	1.250000e-02 	3.259157e-01 	1.375640e-03 	1.375640e-03 	
3.875000e-01 	1.250000e-02 	1.250000e-02 	3.678363e-01 	1.517001e-03 	1.517001e-03 	
4.125000e-01 	1.250000e-02 	1.250000e-02 	4.118430e-01 	1.669839e-03 	1.669839e-03 	
4.375000e-01 	1.250000e-02 	1.250000e-02 	4.699600e-01 	1.885728e-03 	1.885728e-03 	
4.625000e-01 	1.250000e-02 	1.250000e-02 	5.200347e-01 	2.047782e-03 	2.047782e-03 	
4.875000e-01 	1.250000e-02 	1.250000e-02 	5.776852e-01 	2.237921e-03 	2.237921e-03 	
5.125000e-01 	1.250000e-02 	1.250000e-02 	6.311765e-01 	2.403241e-03 	2.403241e-03 	
5.375000e-01 	1.250000e-02 	1.250000e-02 	6.957137e-01 	2.594256e-03 	2.594256e-03 	
5.625000e-01 	1.250000e-02 	1.250000e-02 	7.615071e-01 	2.761498e-03 	2.761498e-03 	
5.875000e-01 	1.250000e-02 	1.250000e-02 	8.227919e-01 	2.946702e-03 	2.946702e-03 	
6.125000e-01 	1.250000e-02 	1.250000e-02 	8.933768e-01 	3.105474e-03 	3.105474e-03 	
6.375000e-01 	1.250000e-02 	1.250000e-02 	9.582019e-01 	3.255461e-03 	3.255461e-03 	
6.625000e-01 	1.250000e-02 	1.250000e-02 	1.025439e+00 	3.376758e-03 	3.376758e-03 	
6.875000e-01 	1.250000e-02 	1.250000e-02 	1.107114e+00 	3.533691e-03 	3.533691e-03 	
7.125000e-01 	1.250000e-02 	1.250000e-02 	1.178539e+00 	3.629287e-03 	3.629287e-03 	
7.375000e-01 	1.250000e-02 	1.250000e-02 	1.242875e+00 	3.675798e-03 	3.675798e-03 	
7.625000e-01 	1.250000e-02 	1.250000e-02 	1.312636e+00 	3.745498e-03 	3.745498e-03 	
7.875000e-01 	1.250000e-02 	1.250000e-02 	1.373959e+00 	3.743239e-03 	3.743239e-03 	
8.125000e-01 	1.250000e-02 	1.250000e-02 	1.436251e+00 	3.758031e-03 	3.758031e-03 	
8.375000e-01 	1.250000e-02 	1.250000e-02 	1.489661e+00 	3.701097e-03 	3.701097e-03 	
8.625000e-01 	1.250000e-02 	1.250000e-02 	1.531372e+00 	3.618850e-03 	3.618850e-03 	
8.875000e-01 	1.250000e-02 	1.250000e-02 	1.539606e+00 	3.354346e-03 	3.354346e-03 	
9.125000e-01 	1.250000e-02 	1.250000e-02 	1.532686e+00 	3.038653e-03 	3.038653e-03 	
9.375000e-01 	1.250000e-02 	1.250000e-02 	1.457934e+00 	2.661563e-03 	2.661563e-03 	
9.625000e-01 	1.250000e-02 	1.250000e-02 	1.260852e+00 	2.056065e-03 	2.056065e-03 	
9.875000e-01 	1.250000e-02 	1.250000e-02 	7.301239e-01 	1.147297e-03 	1.147297e-03 	
END SCATTER2D

BEGIN SCATTER2D /COMETA_ZZ_production_analysis/cosee
Path=/COMETA_ZZ_production_analysis/cosee
ScaledBy=1.35378409910355859e-05
Title=~
# val1       	err1-        	err1+        	val2         	err2-        	err2+        	
-9.750000e-01	2.500000e-02 	2.500000e-02 	4.223502e-01 	1.304754e-03 	1.304754e-03 	
-9.250000e-01	2.500000e-02 	2.500000e-02 	4.599641e-01 	1.396405e-03 	1.396405e-03 	
-8.750000e-01	2.500000e-02 	2.500000e-02 	4.696381e-01 	1.427773e-03 	1.427773e-03 	
-8.250000e-01	2.500000e-02 	2.500000e-02 	4.647294e-01 	1.417689e-03 	1.417689e-03 	
-7.750000e-01	2.500000e-02 	2.500000e-02 	4.571305e-01 	1.403843e-03 	1.403843e-03 	
-7.250000e-01	2.500000e-02 	2.500000e-02 	4.395006e-01 	1.352554e-03 	1.352554e-03 	
-6.750000e-01	2.500000e-02 	2.500000e-02 	4.211573e-01 	1.316288e-03 	1.316288e-03 	
-6.250000e-01	2.500000e-02 	2.500000e-02 	4.067771e-01 	1.280056e-03 	1.280056e-03 	
-5.750000e-01	2.500000e-02 	2.500000e-02 	3.905376e-01 	1.244757e-03 	1.244757e-03 	
-5.250000e-01	2.500000e-02 	2.500000e-02 	3.758406e-01 	1.214904e-03 	1.214904e-03 	
-4.750000e-01	2.500000e-02 	2.500000e-02 	3.613546e-01 	1.181237e-03 	1.181237e-03 	
-4.250000e-01	2.500000e-02 	2.500000e-02 	3.515723e-01 	1.170029e-03 	1.170029e-03 	
-3.750000e-01	2.500000e-02 	2.500000e-02 	3.399228e-01 	1.140654e-03 	1.140654e-03 	
-3.250000e-01	2.500000e-02 	2.500000e-02 	3.286326e-01 	1.118322e-03 	1.118322e-03 	
-2.750000e-01	2.500000e-02 	2.500000e-02 	3.200280e-01 	1.108838e-03 	1.108838e-03 	
-2.250000e-01	2.500000e-02 	2.500000e-02 	3.130473e-01 	1.091703e-03 	1.091703e-03 	
-1.750000e-01	2.500000e-02 	2.500000e-02 	3.055215e-01 	1.082221e-03 	1.082221e-03 	
-1.250000e-01	2.500000e-02 	2.500000e-02 	2.979868e-01 	1.068193e-03 	1.068193e-03 	
-7.500000e-02	2.500000e-02 	2.500000e-02 	2.962387e-01 	1.076023e-03 	1.076023e-03 	
-2.500000e-02	2.500000e-02 	2.500000e-02 	2.906748e-01 	1.057741e-03 	1.057741e-03 	
2.500000e-02 	2.500000e-02 	2.500000e-02 	2.898089e-01 	1.073169e-03 	1.073169e-03 	
7.500000e-02 	2.500000e-02 	2.500000e-02 	2.868213e-01 	1.064165e-03 	1.064165e-03 	
1.250000e-01 	2.500000e-02 	2.500000e-02 	2.866810e-01 	1.072447e-03 	1.072447e-03 	
1.750000e-01 	2.500000e-02 	2.500000e-02 	2.869907e-01 	1.081306e-03 	1.081306e-03 	
2.250000e-01 	2.500000e-02 	2.500000e-02 	2.884124e-01 	1.087071e-03 	1.087071e-03 	
2.750000e-01 	2.500000e-02 	2.500000e-02 	2.888423e-01 	1.091194e-03 	1.091194e-03 	
3.250000e-01 	2.500000e-02 	2.500000e-02 	2.939037e-01 	1.110709e-03 	1.110709e-03 	
3.750000e-01 	2.500000e-02 	2.500000e-02 	2.963632e-01 	1.118317e-03 	1.118317e-03 	
4.250000e-01 	2.500000e-02 	2.500000e-02 	3.030041e-01 	1.137372e-03 	1.137372e-03 	
4.750000e-01 	2.500000e-02 	2.500000e-02 	3.088158e-01 	1.161428e-03 	1.161428e-03 	
5.250000e-01 	2.500000e-02 	2.500000e-02 	3.160519e-01 	1.177392e-03 	1.177392e-03 	
5.750000e-01 	2.500000e-02 	2.500000e-02 	3.254246e-01 	1.205810e-03 	1.205810e-03 	
6.250000e-01 	2.500000e-02 	2.500000e-02 	3.380940e-01 	1.239563e-03 	1.239563e-03 	
6.750000e-01 	2.500000e-02 	2.500000e-02 	3.475611e-01 	1.259586e-03 	1.259586e-03 	
7.250000e-01 	2.500000e-02 	2.500000e-02 	3.637625e-01 	1.295983e-03 	1.295983e-03 	
7.750000e-01 	2.500000e-02 	2.500000e-02 	3.791522e-01 	1.332882e-03 	1.332882e-03 	
8.250000e-01 	2.500000e-02 	2.500000e-02 	3.889501e-01 	1.350620e-03 	1.350620e-03 	
8.750000e-01 	2.500000e-02 	2.500000e-02 	3.809163e-01 	1.351445e-03 	1.351445e-03 	
9.250000e-01 	2.500000e-02 	2.500000e-02 	2.424216e-01 	1.068338e-03 	1.068338e-03 	
9.750000e-01 	2.500000e-02 	2.500000e-02 	9.563615e-03 	1.184459e-04 	1.184459e-04 	
END SCATTER2D

BEGIN SCATTER2D /COMETA_ZZ_production_analysis/cospp
Path=/COMETA_ZZ_production_analysis/cospp
ScaledBy=1.35378409910355859e-05
Title=~
# val1       	err1-        	err1+        	val2         	err2-        	err2+        	
-9.750000e-01	2.500000e-02 	2.500000e-02 	2.625474e-01 	9.411265e-04 	9.411265e-04 	
-9.250000e-01	2.500000e-02 	2.500000e-02 	2.590870e-01 	9.402645e-04 	9.402645e-04 	
-8.750000e-01	2.500000e-02 	2.500000e-02 	2.584387e-01 	9.366317e-04 	9.366317e-04 	
-8.250000e-01	2.500000e-02 	2.500000e-02 	2.581173e-01 	9.379230e-04 	9.379230e-04 	
-7.750000e-01	2.500000e-02 	2.500000e-02 	2.581541e-01 	9.377982e-04 	9.377982e-04 	
-7.250000e-01	2.500000e-02 	2.500000e-02 	2.610105e-01 	9.521958e-04 	9.521958e-04 	
-6.750000e-01	2.500000e-02 	2.500000e-02 	2.612843e-01 	9.587485e-04 	9.587485e-04 	
-6.250000e-01	2.500000e-02 	2.500000e-02 	2.602978e-01 	9.544806e-04 	9.544806e-04 	
-5.750000e-01	2.500000e-02 	2.500000e-02 	2.602217e-01 	9.539495e-04 	9.539495e-04 	
-5.250000e-01	2.500000e-02 	2.500000e-02 	2.620495e-01 	9.609539e-04 	9.609539e-04 	
-4.750000e-01	2.500000e-02 	2.500000e-02 	2.631325e-01 	9.649216e-04 	9.649216e-04 	
-4.250000e-01	2.500000e-02 	2.500000e-02 	2.673061e-01 	9.782067e-04 	9.782067e-04 	
-3.750000e-01	2.500000e-02 	2.500000e-02 	2.670451e-01 	9.807223e-04 	9.807223e-04 	
-3.250000e-01	2.500000e-02 	2.500000e-02 	2.690484e-01 	9.897654e-04 	9.897654e-04 	
-2.750000e-01	2.500000e-02 	2.500000e-02 	2.720659e-01 	9.974012e-04 	9.974012e-04 	
-2.250000e-01	2.500000e-02 	2.500000e-02 	2.747905e-01 	1.006567e-03 	1.006567e-03 	
-1.750000e-01	2.500000e-02 	2.500000e-02 	2.760305e-01 	1.010661e-03 	1.010661e-03 	
-1.250000e-01	2.500000e-02 	2.500000e-02 	2.795650e-01 	1.020535e-03 	1.020535e-03 	
-7.500000e-02	2.500000e-02 	2.500000e-02 	2.826107e-01 	1.030433e-03 	1.030433e-03 	
-2.500000e-02	2.500000e-02 	2.500000e-02 	2.876331e-01 	1.046910e-03 	1.046910e-03 	
2.500000e-02 	2.500000e-02 	2.500000e-02 	2.914167e-01 	1.060245e-03 	1.060245e-03 	
7.500000e-02 	2.500000e-02 	2.500000e-02 	2.979446e-01 	1.075311e-03 	1.075311e-03 	
1.250000e-01 	2.500000e-02 	2.500000e-02 	3.018718e-01 	1.087908e-03 	1.087908e-03 	
1.750000e-01 	2.500000e-02 	2.500000e-02 	3.069964e-01 	1.100993e-03 	1.100993e-03 	
2.250000e-01 	2.500000e-02 	2.500000e-02 	3.157426e-01 	1.126042e-03 	1.126042e-03 	
2.750000e-01 	2.500000e-02 	2.500000e-02 	3.212273e-01 	1.141016e-03 	1.141016e-03 	
3.250000e-01 	2.500000e-02 	2.500000e-02 	3.320744e-01 	1.169087e-03 	1.169087e-03 	
3.750000e-01 	2.500000e-02 	2.500000e-02 	3.389501e-01 	1.183070e-03 	1.183070e-03 	
4.250000e-01 	2.500000e-02 	2.500000e-02 	3.510167e-01 	1.217591e-03 	1.217591e-03 	
4.750000e-01 	2.500000e-02 	2.500000e-02 	3.634703e-01 	1.243909e-03 	1.243909e-03 	
5.250000e-01 	2.500000e-02 	2.500000e-02 	3.759606e-01 	1.272345e-03 	1.272345e-03 	
5.750000e-01 	2.500000e-02 	2.500000e-02 	3.963286e-01 	1.322969e-03 	1.322969e-03 	
6.250000e-01 	2.500000e-02 	2.500000e-02 	4.136343e-01 	1.357524e-03 	1.357524e-03 	
6.750000e-01 	2.500000e-02 	2.500000e-02 	4.370298e-01 	1.414156e-03 	1.414156e-03 	
7.250000e-01 	2.500000e-02 	2.500000e-02 	4.665994e-01 	1.482313e-03 	1.482313e-03 	
7.750000e-01 	2.500000e-02 	2.500000e-02 	5.001701e-01 	1.561965e-03 	1.561965e-03 	
8.250000e-01 	2.500000e-02 	2.500000e-02 	5.438410e-01 	1.649484e-03 	1.649484e-03 	
8.750000e-01 	2.500000e-02 	2.500000e-02 	5.916757e-01 	1.754968e-03 	1.754968e-03 	
9.250000e-01 	2.500000e-02 	2.500000e-02 	6.315707e-01 	1.850763e-03 	1.850763e-03 	
9.750000e-01 	2.500000e-02 	2.500000e-02 	6.161884e-01 	1.843901e-03 	1.843901e-03 	
END SCATTER2D

BEGIN SCATTER2D /COMETA_ZZ_production_analysis/cp1dmap_ZZ
Path=/COMETA_ZZ_production_analysis/cp1dmap_ZZ
ScaledBy=1.35378409910355859e-05
Title=~
# val1       	err1-        	err1+        	val2         	err2-        	err2+        	
5.000000e-01 	5.000000e-01 	5.000000e-01 	8.973343e-04 	6.133948e-06 	6.133948e-06 	
1.500000e+00 	5.000000e-01 	5.000000e-01 	2.170055e-03 	1.296317e-05 	1.296317e-05 	
2.500000e+00 	5.000000e-01 	5.000000e-01 	5.179792e-03 	2.379328e-05 	2.379328e-05 	
3.500000e+00 	5.000000e-01 	5.000000e-01 	1.063592e-02 	3.891675e-05 	3.891675e-05 	
4.500000e+00 	5.000000e-01 	5.000000e-01 	2.036367e-02 	5.961947e-05 	5.961947e-05 	
5.500000e+00 	5.000000e-01 	5.000000e-01 	3.774085e-02 	8.813751e-05 	8.813751e-05 	
6.500000e+00 	5.000000e-01 	5.000000e-01 	7.731112e-02 	1.339770e-04 	1.339770e-04 	
7.500000e+00 	5.000000e-01 	5.000000e-01 	7.725227e-02 	1.329049e-04 	1.329049e-04 	
8.500000e+00 	5.000000e-01 	5.000000e-01 	3.764890e-02 	8.584922e-05 	8.584922e-05 	
9.500000e+00 	5.000000e-01 	5.000000e-01 	2.044783e-02 	5.760587e-05 	5.760587e-05 	
1.050000e+01 	5.000000e-01 	5.000000e-01 	1.062498e-02 	3.697897e-05 	3.697897e-05 	
1.150000e+01 	5.000000e-01 	5.000000e-01 	5.121080e-03 	2.225393e-05 	2.225393e-05 	
1.250000e+01 	5.000000e-01 	5.000000e-01 	2.148389e-03 	1.192472e-05 	1.192472e-05 	
1.350000e+01 	5.000000e-01 	5.000000e-01 	9.047021e-04 	5.767093e-06 	5.767093e-06 	
1.450000e+01 	5.000000e-01 	5.000000e-01 	2.955433e-02 	9.223267e-05 	9.223267e-05 	
1.550000e+01 	5.000000e-01 	5.000000e-01 	2.963634e-02 	9.246715e-05 	9.246715e-05 	
1.650000e+01 	5.000000e-01 	5.000000e-01 	9.062042e-04 	5.827581e-06 	5.827581e-06 	
1.750000e+01 	5.000000e-01 	5.000000e-01 	2.167351e-03 	1.200601e-05 	1.200601e-05 	
1.850000e+01 	5.000000e-01 	5.000000e-01 	5.142357e-03 	2.238086e-05 	2.238086e-05 	
1.950000e+01 	5.000000e-01 	5.000000e-01 	1.066858e-02 	3.713996e-05 	3.713996e-05 	
2.050000e+01 	5.000000e-01 	5.000000e-01 	2.041525e-02 	5.782219e-05 	5.782219e-05 	
2.150000e+01 	5.000000e-01 	5.000000e-01 	3.772084e-02 	8.610738e-05 	8.610738e-05 	
2.250000e+01 	5.000000e-01 	5.000000e-01 	7.764811e-02 	1.336179e-04 	1.336179e-04 	
2.350000e+01 	5.000000e-01 	5.000000e-01 	7.758567e-02 	1.346082e-04 	1.346082e-04 	
2.450000e+01 	5.000000e-01 	5.000000e-01 	3.761263e-02 	8.796659e-05 	8.796659e-05 	
2.550000e+01 	5.000000e-01 	5.000000e-01 	2.031734e-02 	5.954046e-05 	5.954046e-05 	
2.650000e+01 	5.000000e-01 	5.000000e-01 	1.068503e-02 	3.921640e-05 	3.921640e-05 	
2.750000e+01 	5.000000e-01 	5.000000e-01 	5.147811e-03 	2.369579e-05 	2.369579e-05 	
2.850000e+01 	5.000000e-01 	5.000000e-01 	2.153981e-03 	1.280526e-05 	1.280526e-05 	
2.950000e+01 	5.000000e-01 	5.000000e-01 	8.985652e-04 	6.115832e-06 	6.115832e-06 	
END SCATTER2D

