BEGIN SCATTER2D /COMETA_ZZ_production_analysis/totxsec
Path=/COMETA_ZZ_production_analysis/totxsec
ScaledBy=1.07706345496762996e-05
Title=~
# val1       	err1-        	err1+        	val2         	err2-        	err2+        	
5.000000e-01 	5.000000e-01 	5.000000e-01 	2.013725e+00 	9.718737e-04 	9.718737e-04 	
END SCATTER2D

BEGIN SCATTER2D /COMETA_ZZ_production_analysis/m4l
Path=/COMETA_ZZ_production_analysis/m4l
ScaledBy=1.07706345496762996e-05
Title=~
# val1       	err1-        	err1+        	val2         	err2-        	err2+        	
1.000000e+01 	1.000000e+01 	1.000000e+01 	0.000000e+00 	0.000000e+00 	0.000000e+00 	
3.000000e+01 	1.000000e+01 	1.000000e+01 	0.000000e+00 	0.000000e+00 	0.000000e+00 	
5.000000e+01 	1.000000e+01 	1.000000e+01 	0.000000e+00 	0.000000e+00 	0.000000e+00 	
7.000000e+01 	1.000000e+01 	1.000000e+01 	0.000000e+00 	0.000000e+00 	0.000000e+00 	
9.000000e+01 	1.000000e+01 	1.000000e+01 	0.000000e+00 	0.000000e+00 	0.000000e+00 	
1.100000e+02 	1.000000e+01 	1.000000e+01 	0.000000e+00 	0.000000e+00 	0.000000e+00 	
1.300000e+02 	1.000000e+01 	1.000000e+01 	0.000000e+00 	0.000000e+00 	0.000000e+00 	
1.500000e+02 	1.000000e+01 	1.000000e+01 	0.000000e+00 	0.000000e+00 	0.000000e+00 	
1.700000e+02 	1.000000e+01 	1.000000e+01 	0.000000e+00 	0.000000e+00 	0.000000e+00 	
1.900000e+02 	1.000000e+01 	1.000000e+01 	2.164526e-02 	2.295255e-05 	2.295255e-05 	
2.100000e+02 	1.000000e+01 	1.000000e+01 	2.388624e-02 	2.265031e-05 	2.265031e-05 	
2.300000e+02 	1.000000e+01 	1.000000e+01 	1.636625e-02 	1.876276e-05 	1.876276e-05 	
2.500000e+02 	1.000000e+01 	1.000000e+01 	1.090602e-02 	1.543701e-05 	1.543701e-05 	
2.700000e+02 	1.000000e+01 	1.000000e+01 	7.433033e-03 	1.296810e-05 	1.296810e-05 	
2.900000e+02 	1.000000e+01 	1.000000e+01 	5.161180e-03 	1.099548e-05 	1.099548e-05 	
3.100000e+02 	1.000000e+01 	1.000000e+01 	3.654235e-03 	9.460555e-06 	9.460555e-06 	
3.300000e+02 	1.000000e+01 	1.000000e+01 	2.642701e-03 	8.243326e-06 	8.243326e-06 	
3.500000e+02 	1.000000e+01 	1.000000e+01 	1.952755e-03 	7.252787e-06 	7.252787e-06 	
3.700000e+02 	1.000000e+01 	1.000000e+01 	1.467657e-03 	6.355317e-06 	6.355317e-06 	
3.900000e+02 	1.000000e+01 	1.000000e+01 	1.103850e-03 	5.828240e-06 	5.828240e-06 	
4.100000e+02 	1.000000e+01 	1.000000e+01 	8.527345e-04 	5.155567e-06 	5.155567e-06 	
4.300000e+02 	1.000000e+01 	1.000000e+01 	6.738527e-04 	4.661337e-06 	4.661337e-06 	
4.500000e+02 	1.000000e+01 	1.000000e+01 	5.303446e-04 	4.145588e-06 	4.145588e-06 	
4.700000e+02 	1.000000e+01 	1.000000e+01 	4.181975e-04 	3.859254e-06 	3.859254e-06 	
4.900000e+02 	1.000000e+01 	1.000000e+01 	3.364388e-04 	3.431109e-06 	3.431109e-06 	
5.100000e+02 	1.000000e+01 	1.000000e+01 	2.658962e-04 	3.251391e-06 	3.251391e-06 	
5.300000e+02 	1.000000e+01 	1.000000e+01 	2.242237e-04 	2.976354e-06 	2.976354e-06 	
5.500000e+02 	1.000000e+01 	1.000000e+01 	1.824208e-04 	2.654497e-06 	2.654497e-06 	
5.700000e+02 	1.000000e+01 	1.000000e+01 	1.479223e-04 	2.545294e-06 	2.545294e-06 	
5.900000e+02 	1.000000e+01 	1.000000e+01 	1.199691e-04 	2.104565e-06 	2.104565e-06 	
6.100000e+02 	1.000000e+01 	1.000000e+01 	1.040093e-04 	2.087250e-06 	2.087250e-06 	
6.300000e+02 	1.000000e+01 	1.000000e+01 	8.887991e-05 	1.936336e-06 	1.936336e-06 	
6.500000e+02 	1.000000e+01 	1.000000e+01 	7.453613e-05 	1.834484e-06 	1.834484e-06 	
6.700000e+02 	1.000000e+01 	1.000000e+01 	5.920372e-05 	1.554862e-06 	1.554862e-06 	
6.900000e+02 	1.000000e+01 	1.000000e+01 	5.210109e-05 	1.393825e-06 	1.393825e-06 	
7.100000e+02 	1.000000e+01 	1.000000e+01 	4.524537e-05 	1.414660e-06 	1.414660e-06 	
7.300000e+02 	1.000000e+01 	1.000000e+01 	3.804717e-05 	1.279175e-06 	1.279175e-06 	
7.500000e+02 	1.000000e+01 	1.000000e+01 	3.245715e-05 	1.111789e-06 	1.111789e-06 	
7.700000e+02 	1.000000e+01 	1.000000e+01 	2.758569e-05 	1.150175e-06 	1.150175e-06 	
7.900000e+02 	1.000000e+01 	1.000000e+01 	2.349755e-05 	1.066801e-06 	1.066801e-06 	
8.100000e+02 	1.000000e+01 	1.000000e+01 	2.071441e-05 	7.598583e-07 	7.598583e-07 	
8.300000e+02 	1.000000e+01 	1.000000e+01 	1.728563e-05 	6.467460e-07 	6.467460e-07 	
8.500000e+02 	1.000000e+01 	1.000000e+01 	1.478546e-05 	5.703441e-07 	5.703441e-07 	
8.700000e+02 	1.000000e+01 	1.000000e+01 	1.238552e-05 	1.171708e-06 	1.171708e-06 	
8.900000e+02 	1.000000e+01 	1.000000e+01 	1.157430e-05 	4.704557e-07 	4.704557e-07 	
9.100000e+02 	1.000000e+01 	1.000000e+01 	1.022470e-05 	6.094982e-07 	6.094982e-07 	
9.300000e+02 	1.000000e+01 	1.000000e+01 	9.262697e-06 	4.532865e-07 	4.532865e-07 	
9.500000e+02 	1.000000e+01 	1.000000e+01 	6.980066e-06 	7.266629e-07 	7.266629e-07 	
9.700000e+02 	1.000000e+01 	1.000000e+01 	6.724339e-06 	3.890697e-07 	3.890697e-07 	
9.900000e+02 	1.000000e+01 	1.000000e+01 	5.641170e-06 	2.887646e-07 	2.887646e-07 	
1.010000e+03 	1.000000e+01 	1.000000e+01 	5.191285e-06 	2.628491e-07 	2.628491e-07 	
1.030000e+03 	1.000000e+01 	1.000000e+01 	4.735519e-06 	2.339084e-07 	2.339084e-07 	
1.050000e+03 	1.000000e+01 	1.000000e+01 	4.137460e-06 	2.042053e-07 	2.042053e-07 	
1.070000e+03 	1.000000e+01 	1.000000e+01 	4.070997e-06 	2.823720e-07 	2.823720e-07 	
1.090000e+03 	1.000000e+01 	1.000000e+01 	3.563146e-06 	2.436265e-07 	2.436265e-07 	
1.110000e+03 	1.000000e+01 	1.000000e+01 	3.369720e-06 	3.259415e-07 	3.259415e-07 	
1.130000e+03 	1.000000e+01 	1.000000e+01 	2.645150e-06 	1.433750e-07 	1.433750e-07 	
1.150000e+03 	1.000000e+01 	1.000000e+01 	2.259336e-06 	1.715988e-07 	1.715988e-07 	
1.170000e+03 	1.000000e+01 	1.000000e+01 	2.081641e-06 	1.253996e-07 	1.253996e-07 	
1.190000e+03 	1.000000e+01 	1.000000e+01 	1.676024e-06 	1.032319e-07 	1.032319e-07 	
1.210000e+03 	1.000000e+01 	1.000000e+01 	1.767528e-06 	1.629009e-07 	1.629009e-07 	
1.230000e+03 	1.000000e+01 	1.000000e+01 	1.657430e-06 	1.087084e-07 	1.087084e-07 	
1.250000e+03 	1.000000e+01 	1.000000e+01 	1.504219e-06 	1.512015e-07 	1.512015e-07 	
1.270000e+03 	1.000000e+01 	1.000000e+01 	1.242448e-06 	9.581796e-08 	9.581796e-08 	
1.290000e+03 	1.000000e+01 	1.000000e+01 	9.902096e-07 	7.538347e-08 	7.538347e-08 	
1.310000e+03 	1.000000e+01 	1.000000e+01 	1.040108e-06 	9.382697e-08 	9.382697e-08 	
1.330000e+03 	1.000000e+01 	1.000000e+01 	1.118946e-06 	1.221686e-07 	1.221686e-07 	
1.350000e+03 	1.000000e+01 	1.000000e+01 	9.327854e-07 	8.928074e-08 	8.928074e-08 	
1.370000e+03 	1.000000e+01 	1.000000e+01 	7.950065e-07 	6.809539e-08 	6.809539e-08 	
1.390000e+03 	1.000000e+01 	1.000000e+01 	6.557452e-07 	5.216714e-08 	5.216714e-08 	
1.410000e+03 	1.000000e+01 	1.000000e+01 	7.150963e-07 	6.154513e-08 	6.154513e-08 	
1.430000e+03 	1.000000e+01 	1.000000e+01 	9.403333e-07 	2.495973e-07 	2.495973e-07 	
1.450000e+03 	1.000000e+01 	1.000000e+01 	4.918906e-07 	3.439191e-08 	3.439191e-08 	
1.470000e+03 	1.000000e+01 	1.000000e+01 	4.647764e-07 	5.709944e-08 	5.709944e-08 	
1.490000e+03 	1.000000e+01 	1.000000e+01 	4.896972e-07 	5.079140e-08 	5.079140e-08 	
1.510000e+03 	1.000000e+01 	1.000000e+01 	4.280265e-07 	5.337726e-08 	5.337726e-08 	
1.530000e+03 	1.000000e+01 	1.000000e+01 	4.190490e-07 	5.522561e-08 	5.522561e-08 	
1.550000e+03 	1.000000e+01 	1.000000e+01 	3.128395e-07 	3.226824e-08 	3.226824e-08 	
1.570000e+03 	1.000000e+01 	1.000000e+01 	2.817195e-07 	2.712358e-08 	2.712358e-08 	
1.590000e+03 	1.000000e+01 	1.000000e+01 	3.181649e-07 	3.967925e-08 	3.967925e-08 	
1.610000e+03 	1.000000e+01 	1.000000e+01 	3.084419e-07 	5.186183e-08 	5.186183e-08 	
1.630000e+03 	1.000000e+01 	1.000000e+01 	2.546024e-07 	2.902120e-08 	2.902120e-08 	
1.650000e+03 	1.000000e+01 	1.000000e+01 	2.275879e-07 	2.720469e-08 	2.720469e-08 	
1.670000e+03 	1.000000e+01 	1.000000e+01 	2.213614e-07 	2.492464e-08 	2.492464e-08 	
1.690000e+03 	1.000000e+01 	1.000000e+01 	1.978791e-07 	2.197623e-08 	2.197623e-08 	
1.710000e+03 	1.000000e+01 	1.000000e+01 	1.630625e-07 	1.540747e-08 	1.540747e-08 	
1.730000e+03 	1.000000e+01 	1.000000e+01 	1.451148e-07 	1.531322e-08 	1.531322e-08 	
1.750000e+03 	1.000000e+01 	1.000000e+01 	1.219141e-07 	1.245063e-08 	1.245063e-08 	
1.770000e+03 	1.000000e+01 	1.000000e+01 	1.526948e-07 	1.960979e-08 	1.960979e-08 	
1.790000e+03 	1.000000e+01 	1.000000e+01 	1.533843e-07 	2.239724e-08 	2.239724e-08 	
1.810000e+03 	1.000000e+01 	1.000000e+01 	1.071387e-07 	1.390008e-08 	1.390008e-08 	
1.830000e+03 	1.000000e+01 	1.000000e+01 	9.959714e-08 	1.141046e-08 	1.141046e-08 	
1.850000e+03 	1.000000e+01 	1.000000e+01 	1.043869e-07 	1.374087e-08 	1.374087e-08 	
1.870000e+03 	1.000000e+01 	1.000000e+01 	1.014745e-07 	1.646992e-08 	1.646992e-08 	
1.890000e+03 	1.000000e+01 	1.000000e+01 	8.593534e-08 	9.707425e-09 	9.707425e-09 	
1.910000e+03 	1.000000e+01 	1.000000e+01 	7.743411e-08 	1.205452e-08 	1.205452e-08 	
1.930000e+03 	1.000000e+01 	1.000000e+01 	8.298097e-08 	1.346815e-08 	1.346815e-08 	
1.950000e+03 	1.000000e+01 	1.000000e+01 	7.070226e-08 	1.097010e-08 	1.097010e-08 	
1.970000e+03 	1.000000e+01 	1.000000e+01 	6.741781e-08 	7.711366e-09 	7.711366e-09 	
1.990000e+03 	1.000000e+01 	1.000000e+01 	5.157076e-08 	5.481976e-09 	5.481976e-09 	
END SCATTER2D

BEGIN SCATTER2D /COMETA_ZZ_production_analysis/m3l
Path=/COMETA_ZZ_production_analysis/m3l
ScaledBy=1.07706345496762996e-05
Title=~
# val1       	err1-        	err1+        	val2         	err2-        	err2+        	
5.000000e+00 	5.000000e+00 	5.000000e+00 	0.000000e+00 	0.000000e+00 	0.000000e+00 	
1.500000e+01 	5.000000e+00 	5.000000e+00 	0.000000e+00 	0.000000e+00 	0.000000e+00 	
2.500000e+01 	5.000000e+00 	5.000000e+00 	0.000000e+00 	0.000000e+00 	0.000000e+00 	
3.500000e+01 	5.000000e+00 	5.000000e+00 	0.000000e+00 	0.000000e+00 	0.000000e+00 	
4.500000e+01 	5.000000e+00 	5.000000e+00 	0.000000e+00 	0.000000e+00 	0.000000e+00 	
5.500000e+01 	5.000000e+00 	5.000000e+00 	0.000000e+00 	0.000000e+00 	0.000000e+00 	
6.500000e+01 	5.000000e+00 	5.000000e+00 	0.000000e+00 	0.000000e+00 	0.000000e+00 	
7.500000e+01 	5.000000e+00 	5.000000e+00 	0.000000e+00 	0.000000e+00 	0.000000e+00 	
8.500000e+01 	5.000000e+00 	5.000000e+00 	4.656758e-06 	4.713789e-07 	4.713789e-07 	
9.500000e+01 	5.000000e+00 	5.000000e+00 	5.337785e-04 	5.151146e-06 	5.151146e-06 	
1.050000e+02 	5.000000e+00 	5.000000e+00 	4.870439e-03 	1.530626e-05 	1.530626e-05 	
1.150000e+02 	5.000000e+00 	5.000000e+00 	1.298002e-02 	2.347493e-05 	2.347493e-05 	
1.250000e+02 	5.000000e+00 	5.000000e+00 	2.132241e-02 	2.958772e-05 	2.958772e-05 	
1.350000e+02 	5.000000e+00 	5.000000e+00 	2.553002e-02 	3.633100e-05 	3.633100e-05 	
1.450000e+02 	5.000000e+00 	5.000000e+00 	2.371017e-02 	3.267695e-05 	3.267695e-05 	
1.550000e+02 	5.000000e+00 	5.000000e+00 	2.037920e-02 	3.037501e-05 	3.037501e-05 	
1.650000e+02 	5.000000e+00 	5.000000e+00 	1.670668e-02 	2.722967e-05 	2.722967e-05 	
1.750000e+02 	5.000000e+00 	5.000000e+00 	1.357261e-02 	2.485991e-05 	2.485991e-05 	
1.850000e+02 	5.000000e+00 	5.000000e+00 	1.090626e-02 	2.208576e-05 	2.208576e-05 	
1.950000e+02 	5.000000e+00 	5.000000e+00 	8.765349e-03 	1.989244e-05 	1.989244e-05 	
2.050000e+02 	5.000000e+00 	5.000000e+00 	7.079898e-03 	1.800010e-05 	1.800010e-05 	
2.150000e+02 	5.000000e+00 	5.000000e+00 	5.714203e-03 	1.628577e-05 	1.628577e-05 	
2.250000e+02 	5.000000e+00 	5.000000e+00 	4.664313e-03 	1.473687e-05 	1.473687e-05 	
2.350000e+02 	5.000000e+00 	5.000000e+00 	3.777737e-03 	1.344955e-05 	1.344955e-05 	
2.450000e+02 	5.000000e+00 	5.000000e+00 	3.119173e-03 	1.233257e-05 	1.233257e-05 	
2.550000e+02 	5.000000e+00 	5.000000e+00 	2.590014e-03 	1.140859e-05 	1.140859e-05 	
2.650000e+02 	5.000000e+00 	5.000000e+00 	2.131618e-03 	1.061139e-05 	1.061139e-05 	
2.750000e+02 	5.000000e+00 	5.000000e+00 	1.808406e-03 	9.888811e-06 	9.888811e-06 	
2.850000e+02 	5.000000e+00 	5.000000e+00 	1.502411e-03 	9.040961e-06 	9.040961e-06 	
2.950000e+02 	5.000000e+00 	5.000000e+00 	1.263747e-03 	8.780435e-06 	8.780435e-06 	
3.050000e+02 	5.000000e+00 	5.000000e+00 	1.094456e-03 	8.264750e-06 	8.264750e-06 	
3.150000e+02 	5.000000e+00 	5.000000e+00 	9.173860e-04 	7.383924e-06 	7.383924e-06 	
3.250000e+02 	5.000000e+00 	5.000000e+00 	7.845040e-04 	6.832238e-06 	6.832238e-06 	
3.350000e+02 	5.000000e+00 	5.000000e+00 	6.753846e-04 	6.515626e-06 	6.515626e-06 	
3.450000e+02 	5.000000e+00 	5.000000e+00 	5.883080e-04 	6.778082e-06 	6.778082e-06 	
3.550000e+02 	5.000000e+00 	5.000000e+00 	5.030227e-04 	5.666264e-06 	5.666264e-06 	
3.650000e+02 	5.000000e+00 	5.000000e+00 	4.368928e-04 	5.413838e-06 	5.413838e-06 	
3.750000e+02 	5.000000e+00 	5.000000e+00 	3.739567e-04 	4.689004e-06 	4.689004e-06 	
3.850000e+02 	5.000000e+00 	5.000000e+00 	3.359170e-04 	4.953545e-06 	4.953545e-06 	
3.950000e+02 	5.000000e+00 	5.000000e+00 	2.923829e-04 	4.450088e-06 	4.450088e-06 	
4.050000e+02 	5.000000e+00 	5.000000e+00 	2.594236e-04 	4.306068e-06 	4.306068e-06 	
4.150000e+02 	5.000000e+00 	5.000000e+00 	2.187704e-04 	3.956608e-06 	3.956608e-06 	
4.250000e+02 	5.000000e+00 	5.000000e+00 	1.950831e-04 	3.708178e-06 	3.708178e-06 	
4.350000e+02 	5.000000e+00 	5.000000e+00 	1.697680e-04 	3.364808e-06 	3.364808e-06 	
4.450000e+02 	5.000000e+00 	5.000000e+00 	1.559896e-04 	3.518860e-06 	3.518860e-06 	
4.550000e+02 	5.000000e+00 	5.000000e+00 	1.351468e-04 	3.171552e-06 	3.171552e-06 	
4.650000e+02 	5.000000e+00 	5.000000e+00 	1.188203e-04 	3.021462e-06 	3.021462e-06 	
4.750000e+02 	5.000000e+00 	5.000000e+00 	1.119764e-04 	2.761052e-06 	2.761052e-06 	
4.850000e+02 	5.000000e+00 	5.000000e+00 	9.665193e-05 	2.709081e-06 	2.709081e-06 	
4.950000e+02 	5.000000e+00 	5.000000e+00 	8.527483e-05 	3.143946e-06 	3.143946e-06 	
5.050000e+02 	5.000000e+00 	5.000000e+00 	8.222982e-05 	2.526819e-06 	2.526819e-06 	
5.150000e+02 	5.000000e+00 	5.000000e+00 	7.025171e-05 	2.235575e-06 	2.235575e-06 	
5.250000e+02 	5.000000e+00 	5.000000e+00 	6.451952e-05 	3.162303e-06 	3.162303e-06 	
5.350000e+02 	5.000000e+00 	5.000000e+00 	5.788104e-05 	1.970924e-06 	1.970924e-06 	
5.450000e+02 	5.000000e+00 	5.000000e+00 	5.458553e-05 	2.151827e-06 	2.151827e-06 	
5.550000e+02 	5.000000e+00 	5.000000e+00 	4.383738e-05 	2.293884e-06 	2.293884e-06 	
5.650000e+02 	5.000000e+00 	5.000000e+00 	4.237555e-05 	2.104781e-06 	2.104781e-06 	
5.750000e+02 	5.000000e+00 	5.000000e+00 	3.814262e-05 	1.396555e-06 	1.396555e-06 	
5.850000e+02 	5.000000e+00 	5.000000e+00 	3.523413e-05 	1.606564e-06 	1.606564e-06 	
5.950000e+02 	5.000000e+00 	5.000000e+00 	3.236146e-05 	1.643225e-06 	1.643225e-06 	
6.050000e+02 	5.000000e+00 	5.000000e+00 	3.125290e-05 	1.415519e-06 	1.415519e-06 	
6.150000e+02 	5.000000e+00 	5.000000e+00 	2.573789e-05 	1.013445e-06 	1.013445e-06 	
6.250000e+02 	5.000000e+00 	5.000000e+00 	2.351262e-05 	1.165991e-06 	1.165991e-06 	
6.350000e+02 	5.000000e+00 	5.000000e+00 	2.075440e-05 	1.216209e-06 	1.216209e-06 	
6.450000e+02 	5.000000e+00 	5.000000e+00 	2.089930e-05 	1.265588e-06 	1.265588e-06 	
6.550000e+02 	5.000000e+00 	5.000000e+00 	1.633303e-05 	8.803358e-07 	8.803358e-07 	
6.650000e+02 	5.000000e+00 	5.000000e+00 	1.849496e-05 	9.989613e-07 	9.989613e-07 	
6.750000e+02 	5.000000e+00 	5.000000e+00 	1.652778e-05 	9.725762e-07 	9.725762e-07 	
6.850000e+02 	5.000000e+00 	5.000000e+00 	1.658085e-05 	1.108655e-06 	1.108655e-06 	
6.950000e+02 	5.000000e+00 	5.000000e+00 	1.225694e-05 	9.455431e-07 	9.455431e-07 	
7.050000e+02 	5.000000e+00 	5.000000e+00 	1.069328e-05 	5.704874e-07 	5.704874e-07 	
7.150000e+02 	5.000000e+00 	5.000000e+00 	1.065403e-05 	7.241271e-07 	7.241271e-07 	
7.250000e+02 	5.000000e+00 	5.000000e+00 	9.808421e-06 	6.728198e-07 	6.728198e-07 	
7.350000e+02 	5.000000e+00 	5.000000e+00 	8.171365e-06 	4.347430e-07 	4.347430e-07 	
7.450000e+02 	5.000000e+00 	5.000000e+00 	7.757583e-06 	5.084404e-07 	5.084404e-07 	
7.550000e+02 	5.000000e+00 	5.000000e+00 	8.754078e-06 	7.315600e-07 	7.315600e-07 	
7.650000e+02 	5.000000e+00 	5.000000e+00 	8.104651e-06 	6.245785e-07 	6.245785e-07 	
7.750000e+02 	5.000000e+00 	5.000000e+00 	6.252887e-06 	4.043665e-07 	4.043665e-07 	
7.850000e+02 	5.000000e+00 	5.000000e+00 	5.748129e-06 	3.672440e-07 	3.672440e-07 	
7.950000e+02 	5.000000e+00 	5.000000e+00 	6.217994e-06 	5.303164e-07 	5.303164e-07 	
8.050000e+02 	5.000000e+00 	5.000000e+00 	4.774449e-06 	2.834872e-07 	2.834872e-07 	
8.150000e+02 	5.000000e+00 	5.000000e+00 	4.193871e-06 	2.542510e-07 	2.542510e-07 	
8.250000e+02 	5.000000e+00 	5.000000e+00 	5.236259e-06 	4.128894e-07 	4.128894e-07 	
8.350000e+02 	5.000000e+00 	5.000000e+00 	4.225492e-06 	3.144892e-07 	3.144892e-07 	
8.450000e+02 	5.000000e+00 	5.000000e+00 	3.853060e-06 	3.173669e-07 	3.173669e-07 	
8.550000e+02 	5.000000e+00 	5.000000e+00 	3.880509e-06 	3.934065e-07 	3.934065e-07 	
8.650000e+02 	5.000000e+00 	5.000000e+00 	3.230384e-06 	2.288018e-07 	2.288018e-07 	
8.750000e+02 	5.000000e+00 	5.000000e+00 	3.027237e-06 	2.526901e-07 	2.526901e-07 	
8.850000e+02 	5.000000e+00 	5.000000e+00 	3.388900e-06 	3.821134e-07 	3.821134e-07 	
8.950000e+02 	5.000000e+00 	5.000000e+00 	3.519122e-06 	5.052649e-07 	5.052649e-07 	
9.050000e+02 	5.000000e+00 	5.000000e+00 	2.734116e-06 	3.340117e-07 	3.340117e-07 	
9.150000e+02 	5.000000e+00 	5.000000e+00 	2.584319e-06 	2.442336e-07 	2.442336e-07 	
9.250000e+02 	5.000000e+00 	5.000000e+00 	2.172555e-06 	2.295558e-07 	2.295558e-07 	
9.350000e+02 	5.000000e+00 	5.000000e+00 	2.361238e-06 	2.612428e-07 	2.612428e-07 	
9.450000e+02 	5.000000e+00 	5.000000e+00 	2.059698e-06 	2.572304e-07 	2.572304e-07 	
9.550000e+02 	5.000000e+00 	5.000000e+00 	1.882751e-06 	1.665291e-07 	1.665291e-07 	
9.650000e+02 	5.000000e+00 	5.000000e+00 	1.765460e-06 	1.721892e-07 	1.721892e-07 	
9.750000e+02 	5.000000e+00 	5.000000e+00 	1.495238e-06 	1.547834e-07 	1.547834e-07 	
9.850000e+02 	5.000000e+00 	5.000000e+00 	1.701630e-06 	1.958950e-07 	1.958950e-07 	
9.950000e+02 	5.000000e+00 	5.000000e+00 	1.429546e-06 	1.622389e-07 	1.622389e-07 	
END SCATTER2D

BEGIN SCATTER2D /COMETA_ZZ_production_analysis/mpp
Path=/COMETA_ZZ_production_analysis/mpp
ScaledBy=1.07706345496762996e-05
Title=~
# val1       	err1-        	err1+        	val2         	err2-        	err2+        	
5.000000e+00 	5.000000e+00 	5.000000e+00 	1.553695e-03 	8.253249e-06 	8.253249e-06 	
1.500000e+01 	5.000000e+00 	5.000000e+00 	4.759023e-03 	1.631259e-05 	1.631259e-05 	
2.500000e+01 	5.000000e+00 	5.000000e+00 	7.790034e-03 	1.838651e-05 	1.838651e-05 	
3.500000e+01 	5.000000e+00 	5.000000e+00 	1.068814e-02 	2.167052e-05 	2.167052e-05 	
4.500000e+01 	5.000000e+00 	5.000000e+00 	1.344669e-02 	2.412540e-05 	2.412540e-05 	
5.500000e+01 	5.000000e+00 	5.000000e+00 	1.596995e-02 	2.619545e-05 	2.619545e-05 	
6.500000e+01 	5.000000e+00 	5.000000e+00 	1.783289e-02 	2.986027e-05 	2.986027e-05 	
7.500000e+01 	5.000000e+00 	5.000000e+00 	1.878170e-02 	2.874029e-05 	2.874029e-05 	
8.500000e+01 	5.000000e+00 	5.000000e+00 	1.824523e-02 	2.849835e-05 	2.849835e-05 	
9.500000e+01 	5.000000e+00 	5.000000e+00 	1.650758e-02 	2.773821e-05 	2.773821e-05 	
1.050000e+02 	5.000000e+00 	5.000000e+00 	1.406500e-02 	2.551646e-05 	2.551646e-05 	
1.150000e+02 	5.000000e+00 	5.000000e+00 	1.162940e-02 	2.341231e-05 	2.341231e-05 	
1.250000e+02 	5.000000e+00 	5.000000e+00 	9.469811e-03 	2.095693e-05 	2.095693e-05 	
1.350000e+02 	5.000000e+00 	5.000000e+00 	7.594830e-03 	1.870791e-05 	1.870791e-05 	
1.450000e+02 	5.000000e+00 	5.000000e+00 	6.096784e-03 	1.677939e-05 	1.677939e-05 	
1.550000e+02 	5.000000e+00 	5.000000e+00 	4.889646e-03 	1.537192e-05 	1.537192e-05 	
1.650000e+02 	5.000000e+00 	5.000000e+00 	3.911050e-03 	1.385776e-05 	1.385776e-05 	
1.750000e+02 	5.000000e+00 	5.000000e+00 	3.136551e-03 	1.229417e-05 	1.229417e-05 	
1.850000e+02 	5.000000e+00 	5.000000e+00 	2.544858e-03 	1.137859e-05 	1.137859e-05 	
1.950000e+02 	5.000000e+00 	5.000000e+00 	2.075088e-03 	1.060322e-05 	1.060322e-05 	
2.050000e+02 	5.000000e+00 	5.000000e+00 	1.665997e-03 	9.563000e-06 	9.563000e-06 	
2.150000e+02 	5.000000e+00 	5.000000e+00 	1.376434e-03 	8.843399e-06 	8.843399e-06 	
2.250000e+02 	5.000000e+00 	5.000000e+00 	1.118416e-03 	7.698392e-06 	7.698392e-06 	
2.350000e+02 	5.000000e+00 	5.000000e+00 	9.275757e-04 	7.349664e-06 	7.349664e-06 	
2.450000e+02 	5.000000e+00 	5.000000e+00 	7.785823e-04 	6.725402e-06 	6.725402e-06 	
2.550000e+02 	5.000000e+00 	5.000000e+00 	6.489010e-04 	7.251831e-06 	7.251831e-06 	
2.650000e+02 	5.000000e+00 	5.000000e+00 	5.320197e-04 	5.664923e-06 	5.664923e-06 	
2.750000e+02 	5.000000e+00 	5.000000e+00 	4.568478e-04 	5.522292e-06 	5.522292e-06 	
2.850000e+02 	5.000000e+00 	5.000000e+00 	3.853584e-04 	5.295071e-06 	5.295071e-06 	
2.950000e+02 	5.000000e+00 	5.000000e+00 	3.191499e-04 	4.938385e-06 	4.938385e-06 	
3.050000e+02 	5.000000e+00 	5.000000e+00 	2.737621e-04 	4.241246e-06 	4.241246e-06 	
3.150000e+02 	5.000000e+00 	5.000000e+00 	2.371003e-04 	3.981423e-06 	3.981423e-06 	
3.250000e+02 	5.000000e+00 	5.000000e+00 	1.992452e-04 	3.820355e-06 	3.820355e-06 	
3.350000e+02 	5.000000e+00 	5.000000e+00 	1.786710e-04 	3.702659e-06 	3.702659e-06 	
3.450000e+02 	5.000000e+00 	5.000000e+00 	1.493676e-04 	3.113439e-06 	3.113439e-06 	
3.550000e+02 	5.000000e+00 	5.000000e+00 	1.311024e-04 	3.297048e-06 	3.297048e-06 	
3.650000e+02 	5.000000e+00 	5.000000e+00 	1.139213e-04 	3.274154e-06 	3.274154e-06 	
3.750000e+02 	5.000000e+00 	5.000000e+00 	1.012855e-04 	2.598076e-06 	2.598076e-06 	
3.850000e+02 	5.000000e+00 	5.000000e+00 	8.547769e-05 	2.371535e-06 	2.371535e-06 	
3.950000e+02 	5.000000e+00 	5.000000e+00 	7.433355e-05 	2.643845e-06 	2.643845e-06 	
4.050000e+02 	5.000000e+00 	5.000000e+00 	6.622087e-05 	2.093019e-06 	2.093019e-06 	
4.150000e+02 	5.000000e+00 	5.000000e+00 	5.758049e-05 	1.936964e-06 	1.936964e-06 	
4.250000e+02 	5.000000e+00 	5.000000e+00 	5.205587e-05 	1.751677e-06 	1.751677e-06 	
4.350000e+02 	5.000000e+00 	5.000000e+00 	4.410459e-05 	1.586796e-06 	1.586796e-06 	
4.450000e+02 	5.000000e+00 	5.000000e+00 	4.172490e-05 	1.529771e-06 	1.529771e-06 	
4.550000e+02 	5.000000e+00 	5.000000e+00 	3.737148e-05 	1.453131e-06 	1.453131e-06 	
4.650000e+02 	5.000000e+00 	5.000000e+00 	2.902163e-05 	1.629533e-06 	1.629533e-06 	
4.750000e+02 	5.000000e+00 	5.000000e+00 	2.978718e-05 	1.382356e-06 	1.382356e-06 	
4.850000e+02 	5.000000e+00 	5.000000e+00 	2.609101e-05 	1.180666e-06 	1.180666e-06 	
4.950000e+02 	5.000000e+00 	5.000000e+00 	2.277944e-05 	1.198183e-06 	1.198183e-06 	
5.050000e+02 	5.000000e+00 	5.000000e+00 	2.004046e-05 	9.361787e-07 	9.361787e-07 	
5.150000e+02 	5.000000e+00 	5.000000e+00 	1.967461e-05 	1.315968e-06 	1.315968e-06 	
5.250000e+02 	5.000000e+00 	5.000000e+00 	1.608087e-05 	9.384103e-07 	9.384103e-07 	
5.350000e+02 	5.000000e+00 	5.000000e+00 	1.511982e-05 	1.012079e-06 	1.012079e-06 	
5.450000e+02 	5.000000e+00 	5.000000e+00 	1.359897e-05 	8.831019e-07 	8.831019e-07 	
5.550000e+02 	5.000000e+00 	5.000000e+00 	1.164215e-05 	6.951363e-07 	6.951363e-07 	
5.650000e+02 	5.000000e+00 	5.000000e+00 	1.094108e-05 	6.547356e-07 	6.547356e-07 	
5.750000e+02 	5.000000e+00 	5.000000e+00 	9.440820e-06 	5.347809e-07 	5.347809e-07 	
5.850000e+02 	5.000000e+00 	5.000000e+00 	8.890816e-06 	5.562020e-07 	5.562020e-07 	
5.950000e+02 	5.000000e+00 	5.000000e+00 	9.070571e-06 	7.632467e-07 	7.632467e-07 	
6.050000e+02 	5.000000e+00 	5.000000e+00 	6.916562e-06 	5.498838e-07 	5.498838e-07 	
6.150000e+02 	5.000000e+00 	5.000000e+00 	6.339626e-06 	4.298977e-07 	4.298977e-07 	
6.250000e+02 	5.000000e+00 	5.000000e+00 	5.988496e-06 	5.844752e-07 	5.844752e-07 	
6.350000e+02 	5.000000e+00 	5.000000e+00 	6.817345e-06 	9.826445e-07 	9.826445e-07 	
6.450000e+02 	5.000000e+00 	5.000000e+00 	4.731194e-06 	4.011158e-07 	4.011158e-07 	
6.550000e+02 	5.000000e+00 	5.000000e+00 	4.046887e-06 	3.372418e-07 	3.372418e-07 	
6.650000e+02 	5.000000e+00 	5.000000e+00 	3.956574e-06 	2.736607e-07 	2.736607e-07 	
6.750000e+02 	5.000000e+00 	5.000000e+00 	4.085424e-06 	3.568632e-07 	3.568632e-07 	
6.850000e+02 	5.000000e+00 	5.000000e+00 	3.611593e-06 	3.317112e-07 	3.317112e-07 	
6.950000e+02 	5.000000e+00 	5.000000e+00 	3.228362e-06 	2.890463e-07 	2.890463e-07 	
7.050000e+02 	5.000000e+00 	5.000000e+00 	2.713118e-06 	2.019779e-07 	2.019779e-07 	
7.150000e+02 	5.000000e+00 	5.000000e+00 	2.632396e-06 	2.704205e-07 	2.704205e-07 	
7.250000e+02 	5.000000e+00 	5.000000e+00 	2.786930e-06 	2.863288e-07 	2.863288e-07 	
7.350000e+02 	5.000000e+00 	5.000000e+00 	2.028446e-06 	2.012908e-07 	2.012908e-07 	
7.450000e+02 	5.000000e+00 	5.000000e+00 	2.147281e-06 	1.945919e-07 	1.945919e-07 	
7.550000e+02 	5.000000e+00 	5.000000e+00 	1.842139e-06 	2.226896e-07 	2.226896e-07 	
7.650000e+02 	5.000000e+00 	5.000000e+00 	1.926599e-06 	1.925335e-07 	1.925335e-07 	
7.750000e+02 	5.000000e+00 	5.000000e+00 	1.657724e-06 	2.016314e-07 	2.016314e-07 	
7.850000e+02 	5.000000e+00 	5.000000e+00 	1.560847e-06 	1.660449e-07 	1.660449e-07 	
7.950000e+02 	5.000000e+00 	5.000000e+00 	1.312470e-06 	1.082758e-07 	1.082758e-07 	
END SCATTER2D

BEGIN SCATTER2D /COMETA_ZZ_production_analysis/mee
Path=/COMETA_ZZ_production_analysis/mee
ScaledBy=1.07706345496762996e-05
Title=~
# val1       	err1-        	err1+        	val2         	err2-        	err2+        	
8.125000e+01 	2.500000e-01 	2.500000e-01 	8.255532e-03 	8.692219e-05 	8.692219e-05 	
8.175000e+01 	2.500000e-01 	2.500000e-01 	9.050121e-03 	8.952173e-05 	8.952173e-05 	
8.225000e+01 	2.500000e-01 	2.500000e-01 	1.016150e-02 	1.019009e-04 	1.019009e-04 	
8.275000e+01 	2.500000e-01 	2.500000e-01 	1.135127e-02 	1.019376e-04 	1.019376e-04 	
8.325000e+01 	2.500000e-01 	2.500000e-01 	1.292448e-02 	1.104438e-04 	1.104438e-04 	
8.375000e+01 	2.500000e-01 	2.500000e-01 	1.480945e-02 	1.166947e-04 	1.166947e-04 	
8.425000e+01 	2.500000e-01 	2.500000e-01 	1.700967e-02 	1.259703e-04 	1.259703e-04 	
8.475000e+01 	2.500000e-01 	2.500000e-01 	1.952605e-02 	1.314235e-04 	1.314235e-04 	
8.525000e+01 	2.500000e-01 	2.500000e-01 	2.317962e-02 	1.471024e-04 	1.471024e-04 	
8.575000e+01 	2.500000e-01 	2.500000e-01 	2.740733e-02 	1.563218e-04 	1.563218e-04 	
8.625000e+01 	2.500000e-01 	2.500000e-01 	3.315060e-02 	1.739743e-04 	1.739743e-04 	
8.675000e+01 	2.500000e-01 	2.500000e-01 	4.072704e-02 	1.929736e-04 	1.929736e-04 	
8.725000e+01 	2.500000e-01 	2.500000e-01 	5.092091e-02 	2.142070e-04 	2.142070e-04 	
8.775000e+01 	2.500000e-01 	2.500000e-01 	6.496594e-02 	2.424262e-04 	2.424262e-04 	
8.825000e+01 	2.500000e-01 	2.500000e-01 	8.628314e-02 	2.799676e-04 	2.799676e-04 	
8.875000e+01 	2.500000e-01 	2.500000e-01 	1.169560e-01 	3.248597e-04 	3.248597e-04 	
8.925000e+01 	2.500000e-01 	2.500000e-01 	1.670194e-01 	3.925439e-04 	3.925439e-04 	
8.975000e+01 	2.500000e-01 	2.500000e-01 	2.456409e-01 	5.233263e-04 	5.233263e-04 	
9.025000e+01 	2.500000e-01 	2.500000e-01 	3.646680e-01 	5.774612e-04 	5.774612e-04 	
9.075000e+01 	2.500000e-01 	2.500000e-01 	5.008664e-01 	6.823293e-04 	6.823293e-04 	
9.125000e+01 	2.500000e-01 	2.500000e-01 	5.480177e-01 	7.083525e-04 	7.083525e-04 	
9.175000e+01 	2.500000e-01 	2.500000e-01 	4.565939e-01 	6.675068e-04 	6.675068e-04 	
9.225000e+01 	2.500000e-01 	2.500000e-01 	3.202953e-01 	5.424159e-04 	5.424159e-04 	
9.275000e+01 	2.500000e-01 	2.500000e-01 	2.157903e-01 	4.452480e-04 	4.452480e-04 	
9.325000e+01 	2.500000e-01 	2.500000e-01 	1.489658e-01 	3.710404e-04 	3.710404e-04 	
9.375000e+01 	2.500000e-01 	2.500000e-01 	1.069225e-01 	3.156166e-04 	3.156166e-04 	
9.425000e+01 	2.500000e-01 	2.500000e-01 	7.949275e-02 	2.761701e-04 	2.761701e-04 	
9.475000e+01 	2.500000e-01 	2.500000e-01 	6.082922e-02 	2.383341e-04 	2.383341e-04 	
9.525000e+01 	2.500000e-01 	2.500000e-01 	4.831379e-02 	2.108353e-04 	2.108353e-04 	
9.575000e+01 	2.500000e-01 	2.500000e-01 	3.939666e-02 	1.915984e-04 	1.915984e-04 	
9.625000e+01 	2.500000e-01 	2.500000e-01 	3.197363e-02 	1.709974e-04 	1.709974e-04 	
9.675000e+01 	2.500000e-01 	2.500000e-01 	2.668310e-02 	1.620660e-04 	1.620660e-04 	
9.725000e+01 	2.500000e-01 	2.500000e-01 	2.299228e-02 	1.444215e-04 	1.444215e-04 	
9.775000e+01 	2.500000e-01 	2.500000e-01 	1.970167e-02 	1.350314e-04 	1.350314e-04 	
9.825000e+01 	2.500000e-01 	2.500000e-01 	1.703342e-02 	1.227018e-04 	1.227018e-04 	
9.875000e+01 	2.500000e-01 	2.500000e-01 	1.475282e-02 	1.129596e-04 	1.129596e-04 	
9.925000e+01 	2.500000e-01 	2.500000e-01 	1.306112e-02 	1.081364e-04 	1.081364e-04 	
9.975000e+01 	2.500000e-01 	2.500000e-01 	1.178793e-02 	1.022977e-04 	1.022977e-04 	
1.002500e+02 	2.500000e-01 	2.500000e-01 	1.046441e-02 	9.592754e-05 	9.592754e-05 	
1.007500e+02 	2.500000e-01 	2.500000e-01 	9.507864e-03 	9.286232e-05 	9.286232e-05 	
END SCATTER2D

BEGIN SCATTER2D /COMETA_ZZ_production_analysis/pt4l
Path=/COMETA_ZZ_production_analysis/pt4l
ScaledBy=1.07706345496762996e-05
Title=~
# val1       	err1-        	err1+        	val2         	err2-        	err2+        	
2.500000e+00 	2.500000e+00 	2.500000e+00 	5.080465e-02 	6.689722e-05 	6.689722e-05 	
7.500000e+00 	2.500000e+00 	2.500000e+00 	6.614530e-02 	6.694411e-05 	6.694411e-05 	
1.250000e+01 	2.500000e+00 	2.500000e+00 	4.941339e-02 	5.821741e-05 	5.821741e-05 	
1.750000e+01 	2.500000e+00 	2.500000e+00 	3.706496e-02 	5.091816e-05 	5.091816e-05 	
2.250000e+01 	2.500000e+00 	2.500000e+00 	2.880968e-02 	4.559066e-05 	4.559066e-05 	
2.750000e+01 	2.500000e+00 	2.500000e+00 	2.306883e-02 	4.143044e-05 	4.143044e-05 	
3.250000e+01 	2.500000e+00 	2.500000e+00 	1.882620e-02 	3.832781e-05 	3.832781e-05 	
3.750000e+01 	2.500000e+00 	2.500000e+00 	1.571723e-02 	3.667702e-05 	3.667702e-05 	
4.250000e+01 	2.500000e+00 	2.500000e+00 	1.326170e-02 	3.425528e-05 	3.425528e-05 	
4.750000e+01 	2.500000e+00 	2.500000e+00 	1.126824e-02 	3.296996e-05 	3.296996e-05 	
5.250000e+01 	2.500000e+00 	2.500000e+00 	9.664861e-03 	3.136738e-05 	3.136738e-05 	
5.750000e+01 	2.500000e+00 	2.500000e+00 	8.357338e-03 	3.062772e-05 	3.062772e-05 	
6.250000e+01 	2.500000e+00 	2.500000e+00 	7.250198e-03 	3.007423e-05 	3.007423e-05 	
6.750000e+01 	2.500000e+00 	2.500000e+00 	6.249981e-03 	2.925971e-05 	2.925971e-05 	
7.250000e+01 	2.500000e+00 	2.500000e+00 	5.454874e-03 	2.909156e-05 	2.909156e-05 	
7.750000e+01 	2.500000e+00 	2.500000e+00 	4.682241e-03 	2.868284e-05 	2.868284e-05 	
8.250000e+01 	2.500000e+00 	2.500000e+00 	4.125502e-03 	2.875364e-05 	2.875364e-05 	
8.750000e+01 	2.500000e+00 	2.500000e+00 	3.493449e-03 	2.702719e-05 	2.702719e-05 	
9.250000e+01 	2.500000e+00 	2.500000e+00 	3.001012e-03 	2.561758e-05 	2.561758e-05 	
9.750000e+01 	2.500000e+00 	2.500000e+00 	2.806500e-03 	2.489162e-05 	2.489162e-05 	
1.025000e+02 	2.500000e+00 	2.500000e+00 	2.561440e-03 	2.427497e-05 	2.427497e-05 	
1.075000e+02 	2.500000e+00 	2.500000e+00 	2.272728e-03 	2.112332e-05 	2.112332e-05 	
1.125000e+02 	2.500000e+00 	2.500000e+00 	2.106420e-03 	2.136477e-05 	2.136477e-05 	
1.175000e+02 	2.500000e+00 	2.500000e+00 	1.895151e-03 	1.898802e-05 	1.898802e-05 	
1.225000e+02 	2.500000e+00 	2.500000e+00 	1.764021e-03 	1.848600e-05 	1.848600e-05 	
1.275000e+02 	2.500000e+00 	2.500000e+00 	1.626890e-03 	1.728765e-05 	1.728765e-05 	
1.325000e+02 	2.500000e+00 	2.500000e+00 	1.476502e-03 	1.637680e-05 	1.637680e-05 	
1.375000e+02 	2.500000e+00 	2.500000e+00 	1.365756e-03 	1.603084e-05 	1.603084e-05 	
1.425000e+02 	2.500000e+00 	2.500000e+00 	1.241021e-03 	1.476014e-05 	1.476014e-05 	
1.475000e+02 	2.500000e+00 	2.500000e+00 	1.177513e-03 	1.511391e-05 	1.511391e-05 	
1.525000e+02 	2.500000e+00 	2.500000e+00 	1.035349e-03 	1.348004e-05 	1.348004e-05 	
1.575000e+02 	2.500000e+00 	2.500000e+00 	9.440107e-04 	1.220576e-05 	1.220576e-05 	
1.625000e+02 	2.500000e+00 	2.500000e+00 	8.862417e-04 	1.167302e-05 	1.167302e-05 	
1.675000e+02 	2.500000e+00 	2.500000e+00 	8.321494e-04 	1.175188e-05 	1.175188e-05 	
1.725000e+02 	2.500000e+00 	2.500000e+00 	7.808295e-04 	1.130097e-05 	1.130097e-05 	
1.775000e+02 	2.500000e+00 	2.500000e+00 	7.036844e-04 	1.036188e-05 	1.036188e-05 	
1.825000e+02 	2.500000e+00 	2.500000e+00 	6.754185e-04 	1.047030e-05 	1.047030e-05 	
1.875000e+02 	2.500000e+00 	2.500000e+00 	6.128501e-04 	9.664797e-06 	9.664797e-06 	
1.925000e+02 	2.500000e+00 	2.500000e+00 	5.824567e-04 	9.903340e-06 	9.903340e-06 	
1.975000e+02 	2.500000e+00 	2.500000e+00 	5.307941e-04 	9.091834e-06 	9.091834e-06 	
2.025000e+02 	2.500000e+00 	2.500000e+00 	5.075948e-04 	9.004591e-06 	9.004591e-06 	
2.075000e+02 	2.500000e+00 	2.500000e+00 	4.537508e-04 	7.971689e-06 	7.971689e-06 	
2.125000e+02 	2.500000e+00 	2.500000e+00 	4.360825e-04 	8.945400e-06 	8.945400e-06 	
2.175000e+02 	2.500000e+00 	2.500000e+00 	4.032523e-04 	7.658339e-06 	7.658339e-06 	
2.225000e+02 	2.500000e+00 	2.500000e+00 	3.741866e-04 	7.716521e-06 	7.716521e-06 	
2.275000e+02 	2.500000e+00 	2.500000e+00 	3.572807e-04 	7.651517e-06 	7.651517e-06 	
2.325000e+02 	2.500000e+00 	2.500000e+00 	3.273922e-04 	7.027521e-06 	7.027521e-06 	
2.375000e+02 	2.500000e+00 	2.500000e+00 	3.091033e-04 	6.931269e-06 	6.931269e-06 	
2.425000e+02 	2.500000e+00 	2.500000e+00 	2.824738e-04 	6.006466e-06 	6.006466e-06 	
2.475000e+02 	2.500000e+00 	2.500000e+00 	2.656713e-04 	6.094735e-06 	6.094735e-06 	
2.525000e+02 	2.500000e+00 	2.500000e+00 	2.477425e-04 	5.840689e-06 	5.840689e-06 	
2.575000e+02 	2.500000e+00 	2.500000e+00 	2.351759e-04 	5.804312e-06 	5.804312e-06 	
2.625000e+02 	2.500000e+00 	2.500000e+00 	2.149728e-04 	5.154748e-06 	5.154748e-06 	
2.675000e+02 	2.500000e+00 	2.500000e+00 	2.103456e-04 	5.403448e-06 	5.403448e-06 	
2.725000e+02 	2.500000e+00 	2.500000e+00 	1.869464e-04 	4.944634e-06 	4.944634e-06 	
2.775000e+02 	2.500000e+00 	2.500000e+00 	1.768031e-04 	4.722742e-06 	4.722742e-06 	
2.825000e+02 	2.500000e+00 	2.500000e+00 	1.738893e-04 	4.847137e-06 	4.847137e-06 	
2.875000e+02 	2.500000e+00 	2.500000e+00 	1.676291e-04 	5.227136e-06 	5.227136e-06 	
2.925000e+02 	2.500000e+00 	2.500000e+00 	1.515009e-04 	4.547057e-06 	4.547057e-06 	
2.975000e+02 	2.500000e+00 	2.500000e+00 	1.431243e-04 	4.071426e-06 	4.071426e-06 	
END SCATTER2D

BEGIN SCATTER2D /COMETA_ZZ_production_analysis/ptpp
Path=/COMETA_ZZ_production_analysis/ptpp
ScaledBy=1.07706345496762996e-05
Title=~
# val1       	err1-        	err1+        	val2         	err2-        	err2+        	
7.500000e+00 	7.500000e+00 	7.500000e+00 	7.920852e-03 	1.509842e-05 	1.509842e-05 	
2.250000e+01 	7.500000e+00 	7.500000e+00 	1.677488e-02 	2.239887e-05 	2.239887e-05 	
3.750000e+01 	7.500000e+00 	7.500000e+00 	2.085120e-02 	2.536138e-05 	2.536138e-05 	
5.250000e+01 	7.500000e+00 	7.500000e+00 	2.410929e-02 	2.717923e-05 	2.717923e-05 	
6.750000e+01 	7.500000e+00 	7.500000e+00 	2.562704e-02 	2.843202e-05 	2.843202e-05 	
8.250000e+01 	7.500000e+00 	7.500000e+00 	2.110170e-02 	2.523832e-05 	2.523832e-05 	
9.750000e+01 	7.500000e+00 	7.500000e+00 	9.085118e-03 	1.686710e-05 	1.686710e-05 	
1.125000e+02 	7.500000e+00 	7.500000e+00 	3.546955e-03 	1.158288e-05 	1.158288e-05 	
1.275000e+02 	7.500000e+00 	7.500000e+00 	1.777075e-03 	8.800080e-06 	8.800080e-06 	
1.425000e+02 	7.500000e+00 	7.500000e+00 	1.027122e-03 	6.886925e-06 	6.886925e-06 	
1.575000e+02 	7.500000e+00 	7.500000e+00 	6.562441e-04 	5.236590e-06 	5.236590e-06 	
1.725000e+02 	7.500000e+00 	7.500000e+00 	4.360270e-04 	4.224677e-06 	4.224677e-06 	
1.875000e+02 	7.500000e+00 	7.500000e+00 	3.111635e-04 	3.584153e-06 	3.584153e-06 	
2.025000e+02 	7.500000e+00 	7.500000e+00 	2.247068e-04 	3.010603e-06 	3.010603e-06 	
2.175000e+02 	7.500000e+00 	7.500000e+00 	1.695027e-04 	2.651580e-06 	2.651580e-06 	
2.325000e+02 	7.500000e+00 	7.500000e+00 	1.298076e-04 	2.387782e-06 	2.387782e-06 	
2.475000e+02 	7.500000e+00 	7.500000e+00 	9.384424e-05 	1.814278e-06 	1.814278e-06 	
2.625000e+02 	7.500000e+00 	7.500000e+00 	7.537379e-05 	1.665764e-06 	1.665764e-06 	
2.775000e+02 	7.500000e+00 	7.500000e+00 	5.597811e-05 	1.340877e-06 	1.340877e-06 	
2.925000e+02 	7.500000e+00 	7.500000e+00 	4.556399e-05 	1.335604e-06 	1.335604e-06 	
3.075000e+02 	7.500000e+00 	7.500000e+00 	3.868604e-05 	1.360671e-06 	1.360671e-06 	
3.225000e+02 	7.500000e+00 	7.500000e+00 	3.258606e-05 	1.235488e-06 	1.235488e-06 	
3.375000e+02 	7.500000e+00 	7.500000e+00 	2.486629e-05 	9.079372e-07 	9.079372e-07 	
3.525000e+02 	7.500000e+00 	7.500000e+00 	2.053500e-05 	8.534245e-07 	8.534245e-07 	
3.675000e+02 	7.500000e+00 	7.500000e+00 	1.647776e-05 	6.890866e-07 	6.890866e-07 	
3.825000e+02 	7.500000e+00 	7.500000e+00 	1.392686e-05 	6.753319e-07 	6.753319e-07 	
3.975000e+02 	7.500000e+00 	7.500000e+00 	1.109679e-05 	5.604777e-07 	5.604777e-07 	
4.125000e+02 	7.500000e+00 	7.500000e+00 	9.045534e-06 	4.841513e-07 	4.841513e-07 	
4.275000e+02 	7.500000e+00 	7.500000e+00 	8.119983e-06 	4.951603e-07 	4.951603e-07 	
4.425000e+02 	7.500000e+00 	7.500000e+00 	7.044146e-06 	5.512330e-07 	5.512330e-07 	
4.575000e+02 	7.500000e+00 	7.500000e+00 	5.848880e-06 	3.606094e-07 	3.606094e-07 	
4.725000e+02 	7.500000e+00 	7.500000e+00 	5.195687e-06 	3.234492e-07 	3.234492e-07 	
4.875000e+02 	7.500000e+00 	7.500000e+00 	4.249710e-06 	2.941129e-07 	2.941129e-07 	
5.025000e+02 	7.500000e+00 	7.500000e+00 	4.259325e-06 	3.209281e-07 	3.209281e-07 	
5.175000e+02 	7.500000e+00 	7.500000e+00 	3.503784e-06 	4.041564e-07 	4.041564e-07 	
5.325000e+02 	7.500000e+00 	7.500000e+00 	2.796325e-06 	2.691028e-07 	2.691028e-07 	
5.475000e+02 	7.500000e+00 	7.500000e+00 	2.638787e-06 	2.463225e-07 	2.463225e-07 	
5.625000e+02 	7.500000e+00 	7.500000e+00 	1.914046e-06 	1.610743e-07 	1.610743e-07 	
5.775000e+02 	7.500000e+00 	7.500000e+00 	1.933627e-06 	1.745763e-07 	1.745763e-07 	
5.925000e+02 	7.500000e+00 	7.500000e+00 	1.466064e-06 	1.262375e-07 	1.262375e-07 	
END SCATTER2D

BEGIN SCATTER2D /COMETA_ZZ_production_analysis/ptee
Path=/COMETA_ZZ_production_analysis/ptee
ScaledBy=1.07706345496762996e-05
Title=~
# val1       	err1-        	err1+        	val2         	err2-        	err2+        	
7.500000e+00 	7.500000e+00 	7.500000e+00 	1.836738e-02 	2.293860e-05 	2.293860e-05 	
2.250000e+01 	7.500000e+00 	7.500000e+00 	2.857872e-02 	2.999089e-05 	2.999089e-05 	
3.750000e+01 	7.500000e+00 	7.500000e+00 	2.373628e-02 	2.798247e-05 	2.798247e-05 	
5.250000e+01 	7.500000e+00 	7.500000e+00 	1.856241e-02 	2.502089e-05 	2.502089e-05 	
6.750000e+01 	7.500000e+00 	7.500000e+00 	1.378003e-02 	2.114390e-05 	2.114390e-05 	
8.250000e+01 	7.500000e+00 	7.500000e+00 	9.592356e-03 	1.736737e-05 	1.736737e-05 	
9.750000e+01 	7.500000e+00 	7.500000e+00 	6.517338e-03 	1.386906e-05 	1.386906e-05 	
1.125000e+02 	7.500000e+00 	7.500000e+00 	4.384545e-03 	1.093437e-05 	1.093437e-05 	
1.275000e+02 	7.500000e+00 	7.500000e+00 	2.950812e-03 	8.874568e-06 	8.874568e-06 	
1.425000e+02 	7.500000e+00 	7.500000e+00 	2.006040e-03 	7.388580e-06 	7.388580e-06 	
1.575000e+02 	7.500000e+00 	7.500000e+00 	1.417778e-03 	6.168142e-06 	6.168142e-06 	
1.725000e+02 	7.500000e+00 	7.500000e+00 	1.019415e-03 	5.220529e-06 	5.220529e-06 	
1.875000e+02 	7.500000e+00 	7.500000e+00 	7.265813e-04 	4.436119e-06 	4.436119e-06 	
2.025000e+02 	7.500000e+00 	7.500000e+00 	5.394418e-04 	3.787535e-06 	3.787535e-06 	
2.175000e+02 	7.500000e+00 	7.500000e+00 	4.129598e-04 	3.495568e-06 	3.495568e-06 	
2.325000e+02 	7.500000e+00 	7.500000e+00 	3.115779e-04 	3.242983e-06 	3.242983e-06 	
2.475000e+02 	7.500000e+00 	7.500000e+00 	2.404604e-04 	2.657460e-06 	2.657460e-06 	
2.625000e+02 	7.500000e+00 	7.500000e+00 	1.920506e-04 	2.486799e-06 	2.486799e-06 	
2.775000e+02 	7.500000e+00 	7.500000e+00 	1.522054e-04 	2.411314e-06 	2.411314e-06 	
2.925000e+02 	7.500000e+00 	7.500000e+00 	1.212394e-04 	2.171323e-06 	2.171323e-06 	
3.075000e+02 	7.500000e+00 	7.500000e+00 	9.602251e-05 	1.801103e-06 	1.801103e-06 	
3.225000e+02 	7.500000e+00 	7.500000e+00 	8.133462e-05 	1.805547e-06 	1.805547e-06 	
3.375000e+02 	7.500000e+00 	7.500000e+00 	6.739212e-05 	1.646793e-06 	1.646793e-06 	
3.525000e+02 	7.500000e+00 	7.500000e+00 	5.782518e-05 	1.687353e-06 	1.687353e-06 	
3.675000e+02 	7.500000e+00 	7.500000e+00 	4.409649e-05 	1.244716e-06 	1.244716e-06 	
3.825000e+02 	7.500000e+00 	7.500000e+00 	3.930903e-05 	1.192796e-06 	1.192796e-06 	
3.975000e+02 	7.500000e+00 	7.500000e+00 	3.344782e-05 	1.122311e-06 	1.122311e-06 	
4.125000e+02 	7.500000e+00 	7.500000e+00 	2.741236e-05 	9.349546e-07 	9.349546e-07 	
4.275000e+02 	7.500000e+00 	7.500000e+00 	2.383029e-05 	9.248797e-07 	9.248797e-07 	
4.425000e+02 	7.500000e+00 	7.500000e+00 	1.978870e-05 	8.141059e-07 	8.141059e-07 	
4.575000e+02 	7.500000e+00 	7.500000e+00 	1.802815e-05 	8.314949e-07 	8.314949e-07 	
4.725000e+02 	7.500000e+00 	7.500000e+00 	1.442321e-05 	8.519088e-07 	8.519088e-07 	
4.875000e+02 	7.500000e+00 	7.500000e+00 	1.276446e-05 	6.533044e-07 	6.533044e-07 	
5.025000e+02 	7.500000e+00 	7.500000e+00 	1.089999e-05 	6.323403e-07 	6.323403e-07 	
5.175000e+02 	7.500000e+00 	7.500000e+00 	9.634914e-06 	5.311930e-07 	5.311930e-07 	
5.325000e+02 	7.500000e+00 	7.500000e+00 	9.243172e-06 	5.985637e-07 	5.985637e-07 	
5.475000e+02 	7.500000e+00 	7.500000e+00 	7.362264e-06 	4.483444e-07 	4.483444e-07 	
5.625000e+02 	7.500000e+00 	7.500000e+00 	7.872279e-06 	4.965588e-07 	4.965588e-07 	
5.775000e+02 	7.500000e+00 	7.500000e+00 	5.602803e-06 	4.442654e-07 	4.442654e-07 	
5.925000e+02 	7.500000e+00 	7.500000e+00 	5.188567e-06 	3.488584e-07 	3.488584e-07 	
END SCATTER2D

BEGIN SCATTER2D /COMETA_ZZ_production_analysis/ptep
Path=/COMETA_ZZ_production_analysis/ptep
ScaledBy=1.07706345496762996e-05
Title=~
# val1       	err1-        	err1+        	val2         	err2-        	err2+        	
5.000000e+00 	5.000000e+00 	5.000000e+00 	1.180857e-03 	7.975228e-06 	7.975228e-06 	
1.500000e+01 	5.000000e+00 	5.000000e+00 	1.075665e-02 	2.304876e-05 	2.304876e-05 	
2.500000e+01 	5.000000e+00 	5.000000e+00 	2.599831e-02 	3.492599e-05 	3.492599e-05 	
3.500000e+01 	5.000000e+00 	5.000000e+00 	4.286146e-02 	4.477556e-05 	4.477556e-05 	
4.500000e+01 	5.000000e+00 	5.000000e+00 	4.556022e-02 	4.687252e-05 	4.687252e-05 	
5.500000e+01 	5.000000e+00 	5.000000e+00 	2.881624e-02 	3.706351e-05 	3.706351e-05 	
6.500000e+01 	5.000000e+00 	5.000000e+00 	1.649821e-02 	2.796437e-05 	2.796437e-05 	
7.500000e+01 	5.000000e+00 	5.000000e+00 	9.911806e-03 	2.111272e-05 	2.111272e-05 	
8.500000e+01 	5.000000e+00 	5.000000e+00 	6.219989e-03 	1.628277e-05 	1.628277e-05 	
9.500000e+01 	5.000000e+00 	5.000000e+00 	4.026793e-03 	1.307020e-05 	1.307020e-05 	
1.050000e+02 	5.000000e+00 	5.000000e+00 	2.632465e-03 	1.020172e-05 	1.020172e-05 	
1.150000e+02 	5.000000e+00 	5.000000e+00 	1.779497e-03 	8.281635e-06 	8.281635e-06 	
1.250000e+02 	5.000000e+00 	5.000000e+00 	1.234422e-03 	7.287957e-06 	7.287957e-06 	
1.350000e+02 	5.000000e+00 	5.000000e+00 	8.740721e-04 	5.922954e-06 	5.922954e-06 	
1.450000e+02 	5.000000e+00 	5.000000e+00 	6.324722e-04 	4.839746e-06 	4.839746e-06 	
1.550000e+02 	5.000000e+00 	5.000000e+00 	4.732198e-04 	4.204702e-06 	4.204702e-06 	
1.650000e+02 	5.000000e+00 	5.000000e+00 	3.620416e-04 	3.849664e-06 	3.849664e-06 	
1.750000e+02 	5.000000e+00 	5.000000e+00 	2.796082e-04 	3.421957e-06 	3.421957e-06 	
1.850000e+02 	5.000000e+00 	5.000000e+00 	2.143954e-04 	2.991621e-06 	2.991621e-06 	
1.950000e+02 	5.000000e+00 	5.000000e+00 	1.753299e-04 	2.980849e-06 	2.980849e-06 	
2.050000e+02 	5.000000e+00 	5.000000e+00 	1.339874e-04 	2.450851e-06 	2.450851e-06 	
2.150000e+02 	5.000000e+00 	5.000000e+00 	1.122293e-04 	2.389509e-06 	2.389509e-06 	
2.250000e+02 	5.000000e+00 	5.000000e+00 	9.453018e-05 	2.216726e-06 	2.216726e-06 	
2.350000e+02 	5.000000e+00 	5.000000e+00 	7.252603e-05 	1.777490e-06 	1.777490e-06 	
2.450000e+02 	5.000000e+00 	5.000000e+00 	6.373542e-05 	1.928553e-06 	1.928553e-06 	
2.550000e+02 	5.000000e+00 	5.000000e+00 	5.276296e-05 	1.738886e-06 	1.738886e-06 	
2.650000e+02 	5.000000e+00 	5.000000e+00 	4.123717e-05 	1.266134e-06 	1.266134e-06 	
2.750000e+02 	5.000000e+00 	5.000000e+00 	3.874935e-05 	1.488565e-06 	1.488565e-06 	
2.850000e+02 	5.000000e+00 	5.000000e+00 	3.128056e-05 	1.299735e-06 	1.299735e-06 	
2.950000e+02 	5.000000e+00 	5.000000e+00 	2.978333e-05 	1.184479e-06 	1.184479e-06 	
3.050000e+02 	5.000000e+00 	5.000000e+00 	2.371540e-05 	1.015954e-06 	1.015954e-06 	
3.150000e+02 	5.000000e+00 	5.000000e+00 	2.366435e-05 	1.426212e-06 	1.426212e-06 	
3.250000e+02 	5.000000e+00 	5.000000e+00 	1.829048e-05 	1.277913e-06 	1.277913e-06 	
3.350000e+02 	5.000000e+00 	5.000000e+00 	1.447979e-05 	7.730690e-07 	7.730690e-07 	
3.450000e+02 	5.000000e+00 	5.000000e+00 	1.378253e-05 	9.206289e-07 	9.206289e-07 	
3.550000e+02 	5.000000e+00 	5.000000e+00 	1.203718e-05 	7.134867e-07 	7.134867e-07 	
3.650000e+02 	5.000000e+00 	5.000000e+00 	1.021750e-05 	7.239620e-07 	7.239620e-07 	
3.750000e+02 	5.000000e+00 	5.000000e+00 	1.058707e-05 	7.445899e-07 	7.445899e-07 	
3.850000e+02 	5.000000e+00 	5.000000e+00 	8.113211e-06 	5.962730e-07 	5.962730e-07 	
3.950000e+02 	5.000000e+00 	5.000000e+00 	7.881644e-06 	7.722939e-07 	7.722939e-07 	
END SCATTER2D

BEGIN SCATTER2D /COMETA_ZZ_production_analysis/ptmm
Path=/COMETA_ZZ_production_analysis/ptmm
ScaledBy=1.07706345496762996e-05
Title=~
# val1       	err1-        	err1+        	val2         	err2-        	err2+        	
5.000000e+00 	5.000000e+00 	5.000000e+00 	1.830063e-03 	9.783579e-06 	9.783579e-06 	
1.500000e+01 	5.000000e+00 	5.000000e+00 	1.146103e-02 	2.371137e-05 	2.371137e-05 	
2.500000e+01 	5.000000e+00 	5.000000e+00 	2.652008e-02 	3.517073e-05 	3.517073e-05 	
3.500000e+01 	5.000000e+00 	5.000000e+00 	4.266587e-02 	4.523051e-05 	4.523051e-05 	
4.500000e+01 	5.000000e+00 	5.000000e+00 	4.480515e-02 	4.594537e-05 	4.594537e-05 	
5.500000e+01 	5.000000e+00 	5.000000e+00 	2.828826e-02 	3.678043e-05 	3.678043e-05 	
6.500000e+01 	5.000000e+00 	5.000000e+00 	1.616185e-02 	2.747098e-05 	2.747098e-05 	
7.500000e+01 	5.000000e+00 	5.000000e+00 	9.812988e-03 	2.094212e-05 	2.094212e-05 	
8.500000e+01 	5.000000e+00 	5.000000e+00 	6.124539e-03 	1.604380e-05 	1.604380e-05 	
9.500000e+01 	5.000000e+00 	5.000000e+00 	3.977400e-03 	1.291919e-05 	1.291919e-05 	
1.050000e+02 	5.000000e+00 	5.000000e+00 	2.624066e-03 	1.003564e-05 	1.003564e-05 	
1.150000e+02 	5.000000e+00 	5.000000e+00 	1.786491e-03 	8.321699e-06 	8.321699e-06 	
1.250000e+02 	5.000000e+00 	5.000000e+00 	1.246954e-03 	7.109149e-06 	7.109149e-06 	
1.350000e+02 	5.000000e+00 	5.000000e+00 	8.868994e-04 	5.995837e-06 	5.995837e-06 	
1.450000e+02 	5.000000e+00 	5.000000e+00 	6.514975e-04 	5.328831e-06 	5.328831e-06 	
1.550000e+02 	5.000000e+00 	5.000000e+00 	4.921415e-04 	4.839545e-06 	4.839545e-06 	
1.650000e+02 	5.000000e+00 	5.000000e+00 	3.710345e-04 	4.076546e-06 	4.076546e-06 	
1.750000e+02 	5.000000e+00 	5.000000e+00 	2.985076e-04 	4.496190e-06 	4.496190e-06 	
1.850000e+02 	5.000000e+00 	5.000000e+00 	2.272382e-04 	3.490872e-06 	3.490872e-06 	
1.950000e+02 	5.000000e+00 	5.000000e+00 	1.857790e-04 	3.293920e-06 	3.293920e-06 	
2.050000e+02 	5.000000e+00 	5.000000e+00 	1.462136e-04 	2.831220e-06 	2.831220e-06 	
2.150000e+02 	5.000000e+00 	5.000000e+00 	1.193923e-04 	2.639994e-06 	2.639994e-06 	
2.250000e+02 	5.000000e+00 	5.000000e+00 	9.550890e-05 	2.346956e-06 	2.346956e-06 	
2.350000e+02 	5.000000e+00 	5.000000e+00 	8.124979e-05 	2.239292e-06 	2.239292e-06 	
2.450000e+02 	5.000000e+00 	5.000000e+00 	6.602811e-05 	1.998041e-06 	1.998041e-06 	
2.550000e+02 	5.000000e+00 	5.000000e+00 	5.727361e-05 	1.813826e-06 	1.813826e-06 	
2.650000e+02 	5.000000e+00 	5.000000e+00 	4.843848e-05 	1.749834e-06 	1.749834e-06 	
2.750000e+02 	5.000000e+00 	5.000000e+00 	4.061146e-05 	1.749040e-06 	1.749040e-06 	
2.850000e+02 	5.000000e+00 	5.000000e+00 	3.309180e-05 	1.376065e-06 	1.376065e-06 	
2.950000e+02 	5.000000e+00 	5.000000e+00 	3.112724e-05 	1.329492e-06 	1.329492e-06 	
3.050000e+02 	5.000000e+00 	5.000000e+00 	2.562079e-05 	1.056009e-06 	1.056009e-06 	
3.150000e+02 	5.000000e+00 	5.000000e+00 	2.289401e-05 	1.108244e-06 	1.108244e-06 	
3.250000e+02 	5.000000e+00 	5.000000e+00 	1.895351e-05 	8.887880e-07 	8.887880e-07 	
3.350000e+02 	5.000000e+00 	5.000000e+00 	1.918599e-05 	1.213246e-06 	1.213246e-06 	
3.450000e+02 	5.000000e+00 	5.000000e+00 	1.426020e-05 	7.914841e-07 	7.914841e-07 	
3.550000e+02 	5.000000e+00 	5.000000e+00 	1.354512e-05 	7.807143e-07 	7.807143e-07 	
3.650000e+02 	5.000000e+00 	5.000000e+00 	1.205381e-05 	8.664558e-07 	8.664558e-07 	
3.750000e+02 	5.000000e+00 	5.000000e+00 	1.297202e-05 	1.220867e-06 	1.220867e-06 	
3.850000e+02 	5.000000e+00 	5.000000e+00 	9.326696e-06 	6.283205e-07 	6.283205e-07 	
3.950000e+02 	5.000000e+00 	5.000000e+00 	7.850831e-06 	8.359384e-07 	8.359384e-07 	
END SCATTER2D

BEGIN SCATTER2D /COMETA_ZZ_production_analysis/yep
Path=/COMETA_ZZ_production_analysis/yep
ScaledBy=1.07706345496762996e-05
Title=~
# val1       	err1-        	err1+        	val2         	err2-        	err2+        	
-2.375000e+00	1.250000e-01 	1.250000e-01 	1.738421e-01 	6.248581e-04 	6.248581e-04 	
-2.125000e+00	1.250000e-01 	1.250000e-01 	2.443762e-01 	7.271477e-04 	7.271477e-04 	
-1.875000e+00	1.250000e-01 	1.250000e-01 	2.956777e-01 	7.679285e-04 	7.679285e-04 	
-1.625000e+00	1.250000e-01 	1.250000e-01 	3.506083e-01 	8.270223e-04 	8.270223e-04 	
-1.375000e+00	1.250000e-01 	1.250000e-01 	4.020180e-01 	8.795295e-04 	8.795295e-04 	
-1.125000e+00	1.250000e-01 	1.250000e-01 	4.483768e-01 	9.154596e-04 	9.154596e-04 	
-8.750000e-01	1.250000e-01 	1.250000e-01 	4.905483e-01 	9.387711e-04 	9.387711e-04 	
-6.250000e-01	1.250000e-01 	1.250000e-01 	5.219705e-01 	9.591820e-04 	9.591820e-04 	
-3.750000e-01	1.250000e-01 	1.250000e-01 	5.451478e-01 	1.029512e-03 	1.029512e-03 	
-1.250000e-01	1.250000e-01 	1.250000e-01 	5.552717e-01 	9.838827e-04 	9.838827e-04 	
1.250000e-01 	1.250000e-01 	1.250000e-01 	5.546200e-01 	9.773281e-04 	9.773281e-04 	
3.750000e-01 	1.250000e-01 	1.250000e-01 	5.463259e-01 	9.744033e-04 	9.744033e-04 	
6.250000e-01 	1.250000e-01 	1.250000e-01 	5.225346e-01 	9.531749e-04 	9.531749e-04 	
8.750000e-01 	1.250000e-01 	1.250000e-01 	4.895866e-01 	9.220266e-04 	9.220266e-04 	
1.125000e+00 	1.250000e-01 	1.250000e-01 	4.481757e-01 	8.913525e-04 	8.913525e-04 	
1.375000e+00 	1.250000e-01 	1.250000e-01 	4.020165e-01 	9.598932e-04 	9.598932e-04 	
1.625000e+00 	1.250000e-01 	1.250000e-01 	3.499780e-01 	8.126642e-04 	8.126642e-04 	
1.875000e+00 	1.250000e-01 	1.250000e-01 	2.966596e-01 	7.657589e-04 	7.657589e-04 	
2.125000e+00 	1.250000e-01 	1.250000e-01 	2.437167e-01 	6.980569e-04 	6.980569e-04 	
2.375000e+00 	1.250000e-01 	1.250000e-01 	1.734482e-01 	6.046139e-04 	6.046139e-04 	
END SCATTER2D

BEGIN SCATTER2D /COMETA_ZZ_production_analysis/ymm
Path=/COMETA_ZZ_production_analysis/ymm
ScaledBy=1.07706345496762996e-05
Title=~
# val1       	err1-        	err1+        	val2         	err2-        	err2+        	
-2.375000e+00	1.250000e-01 	1.250000e-01 	1.903481e-01 	6.550101e-04 	6.550101e-04 	
-2.125000e+00	1.250000e-01 	1.250000e-01 	2.364128e-01 	7.116287e-04 	7.116287e-04 	
-1.875000e+00	1.250000e-01 	1.250000e-01 	2.859350e-01 	7.494376e-04 	7.494376e-04 	
-1.625000e+00	1.250000e-01 	1.250000e-01 	3.371225e-01 	8.646402e-04 	8.646402e-04 	
-1.375000e+00	1.250000e-01 	1.250000e-01 	3.879060e-01 	8.458338e-04 	8.458338e-04 	
-1.125000e+00	1.250000e-01 	1.250000e-01 	4.326141e-01 	8.901742e-04 	8.901742e-04 	
-8.750000e-01	1.250000e-01 	1.250000e-01 	4.712653e-01 	9.181561e-04 	9.181561e-04 	
-6.250000e-01	1.250000e-01 	1.250000e-01 	5.048987e-01 	9.391613e-04 	9.391613e-04 	
-3.750000e-01	1.250000e-01 	1.250000e-01 	5.249142e-01 	9.657136e-04 	9.657136e-04 	
-1.250000e-01	1.250000e-01 	1.250000e-01 	5.356452e-01 	9.648065e-04 	9.648065e-04 	
1.250000e-01 	1.250000e-01 	1.250000e-01 	5.353539e-01 	9.646704e-04 	9.646704e-04 	
3.750000e-01 	1.250000e-01 	1.250000e-01 	5.252181e-01 	9.519169e-04 	9.519169e-04 	
6.250000e-01 	1.250000e-01 	1.250000e-01 	5.035671e-01 	9.386506e-04 	9.386506e-04 	
8.750000e-01 	1.250000e-01 	1.250000e-01 	4.716015e-01 	9.072900e-04 	9.072900e-04 	
1.125000e+00 	1.250000e-01 	1.250000e-01 	4.324219e-01 	9.778712e-04 	9.778712e-04 	
1.375000e+00 	1.250000e-01 	1.250000e-01 	3.863137e-01 	8.369603e-04 	8.369603e-04 	
1.625000e+00 	1.250000e-01 	1.250000e-01 	3.375713e-01 	7.876592e-04 	7.876592e-04 	
1.875000e+00 	1.250000e-01 	1.250000e-01 	2.867765e-01 	7.332206e-04 	7.332206e-04 	
2.125000e+00 	1.250000e-01 	1.250000e-01 	2.359278e-01 	6.796402e-04 	6.796402e-04 	
2.375000e+00 	1.250000e-01 	1.250000e-01 	1.893817e-01 	6.214747e-04 	6.214747e-04 	
END SCATTER2D

BEGIN SCATTER2D /COMETA_ZZ_production_analysis/yee
Path=/COMETA_ZZ_production_analysis/yee
ScaledBy=1.07706345496762996e-05
Title=~
# val1       	err1-        	err1+        	val2         	err2-        	err2+        	
-2.875000e+00	1.250000e-01 	1.250000e-01 	0.000000e+00 	0.000000e+00 	0.000000e+00 	
-2.625000e+00	1.250000e-01 	1.250000e-01 	0.000000e+00 	0.000000e+00 	0.000000e+00 	
-2.375000e+00	1.250000e-01 	1.250000e-01 	3.275801e-02 	2.875510e-04 	2.875510e-04 	
-2.125000e+00	1.250000e-01 	1.250000e-01 	1.308399e-01 	5.509706e-04 	5.509706e-04 	
-1.875000e+00	1.250000e-01 	1.250000e-01 	2.373903e-01 	7.072470e-04 	7.072470e-04 	
-1.625000e+00	1.250000e-01 	1.250000e-01 	3.356682e-01 	8.198629e-04 	8.198629e-04 	
-1.375000e+00	1.250000e-01 	1.250000e-01 	4.199418e-01 	8.803349e-04 	8.803349e-04 	
-1.125000e+00	1.250000e-01 	1.250000e-01 	4.899971e-01 	9.455490e-04 	9.455490e-04 	
-8.750000e-01	1.250000e-01 	1.250000e-01 	5.469842e-01 	1.051673e-03 	1.051673e-03 	
-6.250000e-01	1.250000e-01 	1.250000e-01 	5.881873e-01 	1.044354e-03 	1.044354e-03 	
-3.750000e-01	1.250000e-01 	1.250000e-01 	6.152726e-01 	1.045043e-03 	1.045043e-03 	
-1.250000e-01	1.250000e-01 	1.250000e-01 	6.298672e-01 	1.056101e-03 	1.056101e-03 	
1.250000e-01 	1.250000e-01 	1.250000e-01 	6.292658e-01 	1.058700e-03 	1.058700e-03 	
3.750000e-01 	1.250000e-01 	1.250000e-01 	6.145671e-01 	1.043721e-03 	1.043721e-03 	
6.250000e-01 	1.250000e-01 	1.250000e-01 	5.891501e-01 	1.021233e-03 	1.021233e-03 	
8.750000e-01 	1.250000e-01 	1.250000e-01 	5.473882e-01 	9.909949e-04 	9.909949e-04 	
1.125000e+00 	1.250000e-01 	1.250000e-01 	4.911088e-01 	9.314793e-04 	9.314793e-04 	
1.375000e+00 	1.250000e-01 	1.250000e-01 	4.225362e-01 	8.707635e-04 	8.707635e-04 	
1.625000e+00 	1.250000e-01 	1.250000e-01 	3.350317e-01 	9.002919e-04 	9.002919e-04 	
1.875000e+00 	1.250000e-01 	1.250000e-01 	2.363700e-01 	6.841733e-04 	6.841733e-04 	
2.125000e+00 	1.250000e-01 	1.250000e-01 	1.300099e-01 	5.159361e-04 	5.159361e-04 	
2.375000e+00 	1.250000e-01 	1.250000e-01 	3.256506e-02 	2.736799e-04 	2.736799e-04 	
2.625000e+00 	1.250000e-01 	1.250000e-01 	0.000000e+00 	0.000000e+00 	0.000000e+00 	
2.875000e+00 	1.250000e-01 	1.250000e-01 	0.000000e+00 	0.000000e+00 	0.000000e+00 	
END SCATTER2D

BEGIN SCATTER2D /COMETA_ZZ_production_analysis/dyee
Path=/COMETA_ZZ_production_analysis/dyee
ScaledBy=1.07706345496762996e-05
Title=~
# val1       	err1-        	err1+        	val2         	err2-        	err2+        	
1.250000e-01 	1.250000e-01 	1.250000e-01 	1.359833e+00 	1.606382e-03 	1.606382e-03 	
3.750000e-01 	1.250000e-01 	1.250000e-01 	1.278153e+00 	1.502431e-03 	1.502431e-03 	
6.250000e-01 	1.250000e-01 	1.250000e-01 	1.157089e+00 	1.433238e-03 	1.433238e-03 	
8.750000e-01 	1.250000e-01 	1.250000e-01 	1.004450e+00 	1.375189e-03 	1.375189e-03 	
1.125000e+00 	1.250000e-01 	1.250000e-01 	8.388820e-01 	1.230414e-03 	1.230414e-03 	
1.375000e+00 	1.250000e-01 	1.250000e-01 	6.756446e-01 	1.111006e-03 	1.111006e-03 	
1.625000e+00 	1.250000e-01 	1.250000e-01 	5.253062e-01 	1.013381e-03 	1.013381e-03 	
1.875000e+00 	1.250000e-01 	1.250000e-01 	3.939440e-01 	8.810675e-04 	8.810675e-04 	
2.125000e+00 	1.250000e-01 	1.250000e-01 	2.867931e-01 	7.724426e-04 	7.724426e-04 	
2.375000e+00 	1.250000e-01 	1.250000e-01 	2.004233e-01 	6.537046e-04 	6.537046e-04 	
2.625000e+00 	1.250000e-01 	1.250000e-01 	1.356788e-01 	5.542226e-04 	5.542226e-04 	
2.875000e+00 	1.250000e-01 	1.250000e-01 	8.690988e-02 	4.437059e-04 	4.437059e-04 	
3.125000e+00 	1.250000e-01 	1.250000e-01 	5.285126e-02 	3.448704e-04 	3.448704e-04 	
3.375000e+00 	1.250000e-01 	1.250000e-01 	3.015769e-02 	2.627806e-04 	2.627806e-04 	
3.625000e+00 	1.250000e-01 	1.250000e-01 	1.605884e-02 	1.866958e-04 	1.866958e-04 	
3.875000e+00 	1.250000e-01 	1.250000e-01 	7.934577e-03 	1.289271e-04 	1.289271e-04 	
4.125000e+00 	1.250000e-01 	1.250000e-01 	3.274865e-03 	8.644307e-05 	8.644307e-05 	
4.375000e+00 	1.250000e-01 	1.250000e-01 	1.197062e-03 	5.027052e-05 	5.027052e-05 	
4.625000e+00 	1.250000e-01 	1.250000e-01 	2.901467e-04 	2.283395e-05 	2.283395e-05 	
4.875000e+00 	1.250000e-01 	1.250000e-01 	2.713420e-05 	6.497175e-06 	6.497175e-06 	
END SCATTER2D

BEGIN SCATTER2D /COMETA_ZZ_production_analysis/dypp
Path=/COMETA_ZZ_production_analysis/dypp
ScaledBy=1.07706345496762996e-05
Title=~
# val1       	err1-        	err1+        	val2         	err2-        	err2+        	
1.250000e-01 	1.250000e-01 	1.250000e-01 	1.216613e+00 	1.449103e-03 	1.449103e-03 	
3.750000e-01 	1.250000e-01 	1.250000e-01 	1.163020e+00 	1.438822e-03 	1.438822e-03 	
6.250000e-01 	1.250000e-01 	1.250000e-01 	1.060288e+00 	1.337922e-03 	1.337922e-03 	
8.750000e-01 	1.250000e-01 	1.250000e-01 	9.375438e-01 	1.258200e-03 	1.258200e-03 	
1.125000e+00 	1.250000e-01 	1.250000e-01 	8.070508e-01 	1.262371e-03 	1.262371e-03 	
1.375000e+00 	1.250000e-01 	1.250000e-01 	6.751013e-01 	1.087171e-03 	1.087171e-03 	
1.625000e+00 	1.250000e-01 	1.250000e-01 	5.543793e-01 	1.012624e-03 	1.012624e-03 	
1.875000e+00 	1.250000e-01 	1.250000e-01 	4.403821e-01 	9.238699e-04 	9.238699e-04 	
2.125000e+00 	1.250000e-01 	1.250000e-01 	3.439049e-01 	8.337076e-04 	8.337076e-04 	
2.375000e+00 	1.250000e-01 	1.250000e-01 	2.611297e-01 	7.465486e-04 	7.465486e-04 	
2.625000e+00 	1.250000e-01 	1.250000e-01 	1.944168e-01 	6.681789e-04 	6.681789e-04 	
2.875000e+00 	1.250000e-01 	1.250000e-01 	1.404069e-01 	5.917175e-04 	5.917175e-04 	
3.125000e+00 	1.250000e-01 	1.250000e-01 	9.724173e-02 	5.292076e-04 	5.292076e-04 	
3.375000e+00 	1.250000e-01 	1.250000e-01 	6.614879e-02 	4.450711e-04 	4.450711e-04 	
3.625000e+00 	1.250000e-01 	1.250000e-01 	4.204685e-02 	3.697774e-04 	3.697774e-04 	
3.875000e+00 	1.250000e-01 	1.250000e-01 	2.630636e-02 	3.197284e-04 	3.197284e-04 	
4.125000e+00 	1.250000e-01 	1.250000e-01 	1.484565e-02 	2.662392e-04 	2.662392e-04 	
4.375000e+00 	1.250000e-01 	1.250000e-01 	8.301483e-03 	2.021828e-04 	2.021828e-04 	
4.625000e+00 	1.250000e-01 	1.250000e-01 	3.997439e-03 	1.626250e-04 	1.626250e-04 	
4.875000e+00 	1.250000e-01 	1.250000e-01 	1.565196e-03 	9.767772e-05 	9.767772e-05 	
END SCATTER2D

BEGIN SCATTER2D /COMETA_ZZ_production_analysis/dyez
Path=/COMETA_ZZ_production_analysis/dyez
ScaledBy=1.07706345496762996e-05
Title=~
# val1       	err1-        	err1+        	val2         	err2-        	err2+        	
1.250000e-01 	1.250000e-01 	1.250000e-01 	1.436399e+00 	1.593415e-03 	1.593415e-03 	
3.750000e-01 	1.250000e-01 	1.250000e-01 	1.325967e+00 	1.563790e-03 	1.563790e-03 	
6.250000e-01 	1.250000e-01 	1.250000e-01 	1.158013e+00 	1.417467e-03 	1.417467e-03 	
8.750000e-01 	1.250000e-01 	1.250000e-01 	9.744480e-01 	1.276452e-03 	1.276452e-03 	
1.125000e+00 	1.250000e-01 	1.250000e-01 	7.999631e-01 	1.162798e-03 	1.162798e-03 	
1.375000e+00 	1.250000e-01 	1.250000e-01 	6.412670e-01 	1.064633e-03 	1.064633e-03 	
1.625000e+00 	1.250000e-01 	1.250000e-01 	5.032795e-01 	9.742103e-04 	9.742103e-04 	
1.875000e+00 	1.250000e-01 	1.250000e-01 	3.833215e-01 	8.850450e-04 	8.850450e-04 	
2.125000e+00 	1.250000e-01 	1.250000e-01 	2.796995e-01 	7.889810e-04 	7.889810e-04 	
2.375000e+00 	1.250000e-01 	1.250000e-01 	1.982743e-01 	6.924794e-04 	6.924794e-04 	
2.625000e+00 	1.250000e-01 	1.250000e-01 	1.357831e-01 	6.053072e-04 	6.053072e-04 	
2.875000e+00 	1.250000e-01 	1.250000e-01 	8.929908e-02 	5.105604e-04 	5.105604e-04 	
3.125000e+00 	1.250000e-01 	1.250000e-01 	5.655279e-02 	4.345219e-04 	4.345219e-04 	
3.375000e+00 	1.250000e-01 	1.250000e-01 	3.412810e-02 	3.612159e-04 	3.612159e-04 	
3.625000e+00 	1.250000e-01 	1.250000e-01 	1.972684e-02 	3.003368e-04 	3.003368e-04 	
3.875000e+00 	1.250000e-01 	1.250000e-01 	1.026273e-02 	2.346748e-04 	2.346748e-04 	
4.125000e+00 	1.250000e-01 	1.250000e-01 	5.297299e-03 	2.038977e-04 	2.038977e-04 	
4.375000e+00 	1.250000e-01 	1.250000e-01 	2.176339e-03 	1.483529e-04 	1.483529e-04 	
4.625000e+00 	1.250000e-01 	1.250000e-01 	8.644687e-04 	1.127674e-04 	1.127674e-04 	
4.875000e+00 	1.250000e-01 	1.250000e-01 	1.729426e-04 	4.184813e-05 	4.184813e-05 	
END SCATTER2D

BEGIN SCATTER2D /COMETA_ZZ_production_analysis/dphiee
Path=/COMETA_ZZ_production_analysis/dphiee
ScaledBy=1.07706345496762996e-05
Title=~
# val1       	err1-        	err1+        	val2         	err2-        	err2+        	
3.000000e+00 	3.000000e+00 	3.000000e+00 	2.040271e-03 	1.425067e-05 	1.425067e-05 	
9.000000e+00 	3.000000e+00 	3.000000e+00 	2.062749e-03 	1.399615e-05 	1.399615e-05 	
1.500000e+01 	3.000000e+00 	3.000000e+00 	2.193271e-03 	1.410168e-05 	1.410168e-05 	
2.100000e+01 	3.000000e+00 	3.000000e+00 	2.336003e-03 	1.426751e-05 	1.426751e-05 	
2.700000e+01 	3.000000e+00 	3.000000e+00 	2.556370e-03 	1.504893e-05 	1.504893e-05 	
3.300000e+01 	3.000000e+00 	3.000000e+00 	2.841233e-03 	1.581077e-05 	1.581077e-05 	
3.900000e+01 	3.000000e+00 	3.000000e+00 	3.141828e-03 	1.627447e-05 	1.627447e-05 	
4.500000e+01 	3.000000e+00 	3.000000e+00 	3.564677e-03 	1.679011e-05 	1.679011e-05 	
5.100000e+01 	3.000000e+00 	3.000000e+00 	3.996182e-03 	1.798226e-05 	1.798226e-05 	
5.700000e+01 	3.000000e+00 	3.000000e+00 	4.503981e-03 	1.851547e-05 	1.851547e-05 	
6.300000e+01 	3.000000e+00 	3.000000e+00 	5.108979e-03 	1.956354e-05 	1.956354e-05 	
6.900000e+01 	3.000000e+00 	3.000000e+00 	5.790554e-03 	2.112171e-05 	2.112171e-05 	
7.500000e+01 	3.000000e+00 	3.000000e+00 	6.546678e-03 	2.222062e-05 	2.222062e-05 	
8.100000e+01 	3.000000e+00 	3.000000e+00 	7.319914e-03 	2.355171e-05 	2.355171e-05 	
8.700000e+01 	3.000000e+00 	3.000000e+00 	8.208054e-03 	2.507727e-05 	2.507727e-05 	
9.300000e+01 	3.000000e+00 	3.000000e+00 	9.121528e-03 	2.708859e-05 	2.708859e-05 	
9.900000e+01 	3.000000e+00 	3.000000e+00 	1.003391e-02 	2.828042e-05 	2.828042e-05 	
1.050000e+02 	3.000000e+00 	3.000000e+00 	1.099719e-02 	2.969156e-05 	2.969156e-05 	
1.110000e+02 	3.000000e+00 	3.000000e+00 	1.200104e-02 	3.136483e-05 	3.136483e-05 	
1.170000e+02 	3.000000e+00 	3.000000e+00 	1.290803e-02 	3.261514e-05 	3.261514e-05 	
1.230000e+02 	3.000000e+00 	3.000000e+00 	1.406222e-02 	3.414786e-05 	3.414786e-05 	
1.290000e+02 	3.000000e+00 	3.000000e+00 	1.500435e-02 	3.478333e-05 	3.478333e-05 	
1.350000e+02 	3.000000e+00 	3.000000e+00 	1.633607e-02 	3.600958e-05 	3.600958e-05 	
1.410000e+02 	3.000000e+00 	3.000000e+00 	1.782787e-02 	3.743495e-05 	3.743495e-05 	
1.470000e+02 	3.000000e+00 	3.000000e+00 	1.956458e-02 	4.104900e-05 	4.104900e-05 	
1.530000e+02 	3.000000e+00 	3.000000e+00 	2.182185e-02 	4.078397e-05 	4.078397e-05 	
1.590000e+02 	3.000000e+00 	3.000000e+00 	2.445427e-02 	4.267901e-05 	4.267901e-05 	
1.650000e+02 	3.000000e+00 	3.000000e+00 	2.730874e-02 	4.438970e-05 	4.438970e-05 	
1.710000e+02 	3.000000e+00 	3.000000e+00 	3.005102e-02 	4.580741e-05 	4.580741e-05 	
1.770000e+02 	3.000000e+00 	3.000000e+00 	3.191740e-02 	4.964792e-05 	4.964792e-05 	
END SCATTER2D

BEGIN SCATTER2D /COMETA_ZZ_production_analysis/dphipp
Path=/COMETA_ZZ_production_analysis/dphipp
ScaledBy=1.07706345496762996e-05
Title=~
# val1       	err1-        	err1+        	val2         	err2-        	err2+        	
3.000000e+00 	3.000000e+00 	3.000000e+00 	8.684829e-03 	2.662907e-05 	2.662907e-05 	
9.000000e+00 	3.000000e+00 	3.000000e+00 	8.736265e-03 	2.634826e-05 	2.634826e-05 	
1.500000e+01 	3.000000e+00 	3.000000e+00 	8.800541e-03 	2.958649e-05 	2.958649e-05 	
2.100000e+01 	3.000000e+00 	3.000000e+00 	8.859362e-03 	2.631266e-05 	2.631266e-05 	
2.700000e+01 	3.000000e+00 	3.000000e+00 	8.919455e-03 	2.674082e-05 	2.674082e-05 	
3.300000e+01 	3.000000e+00 	3.000000e+00 	9.030659e-03 	2.632675e-05 	2.632675e-05 	
3.900000e+01 	3.000000e+00 	3.000000e+00 	9.167185e-03 	2.716438e-05 	2.716438e-05 	
4.500000e+01 	3.000000e+00 	3.000000e+00 	9.303873e-03 	2.705927e-05 	2.705927e-05 	
5.100000e+01 	3.000000e+00 	3.000000e+00 	9.485318e-03 	2.737282e-05 	2.737282e-05 	
5.700000e+01 	3.000000e+00 	3.000000e+00 	9.663527e-03 	2.770302e-05 	2.770302e-05 	
6.300000e+01 	3.000000e+00 	3.000000e+00 	9.810791e-03 	3.335648e-05 	3.335648e-05 	
6.900000e+01 	3.000000e+00 	3.000000e+00 	1.004117e-02 	2.787271e-05 	2.787271e-05 	
7.500000e+01 	3.000000e+00 	3.000000e+00 	1.025165e-02 	2.829826e-05 	2.829826e-05 	
8.100000e+01 	3.000000e+00 	3.000000e+00 	1.053124e-02 	2.873362e-05 	2.873362e-05 	
8.700000e+01 	3.000000e+00 	3.000000e+00 	1.075121e-02 	2.884684e-05 	2.884684e-05 	
9.300000e+01 	3.000000e+00 	3.000000e+00 	1.104970e-02 	2.958062e-05 	2.958062e-05 	
9.900000e+01 	3.000000e+00 	3.000000e+00 	1.129110e-02 	2.954662e-05 	2.954662e-05 	
1.050000e+02 	3.000000e+00 	3.000000e+00 	1.163008e-02 	2.965571e-05 	2.965571e-05 	
1.110000e+02 	3.000000e+00 	3.000000e+00 	1.189763e-02 	3.058037e-05 	3.058037e-05 	
1.170000e+02 	3.000000e+00 	3.000000e+00 	1.211575e-02 	3.060630e-05 	3.060630e-05 	
1.230000e+02 	3.000000e+00 	3.000000e+00 	1.250293e-02 	3.111958e-05 	3.111958e-05 	
1.290000e+02 	3.000000e+00 	3.000000e+00 	1.274839e-02 	3.084402e-05 	3.084402e-05 	
1.350000e+02 	3.000000e+00 	3.000000e+00 	1.300011e-02 	3.111499e-05 	3.111499e-05 	
1.410000e+02 	3.000000e+00 	3.000000e+00 	1.331154e-02 	3.110712e-05 	3.110712e-05 	
1.470000e+02 	3.000000e+00 	3.000000e+00 	1.352510e-02 	3.149540e-05 	3.149540e-05 	
1.530000e+02 	3.000000e+00 	3.000000e+00 	1.373453e-02 	3.166230e-05 	3.166230e-05 	
1.590000e+02 	3.000000e+00 	3.000000e+00 	1.400474e-02 	3.244166e-05 	3.244166e-05 	
1.650000e+02 	3.000000e+00 	3.000000e+00 	1.416852e-02 	3.214514e-05 	3.214514e-05 	
1.710000e+02 	3.000000e+00 	3.000000e+00 	1.423684e-02 	3.214554e-05 	3.214554e-05 	
1.770000e+02 	3.000000e+00 	3.000000e+00 	1.436676e-02 	3.247297e-05 	3.247297e-05 	
END SCATTER2D

BEGIN SCATTER2D /COMETA_ZZ_production_analysis/dree
Path=/COMETA_ZZ_production_analysis/dree
ScaledBy=1.07706345496762996e-05
Title=~
# val1       	err1-        	err1+        	val2         	err2-        	err2+        	
1.000000e-01 	1.000000e-01 	1.000000e-01 	2.086602e-04 	1.562024e-05 	1.562024e-05 	
3.000000e-01 	1.000000e-01 	1.000000e-01 	5.293273e-03 	1.142859e-04 	1.142859e-04 	
5.000000e-01 	1.000000e-01 	1.000000e-01 	2.166632e-02 	2.425718e-04 	2.425718e-04 	
7.000000e-01 	1.000000e-01 	1.000000e-01 	5.099500e-02 	3.562418e-04 	3.562418e-04 	
9.000000e-01 	1.000000e-01 	1.000000e-01 	9.760310e-02 	4.495906e-04 	4.495906e-04 	
1.100000e+00 	1.000000e-01 	1.000000e-01 	1.634221e-01 	5.726879e-04 	5.726879e-04 	
1.300000e+00 	1.000000e-01 	1.000000e-01 	2.477564e-01 	7.207493e-04 	7.207493e-04 	
1.500000e+00 	1.000000e-01 	1.000000e-01 	3.515388e-01 	8.668810e-04 	8.668810e-04 	
1.700000e+00 	1.000000e-01 	1.000000e-01 	4.710100e-01 	1.045027e-03 	1.045027e-03 	
1.900000e+00 	1.000000e-01 	1.000000e-01 	5.935718e-01 	1.182697e-03 	1.182697e-03 	
2.100000e+00 	1.000000e-01 	1.000000e-01 	7.179937e-01 	1.336431e-03 	1.336431e-03 	
2.300000e+00 	1.000000e-01 	1.000000e-01 	8.393161e-01 	1.442857e-03 	1.442857e-03 	
2.500000e+00 	1.000000e-01 	1.000000e-01 	9.814534e-01 	1.548847e-03 	1.548847e-03 	
2.700000e+00 	1.000000e-01 	1.000000e-01 	1.175023e+00 	1.713163e-03 	1.713163e-03 	
2.900000e+00 	1.000000e-01 	1.000000e-01 	1.455044e+00 	1.804828e-03 	1.804828e-03 	
3.100000e+00 	1.000000e-01 	1.000000e-01 	1.576582e+00 	1.908125e-03 	1.908125e-03 	
3.300000e+00 	1.000000e-01 	1.000000e-01 	6.572345e-01 	1.199838e-03 	1.199838e-03 	
3.500000e+00 	1.000000e-01 	1.000000e-01 	3.117280e-01 	8.442275e-04 	8.442275e-04 	
3.700000e+00 	1.000000e-01 	1.000000e-01 	1.663760e-01 	6.351028e-04 	6.351028e-04 	
3.900000e+00 	1.000000e-01 	1.000000e-01 	8.976068e-02 	4.741205e-04 	4.741205e-04 	
4.100000e+00 	1.000000e-01 	1.000000e-01 	4.855006e-02 	3.551752e-04 	3.551752e-04 	
4.300000e+00 	1.000000e-01 	1.000000e-01 	2.463635e-02 	2.492809e-04 	2.492809e-04 	
4.500000e+00 	1.000000e-01 	1.000000e-01 	1.248966e-02 	1.768239e-04 	1.768239e-04 	
4.700000e+00 	1.000000e-01 	1.000000e-01 	5.781802e-03 	1.183601e-04 	1.183601e-04 	
4.900000e+00 	1.000000e-01 	1.000000e-01 	2.362355e-03 	7.578211e-05 	7.578211e-05 	
5.100000e+00 	1.000000e-01 	1.000000e-01 	8.643482e-04 	4.340713e-05 	4.340713e-05 	
5.300000e+00 	1.000000e-01 	1.000000e-01 	2.985628e-04 	2.491839e-05 	2.491839e-05 	
5.500000e+00 	1.000000e-01 	1.000000e-01 	6.148292e-05 	1.051988e-05 	1.051988e-05 	
5.700000e+00 	1.000000e-01 	1.000000e-01 	2.109447e-06 	1.424047e-06 	1.424047e-06 	
5.900000e+00 	1.000000e-01 	1.000000e-01 	0.000000e+00 	0.000000e+00 	0.000000e+00 	
END SCATTER2D

BEGIN SCATTER2D /COMETA_ZZ_production_analysis/drpp
Path=/COMETA_ZZ_production_analysis/drpp
ScaledBy=1.07706345496762996e-05
Title=~
# val1       	err1-        	err1+        	val2         	err2-        	err2+        	
1.000000e-01 	1.000000e-01 	1.000000e-01 	3.888245e-02 	2.860232e-04 	2.860232e-04 	
3.000000e-01 	1.000000e-01 	1.000000e-01 	1.251388e-01 	6.467077e-04 	6.467077e-04 	
5.000000e-01 	1.000000e-01 	1.000000e-01 	2.087875e-01 	6.636508e-04 	6.636508e-04 	
7.000000e-01 	1.000000e-01 	1.000000e-01 	2.876832e-01 	7.739085e-04 	7.739085e-04 	
9.000000e-01 	1.000000e-01 	1.000000e-01 	3.660322e-01 	8.803955e-04 	8.803955e-04 	
1.100000e+00 	1.000000e-01 	1.000000e-01 	4.427225e-01 	9.717529e-04 	9.717529e-04 	
1.300000e+00 	1.000000e-01 	1.000000e-01 	5.165409e-01 	1.055667e-03 	1.055667e-03 	
1.500000e+00 	1.000000e-01 	1.000000e-01 	5.825484e-01 	1.255840e-03 	1.255840e-03 	
1.700000e+00 	1.000000e-01 	1.000000e-01 	6.472771e-01 	1.202450e-03 	1.202450e-03 	
1.900000e+00 	1.000000e-01 	1.000000e-01 	7.074586e-01 	1.270016e-03 	1.270016e-03 	
2.100000e+00 	1.000000e-01 	1.000000e-01 	7.586265e-01 	1.315751e-03 	1.315751e-03 	
2.300000e+00 	1.000000e-01 	1.000000e-01 	8.048536e-01 	1.350345e-03 	1.350345e-03 	
2.500000e+00 	1.000000e-01 	1.000000e-01 	8.440909e-01 	1.383075e-03 	1.383075e-03 	
2.700000e+00 	1.000000e-01 	1.000000e-01 	8.796730e-01 	1.410072e-03 	1.410072e-03 	
2.900000e+00 	1.000000e-01 	1.000000e-01 	9.005816e-01 	1.421479e-03 	1.421479e-03 	
3.100000e+00 	1.000000e-01 	1.000000e-01 	8.489341e-01 	1.387021e-03 	1.387021e-03 	
3.300000e+00 	1.000000e-01 	1.000000e-01 	4.293500e-01 	1.014012e-03 	1.014012e-03 	
3.500000e+00 	1.000000e-01 	1.000000e-01 	2.521932e-01 	8.282575e-04 	8.282575e-04 	
3.700000e+00 	1.000000e-01 	1.000000e-01 	1.593659e-01 	6.773850e-04 	6.773850e-04 	
3.900000e+00 	1.000000e-01 	1.000000e-01 	1.030457e-01 	5.820335e-04 	5.820335e-04 	
4.100000e+00 	1.000000e-01 	1.000000e-01 	6.646942e-02 	4.961063e-04 	4.961063e-04 	
4.300000e+00 	1.000000e-01 	1.000000e-01 	4.150607e-02 	3.947176e-04 	3.947176e-04 	
4.500000e+00 	1.000000e-01 	1.000000e-01 	2.532420e-02 	3.310897e-04 	3.310897e-04 	
4.700000e+00 	1.000000e-01 	1.000000e-01 	1.504652e-02 	2.768277e-04 	2.768277e-04 	
4.900000e+00 	1.000000e-01 	1.000000e-01 	8.581126e-03 	2.385320e-04 	2.385320e-04 	
5.100000e+00 	1.000000e-01 	1.000000e-01 	4.752003e-03 	1.580775e-04 	1.580775e-04 	
5.300000e+00 	1.000000e-01 	1.000000e-01 	2.002874e-03 	1.115238e-04 	1.115238e-04 	
5.500000e+00 	1.000000e-01 	1.000000e-01 	9.136772e-04 	9.163011e-05 	9.163011e-05 	
5.700000e+00 	1.000000e-01 	1.000000e-01 	2.149719e-04 	3.470035e-05 	3.470035e-05 	
5.900000e+00 	1.000000e-01 	1.000000e-01 	2.696439e-05 	7.181585e-06 	7.181585e-06 	
END SCATTER2D

BEGIN SCATTER2D /COMETA_ZZ_production_analysis/cthep
Path=/COMETA_ZZ_production_analysis/cthep
ScaledBy=1.07706345496762996e-05
Title=~
# val1       	err1-        	err1+        	val2         	err2-        	err2+        	
-9.750000e-01	2.500000e-02 	2.500000e-02 	6.650408e-01 	2.614790e-03 	2.614790e-03 	
-9.250000e-01	2.500000e-02 	2.500000e-02 	7.450559e-01 	2.653457e-03 	2.653457e-03 	
-8.750000e-01	2.500000e-02 	2.500000e-02 	7.959099e-01 	2.661872e-03 	2.661872e-03 	
-8.250000e-01	2.500000e-02 	2.500000e-02 	8.341795e-01 	2.629545e-03 	2.629545e-03 	
-7.750000e-01	2.500000e-02 	2.500000e-02 	8.704067e-01 	2.650329e-03 	2.650329e-03 	
-7.250000e-01	2.500000e-02 	2.500000e-02 	9.091831e-01 	2.727874e-03 	2.727874e-03 	
-6.750000e-01	2.500000e-02 	2.500000e-02 	9.396281e-01 	2.747901e-03 	2.747901e-03 	
-6.250000e-01	2.500000e-02 	2.500000e-02 	9.774028e-01 	2.806090e-03 	2.806090e-03 	
-5.750000e-01	2.500000e-02 	2.500000e-02 	1.003854e+00 	2.905127e-03 	2.905127e-03 	
-5.250000e-01	2.500000e-02 	2.500000e-02 	1.036290e+00 	3.014301e-03 	3.014301e-03 	
-4.750000e-01	2.500000e-02 	2.500000e-02 	1.052190e+00 	3.699117e-03 	3.699117e-03 	
-4.250000e-01	2.500000e-02 	2.500000e-02 	1.085407e+00 	3.484916e-03 	3.484916e-03 	
-3.750000e-01	2.500000e-02 	2.500000e-02 	1.108014e+00 	3.251474e-03 	3.251474e-03 	
-3.250000e-01	2.500000e-02 	2.500000e-02 	1.120372e+00 	3.238399e-03 	3.238399e-03 	
-2.750000e-01	2.500000e-02 	2.500000e-02 	1.141186e+00 	3.310261e-03 	3.310261e-03 	
-2.250000e-01	2.500000e-02 	2.500000e-02 	1.150697e+00 	3.344329e-03 	3.344329e-03 	
-1.750000e-01	2.500000e-02 	2.500000e-02 	1.165820e+00 	3.404663e-03 	3.404663e-03 	
-1.250000e-01	2.500000e-02 	2.500000e-02 	1.174244e+00 	3.457608e-03 	3.457608e-03 	
-7.500000e-02	2.500000e-02 	2.500000e-02 	1.182385e+00 	3.467459e-03 	3.467459e-03 	
-2.500000e-02	2.500000e-02 	2.500000e-02 	1.187228e+00 	3.496234e-03 	3.496234e-03 	
2.500000e-02 	2.500000e-02 	2.500000e-02 	1.188214e+00 	3.488947e-03 	3.488947e-03 	
7.500000e-02 	2.500000e-02 	2.500000e-02 	1.184973e+00 	3.507473e-03 	3.507473e-03 	
1.250000e-01 	2.500000e-02 	2.500000e-02 	1.173611e+00 	3.436569e-03 	3.436569e-03 	
1.750000e-01 	2.500000e-02 	2.500000e-02 	1.168614e+00 	3.410493e-03 	3.410493e-03 	
2.250000e-01 	2.500000e-02 	2.500000e-02 	1.152318e+00 	3.356719e-03 	3.356719e-03 	
2.750000e-01 	2.500000e-02 	2.500000e-02 	1.144996e+00 	3.345496e-03 	3.345496e-03 	
3.250000e-01 	2.500000e-02 	2.500000e-02 	1.124226e+00 	3.231638e-03 	3.231638e-03 	
3.750000e-01 	2.500000e-02 	2.500000e-02 	1.102652e+00 	3.172609e-03 	3.172609e-03 	
4.250000e-01 	2.500000e-02 	2.500000e-02 	1.081239e+00 	3.127921e-03 	3.127921e-03 	
4.750000e-01 	2.500000e-02 	2.500000e-02 	1.059509e+00 	3.026867e-03 	3.026867e-03 	
5.250000e-01 	2.500000e-02 	2.500000e-02 	1.026138e+00 	2.933413e-03 	2.933413e-03 	
5.750000e-01 	2.500000e-02 	2.500000e-02 	1.002667e+00 	2.988711e-03 	2.988711e-03 	
6.250000e-01 	2.500000e-02 	2.500000e-02 	9.711340e-01 	2.816623e-03 	2.816623e-03 	
6.750000e-01 	2.500000e-02 	2.500000e-02 	9.418117e-01 	2.783924e-03 	2.783924e-03 	
7.250000e-01 	2.500000e-02 	2.500000e-02 	9.117015e-01 	2.725707e-03 	2.725707e-03 	
7.750000e-01 	2.500000e-02 	2.500000e-02 	8.698941e-01 	2.717507e-03 	2.717507e-03 	
8.250000e-01 	2.500000e-02 	2.500000e-02 	8.322886e-01 	2.637645e-03 	2.637645e-03 	
8.750000e-01 	2.500000e-02 	2.500000e-02 	7.885022e-01 	2.646264e-03 	2.646264e-03 	
9.250000e-01 	2.500000e-02 	2.500000e-02 	7.446826e-01 	2.684834e-03 	2.684834e-03 	
9.750000e-01 	2.500000e-02 	2.500000e-02 	6.608291e-01 	2.581230e-03 	2.581230e-03 	
END SCATTER2D

BEGIN SCATTER2D /COMETA_ZZ_production_analysis/cthmm
Path=/COMETA_ZZ_production_analysis/cthmm
ScaledBy=1.07706345496762996e-05
Title=~
# val1       	err1-        	err1+        	val2         	err2-        	err2+        	
-9.750000e-01	2.500000e-02 	2.500000e-02 	6.950612e-01 	2.678363e-03 	2.678363e-03 	
-9.250000e-01	2.500000e-02 	2.500000e-02 	7.584011e-01 	2.647909e-03 	2.647909e-03 	
-8.750000e-01	2.500000e-02 	2.500000e-02 	8.050214e-01 	2.652330e-03 	2.652330e-03 	
-8.250000e-01	2.500000e-02 	2.500000e-02 	8.400108e-01 	2.659992e-03 	2.659992e-03 	
-7.750000e-01	2.500000e-02 	2.500000e-02 	8.793313e-01 	2.662157e-03 	2.662157e-03 	
-7.250000e-01	2.500000e-02 	2.500000e-02 	9.120780e-01 	3.508168e-03 	3.508168e-03 	
-6.750000e-01	2.500000e-02 	2.500000e-02 	9.427334e-01 	2.717161e-03 	2.717161e-03 	
-6.250000e-01	2.500000e-02 	2.500000e-02 	9.703068e-01 	2.791368e-03 	2.791368e-03 	
-5.750000e-01	2.500000e-02 	2.500000e-02 	1.004098e+00 	2.969585e-03 	2.969585e-03 	
-5.250000e-01	2.500000e-02 	2.500000e-02 	1.023903e+00 	2.958929e-03 	2.958929e-03 	
-4.750000e-01	2.500000e-02 	2.500000e-02 	1.048951e+00 	3.022915e-03 	3.022915e-03 	
-4.250000e-01	2.500000e-02 	2.500000e-02 	1.075310e+00 	3.105415e-03 	3.105415e-03 	
-3.750000e-01	2.500000e-02 	2.500000e-02 	1.093343e+00 	3.140452e-03 	3.140452e-03 	
-3.250000e-01	2.500000e-02 	2.500000e-02 	1.108017e+00 	3.194065e-03 	3.194065e-03 	
-2.750000e-01	2.500000e-02 	2.500000e-02 	1.128918e+00 	3.340812e-03 	3.340812e-03 	
-2.250000e-01	2.500000e-02 	2.500000e-02 	1.144956e+00 	3.343770e-03 	3.343770e-03 	
-1.750000e-01	2.500000e-02 	2.500000e-02 	1.156921e+00 	3.417245e-03 	3.417245e-03 	
-1.250000e-01	2.500000e-02 	2.500000e-02 	1.160478e+00 	3.410100e-03 	3.410100e-03 	
-7.500000e-02	2.500000e-02 	2.500000e-02 	1.169405e+00 	3.797123e-03 	3.797123e-03 	
-2.500000e-02	2.500000e-02 	2.500000e-02 	1.175586e+00 	3.454903e-03 	3.454903e-03 	
2.500000e-02 	2.500000e-02 	2.500000e-02 	1.172196e+00 	3.470387e-03 	3.470387e-03 	
7.500000e-02 	2.500000e-02 	2.500000e-02 	1.168271e+00 	3.444963e-03 	3.444963e-03 	
1.250000e-01 	2.500000e-02 	2.500000e-02 	1.164235e+00 	3.385529e-03 	3.385529e-03 	
1.750000e-01 	2.500000e-02 	2.500000e-02 	1.156704e+00 	3.408325e-03 	3.408325e-03 	
2.250000e-01 	2.500000e-02 	2.500000e-02 	1.144744e+00 	3.339099e-03 	3.339099e-03 	
2.750000e-01 	2.500000e-02 	2.500000e-02 	1.135139e+00 	3.353024e-03 	3.353024e-03 	
3.250000e-01 	2.500000e-02 	2.500000e-02 	1.117414e+00 	3.277735e-03 	3.277735e-03 	
3.750000e-01 	2.500000e-02 	2.500000e-02 	1.099642e+00 	3.153437e-03 	3.153437e-03 	
4.250000e-01 	2.500000e-02 	2.500000e-02 	1.076996e+00 	3.114006e-03 	3.114006e-03 	
4.750000e-01 	2.500000e-02 	2.500000e-02 	1.059889e+00 	3.051085e-03 	3.051085e-03 	
5.250000e-01 	2.500000e-02 	2.500000e-02 	1.031995e+00 	3.014094e-03 	3.014094e-03 	
5.750000e-01 	2.500000e-02 	2.500000e-02 	1.009738e+00 	2.921665e-03 	2.921665e-03 	
6.250000e-01 	2.500000e-02 	2.500000e-02 	9.769066e-01 	2.890464e-03 	2.890464e-03 	
6.750000e-01 	2.500000e-02 	2.500000e-02 	9.498329e-01 	2.774571e-03 	2.774571e-03 	
7.250000e-01 	2.500000e-02 	2.500000e-02 	9.189567e-01 	2.738573e-03 	2.738573e-03 	
7.750000e-01 	2.500000e-02 	2.500000e-02 	8.827362e-01 	2.727642e-03 	2.727642e-03 	
8.250000e-01 	2.500000e-02 	2.500000e-02 	8.441851e-01 	2.667235e-03 	2.667235e-03 	
8.750000e-01 	2.500000e-02 	2.500000e-02 	8.097634e-01 	2.670782e-03 	2.670782e-03 	
9.250000e-01 	2.500000e-02 	2.500000e-02 	7.611204e-01 	2.681970e-03 	2.681970e-03 	
9.750000e-01 	2.500000e-02 	2.500000e-02 	7.012030e-01 	2.720011e-03 	2.720011e-03 	
END SCATTER2D

BEGIN SCATTER2D /COMETA_ZZ_production_analysis/cscatt
Path=/COMETA_ZZ_production_analysis/cscatt
ScaledBy=1.07706345496762996e-05
Title=~
# val1       	err1-        	err1+        	val2         	err2-        	err2+        	
1.250000e-02 	1.250000e-02 	1.250000e-02 	1.891961e+00 	6.222172e-03 	6.222172e-03 	
3.750000e-02 	1.250000e-02 	1.250000e-02 	1.882373e+00 	6.140888e-03 	6.140888e-03 	
6.250000e-02 	1.250000e-02 	1.250000e-02 	1.889860e+00 	6.120742e-03 	6.120742e-03 	
8.750000e-02 	1.250000e-02 	1.250000e-02 	1.881848e+00 	6.103891e-03 	6.103891e-03 	
1.125000e-01 	1.250000e-02 	1.250000e-02 	1.858704e+00 	6.016918e-03 	6.016918e-03 	
1.375000e-01 	1.250000e-02 	1.250000e-02 	1.860439e+00 	6.035339e-03 	6.035339e-03 	
1.625000e-01 	1.250000e-02 	1.250000e-02 	1.836333e+00 	5.941860e-03 	5.941860e-03 	
1.875000e-01 	1.250000e-02 	1.250000e-02 	1.823420e+00 	5.897803e-03 	5.897803e-03 	
2.125000e-01 	1.250000e-02 	1.250000e-02 	1.802986e+00 	6.608096e-03 	6.608096e-03 	
2.375000e-01 	1.250000e-02 	1.250000e-02 	1.787057e+00 	5.780924e-03 	5.780924e-03 	
2.625000e-01 	1.250000e-02 	1.250000e-02 	1.762154e+00 	5.769506e-03 	5.769506e-03 	
2.875000e-01 	1.250000e-02 	1.250000e-02 	1.729934e+00 	5.564763e-03 	5.564763e-03 	
3.125000e-01 	1.250000e-02 	1.250000e-02 	1.705842e+00 	5.486421e-03 	5.486421e-03 	
3.375000e-01 	1.250000e-02 	1.250000e-02 	1.682292e+00 	5.403096e-03 	5.403096e-03 	
3.625000e-01 	1.250000e-02 	1.250000e-02 	1.644732e+00 	5.270565e-03 	5.270565e-03 	
3.875000e-01 	1.250000e-02 	1.250000e-02 	1.620845e+00 	5.210598e-03 	5.210598e-03 	
4.125000e-01 	1.250000e-02 	1.250000e-02 	1.593684e+00 	5.111486e-03 	5.111486e-03 	
4.375000e-01 	1.250000e-02 	1.250000e-02 	1.557377e+00 	4.998114e-03 	4.998114e-03 	
4.625000e-01 	1.250000e-02 	1.250000e-02 	1.528994e+00 	4.956933e-03 	4.956933e-03 	
4.875000e-01 	1.250000e-02 	1.250000e-02 	1.487840e+00 	4.863764e-03 	4.863764e-03 	
5.125000e-01 	1.250000e-02 	1.250000e-02 	1.476465e+00 	4.881586e-03 	4.881586e-03 	
5.375000e-01 	1.250000e-02 	1.250000e-02 	1.449685e+00 	4.764448e-03 	4.764448e-03 	
5.625000e-01 	1.250000e-02 	1.250000e-02 	1.421499e+00 	4.801591e-03 	4.801591e-03 	
5.875000e-01 	1.250000e-02 	1.250000e-02 	1.398201e+00 	4.693439e-03 	4.693439e-03 	
6.125000e-01 	1.250000e-02 	1.250000e-02 	1.384329e+00 	4.677221e-03 	4.677221e-03 	
6.375000e-01 	1.250000e-02 	1.250000e-02 	1.386041e+00 	4.789715e-03 	4.789715e-03 	
6.625000e-01 	1.250000e-02 	1.250000e-02 	1.384276e+00 	4.700021e-03 	4.700021e-03 	
6.875000e-01 	1.250000e-02 	1.250000e-02 	1.387802e+00 	4.717577e-03 	4.717577e-03 	
7.125000e-01 	1.250000e-02 	1.250000e-02 	1.428936e+00 	4.890355e-03 	4.890355e-03 	
7.375000e-01 	1.250000e-02 	1.250000e-02 	1.471596e+00 	5.021682e-03 	5.021682e-03 	
7.625000e-01 	1.250000e-02 	1.250000e-02 	1.542774e+00 	5.225461e-03 	5.225461e-03 	
7.875000e-01 	1.250000e-02 	1.250000e-02 	1.653518e+00 	5.456416e-03 	5.456416e-03 	
8.125000e-01 	1.250000e-02 	1.250000e-02 	1.781182e+00 	5.809732e-03 	5.809732e-03 	
8.375000e-01 	1.250000e-02 	1.250000e-02 	1.978084e+00 	7.537891e-03 	7.537891e-03 	
8.625000e-01 	1.250000e-02 	1.250000e-02 	2.237053e+00 	6.671110e-03 	6.671110e-03 	
8.875000e-01 	1.250000e-02 	1.250000e-02 	2.604634e+00 	7.144092e-03 	7.144092e-03 	
9.125000e-01 	1.250000e-02 	1.250000e-02 	3.117074e+00 	7.861009e-03 	7.861009e-03 	
9.375000e-01 	1.250000e-02 	1.250000e-02 	3.865377e+00 	8.731923e-03 	8.731923e-03 	
9.625000e-01 	1.250000e-02 	1.250000e-02 	5.109355e+00 	1.015923e-02 	1.015923e-02 	
9.875000e-01 	1.250000e-02 	1.250000e-02 	7.642436e+00 	1.217140e-02 	1.217140e-02 	
END SCATTER2D

BEGIN SCATTER2D /COMETA_ZZ_production_analysis/cosee
Path=/COMETA_ZZ_production_analysis/cosee
ScaledBy=1.07706345496762996e-05
Title=~
# val1       	err1-        	err1+        	val2         	err2-        	err2+        	
-9.750000e-01	2.500000e-02 	2.500000e-02 	1.278395e+00 	3.279608e-03 	3.279608e-03 	
-9.250000e-01	2.500000e-02 	2.500000e-02 	1.156453e+00 	3.170478e-03 	3.170478e-03 	
-8.750000e-01	2.500000e-02 	2.500000e-02 	1.087110e+00 	3.116420e-03 	3.116420e-03 	
-8.250000e-01	2.500000e-02 	2.500000e-02 	1.034617e+00 	3.044903e-03 	3.044903e-03 	
-7.750000e-01	2.500000e-02 	2.500000e-02 	9.957209e-01 	3.021152e-03 	3.021152e-03 	
-7.250000e-01	2.500000e-02 	2.500000e-02 	9.750767e-01 	3.007843e-03 	3.007843e-03 	
-6.750000e-01	2.500000e-02 	2.500000e-02 	9.518580e-01 	2.975210e-03 	2.975210e-03 	
-6.250000e-01	2.500000e-02 	2.500000e-02 	9.329594e-01 	2.946449e-03 	2.946449e-03 	
-5.750000e-01	2.500000e-02 	2.500000e-02 	9.200330e-01 	2.924101e-03 	2.924101e-03 	
-5.250000e-01	2.500000e-02 	2.500000e-02 	9.101269e-01 	2.944428e-03 	2.944428e-03 	
-4.750000e-01	2.500000e-02 	2.500000e-02 	9.054114e-01 	2.909392e-03 	2.909392e-03 	
-4.250000e-01	2.500000e-02 	2.500000e-02 	8.995953e-01 	2.916258e-03 	2.916258e-03 	
-3.750000e-01	2.500000e-02 	2.500000e-02 	8.913488e-01 	2.852706e-03 	2.852706e-03 	
-3.250000e-01	2.500000e-02 	2.500000e-02 	8.842028e-01 	2.843754e-03 	2.843754e-03 	
-2.750000e-01	2.500000e-02 	2.500000e-02 	8.852489e-01 	2.848345e-03 	2.848345e-03 	
-2.250000e-01	2.500000e-02 	2.500000e-02 	8.810579e-01 	2.836043e-03 	2.836043e-03 	
-1.750000e-01	2.500000e-02 	2.500000e-02 	8.793744e-01 	2.831419e-03 	2.831419e-03 	
-1.250000e-01	2.500000e-02 	2.500000e-02 	8.837740e-01 	2.843318e-03 	2.843318e-03 	
-7.500000e-02	2.500000e-02 	2.500000e-02 	8.849539e-01 	2.811979e-03 	2.811979e-03 	
-2.500000e-02	2.500000e-02 	2.500000e-02 	8.915867e-01 	2.844318e-03 	2.844318e-03 	
2.500000e-02 	2.500000e-02 	2.500000e-02 	9.010813e-01 	3.297120e-03 	3.297120e-03 	
7.500000e-02 	2.500000e-02 	2.500000e-02 	9.036760e-01 	2.898780e-03 	2.898780e-03 	
1.250000e-01 	2.500000e-02 	2.500000e-02 	9.149878e-01 	2.873299e-03 	2.873299e-03 	
1.750000e-01 	2.500000e-02 	2.500000e-02 	9.287662e-01 	2.949045e-03 	2.949045e-03 	
2.250000e-01 	2.500000e-02 	2.500000e-02 	9.328754e-01 	2.879047e-03 	2.879047e-03 	
2.750000e-01 	2.500000e-02 	2.500000e-02 	9.513370e-01 	2.918127e-03 	2.918127e-03 	
3.250000e-01 	2.500000e-02 	2.500000e-02 	9.683834e-01 	2.896959e-03 	2.896959e-03 	
3.750000e-01 	2.500000e-02 	2.500000e-02 	9.946085e-01 	2.973933e-03 	2.973933e-03 	
4.250000e-01 	2.500000e-02 	2.500000e-02 	1.018868e+00 	2.994382e-03 	2.994382e-03 	
4.750000e-01 	2.500000e-02 	2.500000e-02 	1.050942e+00 	3.105771e-03 	3.105771e-03 	
5.250000e-01 	2.500000e-02 	2.500000e-02 	1.085591e+00 	3.125219e-03 	3.125219e-03 	
5.750000e-01 	2.500000e-02 	2.500000e-02 	1.124910e+00 	3.149577e-03 	3.149577e-03 	
6.250000e-01 	2.500000e-02 	2.500000e-02 	1.171802e+00 	3.250669e-03 	3.250669e-03 	
6.750000e-01 	2.500000e-02 	2.500000e-02 	1.230209e+00 	3.986327e-03 	3.986327e-03 	
7.250000e-01 	2.500000e-02 	2.500000e-02 	1.296754e+00 	3.409453e-03 	3.409453e-03 	
7.750000e-01 	2.500000e-02 	2.500000e-02 	1.373239e+00 	3.574642e-03 	3.574642e-03 	
8.250000e-01 	2.500000e-02 	2.500000e-02 	1.448262e+00 	3.732704e-03 	3.732704e-03 	
8.750000e-01 	2.500000e-02 	2.500000e-02 	1.456803e+00 	3.820280e-03 	3.820280e-03 	
9.250000e-01 	2.500000e-02 	2.500000e-02 	1.109293e+00 	3.462434e-03 	3.462434e-03 	
9.750000e-01 	2.500000e-02 	2.500000e-02 	2.832042e-01 	1.924684e-03 	1.924684e-03 	
END SCATTER2D

BEGIN SCATTER2D /COMETA_ZZ_production_analysis/cospp
Path=/COMETA_ZZ_production_analysis/cospp
ScaledBy=1.07706345496762996e-05
Title=~
# val1       	err1-        	err1+        	val2         	err2-        	err2+        	
-9.750000e-01	2.500000e-02 	2.500000e-02 	8.317112e-01 	3.037148e-03 	3.037148e-03 	
-9.250000e-01	2.500000e-02 	2.500000e-02 	8.233170e-01 	3.014080e-03 	3.014080e-03 	
-8.750000e-01	2.500000e-02 	2.500000e-02 	8.216796e-01 	2.952894e-03 	2.952894e-03 	
-8.250000e-01	2.500000e-02 	2.500000e-02 	8.166309e-01 	2.953326e-03 	2.953326e-03 	
-7.750000e-01	2.500000e-02 	2.500000e-02 	8.078119e-01 	2.884149e-03 	2.884149e-03 	
-7.250000e-01	2.500000e-02 	2.500000e-02 	8.032680e-01 	2.846164e-03 	2.846164e-03 	
-6.750000e-01	2.500000e-02 	2.500000e-02 	7.974045e-01 	2.784012e-03 	2.784012e-03 	
-6.250000e-01	2.500000e-02 	2.500000e-02 	7.931806e-01 	2.744965e-03 	2.744965e-03 	
-5.750000e-01	2.500000e-02 	2.500000e-02 	7.911590e-01 	2.734577e-03 	2.734577e-03 	
-5.250000e-01	2.500000e-02 	2.500000e-02 	7.907330e-01 	2.762472e-03 	2.762472e-03 	
-4.750000e-01	2.500000e-02 	2.500000e-02 	7.921764e-01 	2.739701e-03 	2.739701e-03 	
-4.250000e-01	2.500000e-02 	2.500000e-02 	7.963671e-01 	2.741815e-03 	2.741815e-03 	
-3.750000e-01	2.500000e-02 	2.500000e-02 	7.912448e-01 	2.701631e-03 	2.701631e-03 	
-3.250000e-01	2.500000e-02 	2.500000e-02 	7.945184e-01 	2.728424e-03 	2.728424e-03 	
-2.750000e-01	2.500000e-02 	2.500000e-02 	7.986951e-01 	2.730266e-03 	2.730266e-03 	
-2.250000e-01	2.500000e-02 	2.500000e-02 	8.040523e-01 	2.711889e-03 	2.711889e-03 	
-1.750000e-01	2.500000e-02 	2.500000e-02 	8.082153e-01 	2.728532e-03 	2.728532e-03 	
-1.250000e-01	2.500000e-02 	2.500000e-02 	8.172340e-01 	2.724407e-03 	2.724407e-03 	
-7.500000e-02	2.500000e-02 	2.500000e-02 	8.222151e-01 	2.722415e-03 	2.722415e-03 	
-2.500000e-02	2.500000e-02 	2.500000e-02 	8.321764e-01 	2.717343e-03 	2.717343e-03 	
2.500000e-02 	2.500000e-02 	2.500000e-02 	8.437122e-01 	2.715518e-03 	2.715518e-03 	
7.500000e-02 	2.500000e-02 	2.500000e-02 	8.582080e-01 	2.761826e-03 	2.761826e-03 	
1.250000e-01 	2.500000e-02 	2.500000e-02 	8.753304e-01 	2.809276e-03 	2.809276e-03 	
1.750000e-01 	2.500000e-02 	2.500000e-02 	8.867480e-01 	2.802571e-03 	2.802571e-03 	
2.250000e-01 	2.500000e-02 	2.500000e-02 	9.090224e-01 	2.792352e-03 	2.792352e-03 	
2.750000e-01 	2.500000e-02 	2.500000e-02 	9.277170e-01 	2.906231e-03 	2.906231e-03 	
3.250000e-01 	2.500000e-02 	2.500000e-02 	9.573049e-01 	2.919392e-03 	2.919392e-03 	
3.750000e-01 	2.500000e-02 	2.500000e-02 	9.826864e-01 	2.899342e-03 	2.899342e-03 	
4.250000e-01 	2.500000e-02 	2.500000e-02 	1.018444e+00 	2.956710e-03 	2.956710e-03 	
4.750000e-01 	2.500000e-02 	2.500000e-02 	1.055091e+00 	3.028269e-03 	3.028269e-03 	
5.250000e-01 	2.500000e-02 	2.500000e-02 	1.094713e+00 	3.069959e-03 	3.069959e-03 	
5.750000e-01 	2.500000e-02 	2.500000e-02 	1.153064e+00 	3.162019e-03 	3.162019e-03 	
6.250000e-01 	2.500000e-02 	2.500000e-02 	1.208364e+00 	3.267763e-03 	3.267763e-03 	
6.750000e-01 	2.500000e-02 	2.500000e-02 	1.284436e+00 	3.349518e-03 	3.349518e-03 	
7.250000e-01 	2.500000e-02 	2.500000e-02 	1.380014e+00 	3.473261e-03 	3.473261e-03 	
7.750000e-01 	2.500000e-02 	2.500000e-02 	1.483986e+00 	3.583617e-03 	3.583617e-03 	
8.250000e-01 	2.500000e-02 	2.500000e-02 	1.627281e+00 	3.801878e-03 	3.801878e-03 	
8.750000e-01 	2.500000e-02 	2.500000e-02 	1.795715e+00 	4.038684e-03 	4.038684e-03 	
9.250000e-01 	2.500000e-02 	2.500000e-02 	1.932648e+00 	4.776229e-03 	4.776229e-03 	
9.750000e-01 	2.500000e-02 	2.500000e-02 	1.866220e+00 	4.401792e-03 	4.401792e-03 	
END SCATTER2D

BEGIN SCATTER2D /COMETA_ZZ_production_analysis/cp1dmap_ZZ
Path=/COMETA_ZZ_production_analysis/cp1dmap_ZZ
ScaledBy=1.07706345496762996e-05
Title=~
# val1       	err1-        	err1+        	val2         	err2-        	err2+        	
5.000000e-01 	5.000000e-01 	5.000000e-01 	7.443176e-03 	4.590300e-05 	4.590300e-05 	
1.500000e+00 	5.000000e-01 	5.000000e-01 	1.219765e-02 	6.475682e-05 	6.475682e-05 	
2.500000e+00 	5.000000e-01 	5.000000e-01 	2.354376e-02 	9.362977e-05 	9.362977e-05 	
3.500000e+00 	5.000000e-01 	5.000000e-01 	4.096891e-02 	1.318166e-04 	1.318166e-04 	
4.500000e+00 	5.000000e-01 	5.000000e-01 	6.794947e-02 	1.728260e-04 	1.728260e-04 	
5.500000e+00 	5.000000e-01 	5.000000e-01 	1.116061e-01 	2.294559e-04 	2.294559e-04 	
6.500000e+00 	5.000000e-01 	5.000000e-01 	2.083889e-01 	3.236325e-04 	3.236325e-04 	
7.500000e+00 	5.000000e-01 	5.000000e-01 	2.086963e-01 	3.208163e-04 	3.208163e-04 	
8.500000e+00 	5.000000e-01 	5.000000e-01 	1.116775e-01 	2.372994e-04 	2.372994e-04 	
9.500000e+00 	5.000000e-01 	5.000000e-01 	6.787906e-02 	1.704913e-04 	1.704913e-04 	
1.050000e+01 	5.000000e-01 	5.000000e-01 	4.133833e-02 	1.304278e-04 	1.304278e-04 	
1.150000e+01 	5.000000e-01 	5.000000e-01 	2.340062e-02 	9.163978e-05 	9.163978e-05 	
1.250000e+01 	5.000000e-01 	5.000000e-01 	1.226595e-02 	6.333210e-05 	6.333210e-05 	
1.350000e+01 	5.000000e-01 	5.000000e-01 	7.432034e-03 	4.457639e-05 	4.457639e-05 	
1.450000e+01 	5.000000e-01 	5.000000e-01 	6.210900e-02 	1.764717e-04 	1.764717e-04 	
1.550000e+01 	5.000000e-01 	5.000000e-01 	6.199849e-02 	1.737976e-04 	1.737976e-04 	
1.650000e+01 	5.000000e-01 	5.000000e-01 	7.346838e-03 	4.239296e-05 	4.239296e-05 	
1.750000e+01 	5.000000e-01 	5.000000e-01 	1.223889e-02 	6.313654e-05 	6.313654e-05 	
1.850000e+01 	5.000000e-01 	5.000000e-01 	2.349427e-02 	9.255856e-05 	9.255856e-05 	
1.950000e+01 	5.000000e-01 	5.000000e-01 	4.117756e-02 	1.290878e-04 	1.290878e-04 	
2.050000e+01 	5.000000e-01 	5.000000e-01 	6.796283e-02 	1.711529e-04 	1.711529e-04 	
2.150000e+01 	5.000000e-01 	5.000000e-01 	1.114816e-01 	2.229690e-04 	2.229690e-04 	
2.250000e+01 	5.000000e-01 	5.000000e-01 	2.083127e-01 	3.207051e-04 	3.207051e-04 	
2.350000e+01 	5.000000e-01 	5.000000e-01 	2.086915e-01 	3.399892e-04 	3.399892e-04 	
2.450000e+01 	5.000000e-01 	5.000000e-01 	1.117115e-01 	2.294452e-04 	2.294452e-04 	
2.550000e+01 	5.000000e-01 	5.000000e-01 	6.826171e-02 	1.753748e-04 	1.753748e-04 	
2.650000e+01 	5.000000e-01 	5.000000e-01 	4.101187e-02 	1.292496e-04 	1.292496e-04 	
2.750000e+01 	5.000000e-01 	5.000000e-01 	2.356702e-02 	9.456536e-05 	9.456536e-05 	
2.850000e+01 	5.000000e-01 	5.000000e-01 	1.215785e-02 	6.470553e-05 	6.470553e-05 	
2.950000e+01 	5.000000e-01 	5.000000e-01 	7.413455e-03 	4.559623e-05 	4.559623e-05 	
END SCATTER2D

