BEGIN SCATTER2D /COMETA_ZZ_production_analysis/totxsec
Path=/COMETA_ZZ_production_analysis/totxsec
ScaledBy=1.08663469759102575e-05
Title=~
# val1       	err1-        	err1+        	val2         	err2-        	err2+        	
5.000000e-01 	5.000000e-01 	5.000000e-01 	2.030267e+00 	9.789941e-04 	9.789941e-04 	
END SCATTER2D

BEGIN SCATTER2D /COMETA_ZZ_production_analysis/m4l
Path=/COMETA_ZZ_production_analysis/m4l
ScaledBy=1.08663469759102575e-05
Title=~
# val1       	err1-        	err1+        	val2         	err2-        	err2+        	
1.000000e+01 	1.000000e+01 	1.000000e+01 	0.000000e+00 	0.000000e+00 	0.000000e+00 	
3.000000e+01 	1.000000e+01 	1.000000e+01 	0.000000e+00 	0.000000e+00 	0.000000e+00 	
5.000000e+01 	1.000000e+01 	1.000000e+01 	0.000000e+00 	0.000000e+00 	0.000000e+00 	
7.000000e+01 	1.000000e+01 	1.000000e+01 	0.000000e+00 	0.000000e+00 	0.000000e+00 	
9.000000e+01 	1.000000e+01 	1.000000e+01 	0.000000e+00 	0.000000e+00 	0.000000e+00 	
1.100000e+02 	1.000000e+01 	1.000000e+01 	0.000000e+00 	0.000000e+00 	0.000000e+00 	
1.300000e+02 	1.000000e+01 	1.000000e+01 	0.000000e+00 	0.000000e+00 	0.000000e+00 	
1.500000e+02 	1.000000e+01 	1.000000e+01 	0.000000e+00 	0.000000e+00 	0.000000e+00 	
1.700000e+02 	1.000000e+01 	1.000000e+01 	0.000000e+00 	0.000000e+00 	0.000000e+00 	
1.900000e+02 	1.000000e+01 	1.000000e+01 	2.181789e-02 	2.298842e-05 	2.298842e-05 	
2.100000e+02 	1.000000e+01 	1.000000e+01 	2.412861e-02 	2.314392e-05 	2.314392e-05 	
2.300000e+02 	1.000000e+01 	1.000000e+01 	1.649619e-02 	1.890568e-05 	1.890568e-05 	
2.500000e+02 	1.000000e+01 	1.000000e+01 	1.102840e-02 	1.559708e-05 	1.559708e-05 	
2.700000e+02 	1.000000e+01 	1.000000e+01 	7.481733e-03 	1.298038e-05 	1.298038e-05 	
2.900000e+02 	1.000000e+01 	1.000000e+01 	5.182769e-03 	1.113523e-05 	1.113523e-05 	
3.100000e+02 	1.000000e+01 	1.000000e+01 	3.681077e-03 	9.446400e-06 	9.446400e-06 	
3.300000e+02 	1.000000e+01 	1.000000e+01 	2.666406e-03 	8.273706e-06 	8.273706e-06 	
3.500000e+02 	1.000000e+01 	1.000000e+01 	1.960522e-03 	7.210762e-06 	7.210762e-06 	
3.700000e+02 	1.000000e+01 	1.000000e+01 	1.470070e-03 	6.425460e-06 	6.425460e-06 	
3.900000e+02 	1.000000e+01 	1.000000e+01 	1.112591e-03 	5.854970e-06 	5.854970e-06 	
4.100000e+02 	1.000000e+01 	1.000000e+01 	8.641160e-04 	5.134344e-06 	5.134344e-06 	
4.300000e+02 	1.000000e+01 	1.000000e+01 	6.690295e-04 	4.505179e-06 	4.505179e-06 	
4.500000e+02 	1.000000e+01 	1.000000e+01 	5.316307e-04 	4.266537e-06 	4.266537e-06 	
4.700000e+02 	1.000000e+01 	1.000000e+01 	4.175586e-04 	3.811950e-06 	3.811950e-06 	
4.900000e+02 	1.000000e+01 	1.000000e+01 	3.382932e-04 	3.625279e-06 	3.625279e-06 	
5.100000e+02 	1.000000e+01 	1.000000e+01 	2.705875e-04 	3.136742e-06 	3.136742e-06 	
5.300000e+02 	1.000000e+01 	1.000000e+01 	2.237929e-04 	2.826134e-06 	2.826134e-06 	
5.500000e+02 	1.000000e+01 	1.000000e+01 	1.817918e-04 	2.604220e-06 	2.604220e-06 	
5.700000e+02 	1.000000e+01 	1.000000e+01 	1.483617e-04 	2.382210e-06 	2.382210e-06 	
5.900000e+02 	1.000000e+01 	1.000000e+01 	1.239596e-04 	2.209701e-06 	2.209701e-06 	
6.100000e+02 	1.000000e+01 	1.000000e+01 	1.028124e-04 	1.986340e-06 	1.986340e-06 	
6.300000e+02 	1.000000e+01 	1.000000e+01 	8.619135e-05 	1.858891e-06 	1.858891e-06 	
6.500000e+02 	1.000000e+01 	1.000000e+01 	7.526367e-05 	1.841726e-06 	1.841726e-06 	
6.700000e+02 	1.000000e+01 	1.000000e+01 	6.098366e-05 	1.604639e-06 	1.604639e-06 	
6.900000e+02 	1.000000e+01 	1.000000e+01 	5.307817e-05 	1.454144e-06 	1.454144e-06 	
7.100000e+02 	1.000000e+01 	1.000000e+01 	4.415413e-05 	1.311980e-06 	1.311980e-06 	
7.300000e+02 	1.000000e+01 	1.000000e+01 	3.666463e-05 	1.126552e-06 	1.126552e-06 	
7.500000e+02 	1.000000e+01 	1.000000e+01 	3.346233e-05 	1.064011e-06 	1.064011e-06 	
7.700000e+02 	1.000000e+01 	1.000000e+01 	2.853366e-05 	1.223361e-06 	1.223361e-06 	
7.900000e+02 	1.000000e+01 	1.000000e+01 	2.433877e-05 	8.208249e-07 	8.208249e-07 	
8.100000e+02 	1.000000e+01 	1.000000e+01 	1.945410e-05 	7.292639e-07 	7.292639e-07 	
8.300000e+02 	1.000000e+01 	1.000000e+01 	1.823182e-05 	8.160809e-07 	8.160809e-07 	
8.500000e+02 	1.000000e+01 	1.000000e+01 	1.474627e-05 	5.522669e-07 	5.522669e-07 	
8.700000e+02 	1.000000e+01 	1.000000e+01 	1.249395e-05 	6.372705e-07 	6.372705e-07 	
8.900000e+02 	1.000000e+01 	1.000000e+01 	1.217461e-05 	5.867465e-07 	5.867465e-07 	
9.100000e+02 	1.000000e+01 	1.000000e+01 	1.047129e-05 	7.338809e-07 	7.338809e-07 	
9.300000e+02 	1.000000e+01 	1.000000e+01 	8.920773e-06 	3.620587e-07 	3.620587e-07 	
9.500000e+02 	1.000000e+01 	1.000000e+01 	8.274321e-06 	3.630279e-07 	3.630279e-07 	
9.700000e+02 	1.000000e+01 	1.000000e+01 	7.101196e-06 	3.168025e-07 	3.168025e-07 	
9.900000e+02 	1.000000e+01 	1.000000e+01 	6.873401e-06 	6.450081e-07 	6.450081e-07 	
1.010000e+03 	1.000000e+01 	1.000000e+01 	5.778176e-06 	3.014028e-07 	3.014028e-07 	
1.030000e+03 	1.000000e+01 	1.000000e+01 	4.688098e-06 	2.200086e-07 	2.200086e-07 	
1.050000e+03 	1.000000e+01 	1.000000e+01 	4.178738e-06 	2.054189e-07 	2.054189e-07 	
1.070000e+03 	1.000000e+01 	1.000000e+01 	3.587783e-06 	1.900215e-07 	1.900215e-07 	
1.090000e+03 	1.000000e+01 	1.000000e+01 	3.307954e-06 	1.881512e-07 	1.881512e-07 	
1.110000e+03 	1.000000e+01 	1.000000e+01 	3.241281e-06 	2.140264e-07 	2.140264e-07 	
1.130000e+03 	1.000000e+01 	1.000000e+01 	2.841256e-06 	1.912550e-07 	1.912550e-07 	
1.150000e+03 	1.000000e+01 	1.000000e+01 	2.500772e-06 	1.457321e-07 	1.457321e-07 	
1.170000e+03 	1.000000e+01 	1.000000e+01 	2.188222e-06 	1.484754e-07 	1.484754e-07 	
1.190000e+03 	1.000000e+01 	1.000000e+01 	1.958292e-06 	1.122186e-07 	1.122186e-07 	
1.210000e+03 	1.000000e+01 	1.000000e+01 	1.740109e-06 	1.207687e-07 	1.207687e-07 	
1.230000e+03 	1.000000e+01 	1.000000e+01 	1.715441e-06 	1.402427e-07 	1.402427e-07 	
1.250000e+03 	1.000000e+01 	1.000000e+01 	1.306818e-06 	8.757843e-08 	8.757843e-08 	
1.270000e+03 	1.000000e+01 	1.000000e+01 	1.362440e-06 	1.001757e-07 	1.001757e-07 	
1.290000e+03 	1.000000e+01 	1.000000e+01 	1.068724e-06 	7.173825e-08 	7.173825e-08 	
1.310000e+03 	1.000000e+01 	1.000000e+01 	8.980404e-07 	6.329194e-08 	6.329194e-08 	
1.330000e+03 	1.000000e+01 	1.000000e+01 	9.879925e-07 	7.211666e-08 	7.211666e-08 	
1.350000e+03 	1.000000e+01 	1.000000e+01 	8.752093e-07 	7.029504e-08 	7.029504e-08 	
1.370000e+03 	1.000000e+01 	1.000000e+01 	7.542361e-07 	5.130074e-08 	5.130074e-08 	
1.390000e+03 	1.000000e+01 	1.000000e+01 	7.020564e-07 	5.113031e-08 	5.113031e-08 	
1.410000e+03 	1.000000e+01 	1.000000e+01 	6.432008e-07 	5.142735e-08 	5.142735e-08 	
1.430000e+03 	1.000000e+01 	1.000000e+01 	5.579232e-07 	4.046340e-08 	4.046340e-08 	
1.450000e+03 	1.000000e+01 	1.000000e+01 	5.021439e-07 	4.137025e-08 	4.137025e-08 	
1.470000e+03 	1.000000e+01 	1.000000e+01 	4.837033e-07 	4.838334e-08 	4.838334e-08 	
1.490000e+03 	1.000000e+01 	1.000000e+01 	4.678954e-07 	3.958979e-08 	3.958979e-08 	
1.510000e+03 	1.000000e+01 	1.000000e+01 	4.378223e-07 	4.432747e-08 	4.432747e-08 	
1.530000e+03 	1.000000e+01 	1.000000e+01 	4.004869e-07 	4.019583e-08 	4.019583e-08 	
1.550000e+03 	1.000000e+01 	1.000000e+01 	3.694314e-07 	3.784836e-08 	3.784836e-08 	
1.570000e+03 	1.000000e+01 	1.000000e+01 	4.352315e-07 	3.656479e-08 	3.656479e-08 	
1.590000e+03 	1.000000e+01 	1.000000e+01 	2.440087e-07 	2.212786e-08 	2.212786e-08 	
1.610000e+03 	1.000000e+01 	1.000000e+01 	2.328995e-07 	1.923078e-08 	1.923078e-08 	
1.630000e+03 	1.000000e+01 	1.000000e+01 	2.343454e-07 	1.948859e-08 	1.948859e-08 	
1.650000e+03 	1.000000e+01 	1.000000e+01 	2.167458e-07 	1.944721e-08 	1.944721e-08 	
1.670000e+03 	1.000000e+01 	1.000000e+01 	2.142102e-07 	2.278987e-08 	2.278987e-08 	
1.690000e+03 	1.000000e+01 	1.000000e+01 	1.918790e-07 	1.727525e-08 	1.727525e-08 	
1.710000e+03 	1.000000e+01 	1.000000e+01 	1.709153e-07 	1.543898e-08 	1.543898e-08 	
1.730000e+03 	1.000000e+01 	1.000000e+01 	1.900889e-07 	2.179222e-08 	2.179222e-08 	
1.750000e+03 	1.000000e+01 	1.000000e+01 	1.358072e-07 	1.424954e-08 	1.424954e-08 	
1.770000e+03 	1.000000e+01 	1.000000e+01 	1.472807e-07 	1.686447e-08 	1.686447e-08 	
1.790000e+03 	1.000000e+01 	1.000000e+01 	1.214015e-07 	1.369838e-08 	1.369838e-08 	
1.810000e+03 	1.000000e+01 	1.000000e+01 	1.165291e-07 	1.185706e-08 	1.185706e-08 	
1.830000e+03 	1.000000e+01 	1.000000e+01 	1.176645e-07 	1.308852e-08 	1.308852e-08 	
1.850000e+03 	1.000000e+01 	1.000000e+01 	9.673435e-08 	1.299546e-08 	1.299546e-08 	
1.870000e+03 	1.000000e+01 	1.000000e+01 	8.971213e-08 	1.168035e-08 	1.168035e-08 	
1.890000e+03 	1.000000e+01 	1.000000e+01 	8.684782e-08 	1.371596e-08 	1.371596e-08 	
1.910000e+03 	1.000000e+01 	1.000000e+01 	8.041814e-08 	8.959041e-09 	8.959041e-09 	
1.930000e+03 	1.000000e+01 	1.000000e+01 	7.997854e-08 	1.136168e-08 	1.136168e-08 	
1.950000e+03 	1.000000e+01 	1.000000e+01 	6.567543e-08 	9.290861e-09 	9.290861e-09 	
1.970000e+03 	1.000000e+01 	1.000000e+01 	6.076460e-08 	6.968905e-09 	6.968905e-09 	
1.990000e+03 	1.000000e+01 	1.000000e+01 	5.786242e-08 	7.169948e-09 	7.169948e-09 	
END SCATTER2D

BEGIN SCATTER2D /COMETA_ZZ_production_analysis/m3l
Path=/COMETA_ZZ_production_analysis/m3l
ScaledBy=1.08663469759102575e-05
Title=~
# val1       	err1-        	err1+        	val2         	err2-        	err2+        	
5.000000e+00 	5.000000e+00 	5.000000e+00 	0.000000e+00 	0.000000e+00 	0.000000e+00 	
1.500000e+01 	5.000000e+00 	5.000000e+00 	0.000000e+00 	0.000000e+00 	0.000000e+00 	
2.500000e+01 	5.000000e+00 	5.000000e+00 	0.000000e+00 	0.000000e+00 	0.000000e+00 	
3.500000e+01 	5.000000e+00 	5.000000e+00 	0.000000e+00 	0.000000e+00 	0.000000e+00 	
4.500000e+01 	5.000000e+00 	5.000000e+00 	0.000000e+00 	0.000000e+00 	0.000000e+00 	
5.500000e+01 	5.000000e+00 	5.000000e+00 	0.000000e+00 	0.000000e+00 	0.000000e+00 	
6.500000e+01 	5.000000e+00 	5.000000e+00 	0.000000e+00 	0.000000e+00 	0.000000e+00 	
7.500000e+01 	5.000000e+00 	5.000000e+00 	0.000000e+00 	0.000000e+00 	0.000000e+00 	
8.500000e+01 	5.000000e+00 	5.000000e+00 	4.128486e-06 	4.207424e-07 	4.207424e-07 	
9.500000e+01 	5.000000e+00 	5.000000e+00 	5.286670e-04 	5.087533e-06 	5.087533e-06 	
1.050000e+02 	5.000000e+00 	5.000000e+00 	4.926171e-03 	1.539679e-05 	1.539679e-05 	
1.150000e+02 	5.000000e+00 	5.000000e+00 	1.304940e-02 	2.357545e-05 	2.357545e-05 	
1.250000e+02 	5.000000e+00 	5.000000e+00 	2.151625e-02 	2.994125e-05 	2.994125e-05 	
1.350000e+02 	5.000000e+00 	5.000000e+00 	2.571611e-02 	3.619523e-05 	3.619523e-05 	
1.450000e+02 	5.000000e+00 	5.000000e+00 	2.394939e-02 	3.309887e-05 	3.309887e-05 	
1.550000e+02 	5.000000e+00 	5.000000e+00 	2.053020e-02 	3.048392e-05 	3.048392e-05 	
1.650000e+02 	5.000000e+00 	5.000000e+00 	1.688580e-02 	2.748573e-05 	2.748573e-05 	
1.750000e+02 	5.000000e+00 	5.000000e+00 	1.369326e-02 	2.565390e-05 	2.565390e-05 	
1.850000e+02 	5.000000e+00 	5.000000e+00 	1.098497e-02 	2.222744e-05 	2.222744e-05 	
1.950000e+02 	5.000000e+00 	5.000000e+00 	8.843592e-03 	2.006190e-05 	2.006190e-05 	
2.050000e+02 	5.000000e+00 	5.000000e+00 	7.117036e-03 	1.815025e-05 	1.815025e-05 	
2.150000e+02 	5.000000e+00 	5.000000e+00 	5.786676e-03 	1.647855e-05 	1.647855e-05 	
2.250000e+02 	5.000000e+00 	5.000000e+00 	4.690897e-03 	1.504129e-05 	1.504129e-05 	
2.350000e+02 	5.000000e+00 	5.000000e+00 	3.809844e-03 	1.347504e-05 	1.347504e-05 	
2.450000e+02 	5.000000e+00 	5.000000e+00 	3.144769e-03 	1.241313e-05 	1.241313e-05 	
2.550000e+02 	5.000000e+00 	5.000000e+00 	2.603636e-03 	1.163351e-05 	1.163351e-05 	
2.650000e+02 	5.000000e+00 	5.000000e+00 	2.154068e-03 	1.082314e-05 	1.082314e-05 	
2.750000e+02 	5.000000e+00 	5.000000e+00 	1.799632e-03 	9.693385e-06 	9.693385e-06 	
2.850000e+02 	5.000000e+00 	5.000000e+00 	1.507770e-03 	9.078694e-06 	9.078694e-06 	
2.950000e+02 	5.000000e+00 	5.000000e+00 	1.283481e-03 	8.542682e-06 	8.542682e-06 	
3.050000e+02 	5.000000e+00 	5.000000e+00 	1.083478e-03 	7.753697e-06 	7.753697e-06 	
3.150000e+02 	5.000000e+00 	5.000000e+00 	9.127172e-04 	7.189704e-06 	7.189704e-06 	
3.250000e+02 	5.000000e+00 	5.000000e+00 	7.911674e-04 	6.909851e-06 	6.909851e-06 	
3.350000e+02 	5.000000e+00 	5.000000e+00 	6.808651e-04 	6.441194e-06 	6.441194e-06 	
3.450000e+02 	5.000000e+00 	5.000000e+00 	5.784108e-04 	5.967615e-06 	5.967615e-06 	
3.550000e+02 	5.000000e+00 	5.000000e+00 	5.074888e-04 	6.633436e-06 	6.633436e-06 	
3.650000e+02 	5.000000e+00 	5.000000e+00 	4.383021e-04 	5.263100e-06 	5.263100e-06 	
3.750000e+02 	5.000000e+00 	5.000000e+00 	3.939838e-04 	5.268354e-06 	5.268354e-06 	
3.850000e+02 	5.000000e+00 	5.000000e+00 	3.375287e-04 	4.797847e-06 	4.797847e-06 	
3.950000e+02 	5.000000e+00 	5.000000e+00 	3.062389e-04 	4.876983e-06 	4.876983e-06 	
4.050000e+02 	5.000000e+00 	5.000000e+00 	2.628538e-04 	4.254231e-06 	4.254231e-06 	
4.150000e+02 	5.000000e+00 	5.000000e+00 	2.229196e-04 	4.419670e-06 	4.419670e-06 	
4.250000e+02 	5.000000e+00 	5.000000e+00 	2.028723e-04 	3.806013e-06 	3.806013e-06 	
4.350000e+02 	5.000000e+00 	5.000000e+00 	1.777703e-04 	3.568128e-06 	3.568128e-06 	
4.450000e+02 	5.000000e+00 	5.000000e+00 	1.536340e-04 	3.074534e-06 	3.074534e-06 	
4.550000e+02 	5.000000e+00 	5.000000e+00 	1.391391e-04 	3.280312e-06 	3.280312e-06 	
4.650000e+02 	5.000000e+00 	5.000000e+00 	1.255948e-04 	3.258609e-06 	3.258609e-06 	
4.750000e+02 	5.000000e+00 	5.000000e+00 	1.102127e-04 	2.798669e-06 	2.798669e-06 	
4.850000e+02 	5.000000e+00 	5.000000e+00 	9.713544e-05 	2.616341e-06 	2.616341e-06 	
4.950000e+02 	5.000000e+00 	5.000000e+00 	8.836194e-05 	2.612421e-06 	2.612421e-06 	
5.050000e+02 	5.000000e+00 	5.000000e+00 	7.849468e-05 	2.513052e-06 	2.513052e-06 	
5.150000e+02 	5.000000e+00 	5.000000e+00 	7.153772e-05 	2.173700e-06 	2.173700e-06 	
5.250000e+02 	5.000000e+00 	5.000000e+00 	6.219095e-05 	2.247634e-06 	2.247634e-06 	
5.350000e+02 	5.000000e+00 	5.000000e+00 	6.057804e-05 	2.160475e-06 	2.160475e-06 	
5.450000e+02 	5.000000e+00 	5.000000e+00 	5.124418e-05 	1.807897e-06 	1.807897e-06 	
5.550000e+02 	5.000000e+00 	5.000000e+00 	4.344502e-05 	2.000672e-06 	2.000672e-06 	
5.650000e+02 	5.000000e+00 	5.000000e+00 	4.311520e-05 	1.647894e-06 	1.647894e-06 	
5.750000e+02 	5.000000e+00 	5.000000e+00 	3.968185e-05 	2.055644e-06 	2.055644e-06 	
5.850000e+02 	5.000000e+00 	5.000000e+00 	3.498035e-05 	1.857467e-06 	1.857467e-06 	
5.950000e+02 	5.000000e+00 	5.000000e+00 	3.449436e-05 	1.648434e-06 	1.648434e-06 	
6.050000e+02 	5.000000e+00 	5.000000e+00 	2.648321e-05 	1.330678e-06 	1.330678e-06 	
6.150000e+02 	5.000000e+00 	5.000000e+00 	2.732954e-05 	1.246489e-06 	1.246489e-06 	
6.250000e+02 	5.000000e+00 	5.000000e+00 	2.516079e-05 	1.094865e-06 	1.094865e-06 	
6.350000e+02 	5.000000e+00 	5.000000e+00 	2.211377e-05 	1.095185e-06 	1.095185e-06 	
6.450000e+02 	5.000000e+00 	5.000000e+00 	1.963327e-05 	1.269159e-06 	1.269159e-06 	
6.550000e+02 	5.000000e+00 	5.000000e+00 	1.759288e-05 	1.028610e-06 	1.028610e-06 	
6.650000e+02 	5.000000e+00 	5.000000e+00 	1.694613e-05 	1.002400e-06 	1.002400e-06 	
6.750000e+02 	5.000000e+00 	5.000000e+00 	1.703500e-05 	9.322422e-07 	9.322422e-07 	
6.850000e+02 	5.000000e+00 	5.000000e+00 	1.335682e-05 	6.891206e-07 	6.891206e-07 	
6.950000e+02 	5.000000e+00 	5.000000e+00 	1.332761e-05 	6.763822e-07 	6.763822e-07 	
7.050000e+02 	5.000000e+00 	5.000000e+00 	1.171702e-05 	9.359597e-07 	9.359597e-07 	
7.150000e+02 	5.000000e+00 	5.000000e+00 	1.072475e-05 	5.483799e-07 	5.483799e-07 	
7.250000e+02 	5.000000e+00 	5.000000e+00 	9.815803e-06 	4.877415e-07 	4.877415e-07 	
7.350000e+02 	5.000000e+00 	5.000000e+00 	9.293170e-06 	5.298809e-07 	5.298809e-07 	
7.450000e+02 	5.000000e+00 	5.000000e+00 	8.830588e-06 	5.137155e-07 	5.137155e-07 	
7.550000e+02 	5.000000e+00 	5.000000e+00 	8.273927e-06 	6.164062e-07 	6.164062e-07 	
7.650000e+02 	5.000000e+00 	5.000000e+00 	7.513773e-06 	4.473090e-07 	4.473090e-07 	
7.750000e+02 	5.000000e+00 	5.000000e+00 	7.355018e-06 	5.350917e-07 	5.350917e-07 	
7.850000e+02 	5.000000e+00 	5.000000e+00 	6.296361e-06 	6.567535e-07 	6.567535e-07 	
7.950000e+02 	5.000000e+00 	5.000000e+00 	5.300443e-06 	4.652455e-07 	4.652455e-07 	
8.050000e+02 	5.000000e+00 	5.000000e+00 	4.831708e-06 	3.156742e-07 	3.156742e-07 	
8.150000e+02 	5.000000e+00 	5.000000e+00 	4.519097e-06 	3.162703e-07 	3.162703e-07 	
8.250000e+02 	5.000000e+00 	5.000000e+00 	4.578965e-06 	3.787618e-07 	3.787618e-07 	
8.350000e+02 	5.000000e+00 	5.000000e+00 	3.636467e-06 	2.261633e-07 	2.261633e-07 	
8.450000e+02 	5.000000e+00 	5.000000e+00 	4.825642e-06 	6.635924e-07 	6.635924e-07 	
8.550000e+02 	5.000000e+00 	5.000000e+00 	4.083531e-06 	4.253026e-07 	4.253026e-07 	
8.650000e+02 	5.000000e+00 	5.000000e+00 	3.314817e-06 	2.681522e-07 	2.681522e-07 	
8.750000e+02 	5.000000e+00 	5.000000e+00 	3.649676e-06 	3.499648e-07 	3.499648e-07 	
8.850000e+02 	5.000000e+00 	5.000000e+00 	2.979413e-06 	2.978680e-07 	2.978680e-07 	
8.950000e+02 	5.000000e+00 	5.000000e+00 	3.232540e-06 	3.290640e-07 	3.290640e-07 	
9.050000e+02 	5.000000e+00 	5.000000e+00 	2.814647e-06 	2.758475e-07 	2.758475e-07 	
9.150000e+02 	5.000000e+00 	5.000000e+00 	3.409594e-06 	1.084538e-06 	1.084538e-06 	
9.250000e+02 	5.000000e+00 	5.000000e+00 	2.623868e-06 	2.315180e-07 	2.315180e-07 	
9.350000e+02 	5.000000e+00 	5.000000e+00 	2.313757e-06 	2.173364e-07 	2.173364e-07 	
9.450000e+02 	5.000000e+00 	5.000000e+00 	2.228633e-06 	2.404087e-07 	2.404087e-07 	
9.550000e+02 	5.000000e+00 	5.000000e+00 	1.574706e-06 	1.288648e-07 	1.288648e-07 	
9.650000e+02 	5.000000e+00 	5.000000e+00 	1.712146e-06 	1.458182e-07 	1.458182e-07 	
9.750000e+02 	5.000000e+00 	5.000000e+00 	1.872129e-06 	2.100070e-07 	2.100070e-07 	
9.850000e+02 	5.000000e+00 	5.000000e+00 	1.474393e-06 	1.675939e-07 	1.675939e-07 	
9.950000e+02 	5.000000e+00 	5.000000e+00 	1.669343e-06 	2.290610e-07 	2.290610e-07 	
END SCATTER2D

BEGIN SCATTER2D /COMETA_ZZ_production_analysis/mpp
Path=/COMETA_ZZ_production_analysis/mpp
ScaledBy=1.08663469759102575e-05
Title=~
# val1       	err1-        	err1+        	val2         	err2-        	err2+        	
5.000000e+00 	5.000000e+00 	5.000000e+00 	1.571538e-03 	8.295007e-06 	8.295007e-06 	
1.500000e+01 	5.000000e+00 	5.000000e+00 	4.818711e-03 	1.693219e-05 	1.693219e-05 	
2.500000e+01 	5.000000e+00 	5.000000e+00 	7.849360e-03 	1.844067e-05 	1.844067e-05 	
3.500000e+01 	5.000000e+00 	5.000000e+00 	1.074464e-02 	2.173154e-05 	2.173154e-05 	
4.500000e+01 	5.000000e+00 	5.000000e+00 	1.359061e-02 	2.453665e-05 	2.453665e-05 	
5.500000e+01 	5.000000e+00 	5.000000e+00 	1.607732e-02 	2.644757e-05 	2.644757e-05 	
6.500000e+01 	5.000000e+00 	5.000000e+00 	1.797393e-02 	2.939541e-05 	2.939541e-05 	
7.500000e+01 	5.000000e+00 	5.000000e+00 	1.889777e-02 	2.877211e-05 	2.877211e-05 	
8.500000e+01 	5.000000e+00 	5.000000e+00 	1.840428e-02 	2.957618e-05 	2.957618e-05 	
9.500000e+01 	5.000000e+00 	5.000000e+00 	1.659657e-02 	2.759243e-05 	2.759243e-05 	
1.050000e+02 	5.000000e+00 	5.000000e+00 	1.420283e-02 	2.563237e-05 	2.563237e-05 	
1.150000e+02 	5.000000e+00 	5.000000e+00 	1.176413e-02 	2.353218e-05 	2.353218e-05 	
1.250000e+02 	5.000000e+00 	5.000000e+00 	9.569042e-03 	2.118184e-05 	2.118184e-05 	
1.350000e+02 	5.000000e+00 	5.000000e+00 	7.670901e-03 	1.899871e-05 	1.899871e-05 	
1.450000e+02 	5.000000e+00 	5.000000e+00 	6.161737e-03 	1.714609e-05 	1.714609e-05 	
1.550000e+02 	5.000000e+00 	5.000000e+00 	4.934769e-03 	1.550384e-05 	1.550384e-05 	
1.650000e+02 	5.000000e+00 	5.000000e+00 	3.929468e-03 	1.381551e-05 	1.381551e-05 	
1.750000e+02 	5.000000e+00 	5.000000e+00 	3.163118e-03 	1.272169e-05 	1.272169e-05 	
1.850000e+02 	5.000000e+00 	5.000000e+00 	2.553052e-03 	1.153276e-05 	1.153276e-05 	
1.950000e+02 	5.000000e+00 	5.000000e+00 	2.079550e-03 	1.088487e-05 	1.088487e-05 	
2.050000e+02 	5.000000e+00 	5.000000e+00 	1.665464e-03 	9.508800e-06 	9.508800e-06 	
2.150000e+02 	5.000000e+00 	5.000000e+00 	1.376240e-03 	8.623015e-06 	8.623015e-06 	
2.250000e+02 	5.000000e+00 	5.000000e+00 	1.141450e-03 	7.944793e-06 	7.944793e-06 	
2.350000e+02 	5.000000e+00 	5.000000e+00 	9.357047e-04 	7.388478e-06 	7.388478e-06 	
2.450000e+02 	5.000000e+00 	5.000000e+00 	7.849776e-04 	6.595710e-06 	6.595710e-06 	
2.550000e+02 	5.000000e+00 	5.000000e+00 	6.431160e-04 	6.109781e-06 	6.109781e-06 	
2.650000e+02 	5.000000e+00 	5.000000e+00 	5.430665e-04 	5.971621e-06 	5.971621e-06 	
2.750000e+02 	5.000000e+00 	5.000000e+00 	4.619706e-04 	5.528821e-06 	5.528821e-06 	
2.850000e+02 	5.000000e+00 	5.000000e+00 	3.913588e-04 	5.236316e-06 	5.236316e-06 	
2.950000e+02 	5.000000e+00 	5.000000e+00 	3.274508e-04 	4.475451e-06 	4.475451e-06 	
3.050000e+02 	5.000000e+00 	5.000000e+00 	2.772244e-04 	4.149317e-06 	4.149317e-06 	
3.150000e+02 	5.000000e+00 	5.000000e+00 	2.448219e-04 	4.379696e-06 	4.379696e-06 	
3.250000e+02 	5.000000e+00 	5.000000e+00 	2.027593e-04 	3.881334e-06 	3.881334e-06 	
3.350000e+02 	5.000000e+00 	5.000000e+00 	1.821862e-04 	3.560433e-06 	3.560433e-06 	
3.450000e+02 	5.000000e+00 	5.000000e+00 	1.539358e-04 	3.220898e-06 	3.220898e-06 	
3.550000e+02 	5.000000e+00 	5.000000e+00 	1.301881e-04 	2.976347e-06 	2.976347e-06 	
3.650000e+02 	5.000000e+00 	5.000000e+00 	1.168736e-04 	2.974664e-06 	2.974664e-06 	
3.750000e+02 	5.000000e+00 	5.000000e+00 	9.905768e-05 	2.691158e-06 	2.691158e-06 	
3.850000e+02 	5.000000e+00 	5.000000e+00 	8.529464e-05 	2.168887e-06 	2.168887e-06 	
3.950000e+02 	5.000000e+00 	5.000000e+00 	7.879184e-05 	2.384160e-06 	2.384160e-06 	
4.050000e+02 	5.000000e+00 	5.000000e+00 	6.968861e-05 	2.109894e-06 	2.109894e-06 	
4.150000e+02 	5.000000e+00 	5.000000e+00 	5.820695e-05 	2.205878e-06 	2.205878e-06 	
4.250000e+02 	5.000000e+00 	5.000000e+00 	5.087218e-05 	2.182295e-06 	2.182295e-06 	
4.350000e+02 	5.000000e+00 	5.000000e+00 	4.668651e-05 	1.680375e-06 	1.680375e-06 	
4.450000e+02 	5.000000e+00 	5.000000e+00 	3.965819e-05 	1.751211e-06 	1.751211e-06 	
4.550000e+02 	5.000000e+00 	5.000000e+00 	3.303720e-05 	1.301686e-06 	1.301686e-06 	
4.650000e+02 	5.000000e+00 	5.000000e+00 	3.255186e-05 	1.401806e-06 	1.401806e-06 	
4.750000e+02 	5.000000e+00 	5.000000e+00 	2.952253e-05 	1.633589e-06 	1.633589e-06 	
4.850000e+02 	5.000000e+00 	5.000000e+00 	2.483456e-05 	1.329539e-06 	1.329539e-06 	
4.950000e+02 	5.000000e+00 	5.000000e+00 	2.175953e-05 	1.291711e-06 	1.291711e-06 	
5.050000e+02 	5.000000e+00 	5.000000e+00 	2.137858e-05 	1.313657e-06 	1.313657e-06 	
5.150000e+02 	5.000000e+00 	5.000000e+00 	1.709157e-05 	7.131785e-07 	7.131785e-07 	
5.250000e+02 	5.000000e+00 	5.000000e+00 	1.683690e-05 	1.259569e-06 	1.259569e-06 	
5.350000e+02 	5.000000e+00 	5.000000e+00 	1.597316e-05 	1.021966e-06 	1.021966e-06 	
5.450000e+02 	5.000000e+00 	5.000000e+00 	1.451278e-05 	1.186983e-06 	1.186983e-06 	
5.550000e+02 	5.000000e+00 	5.000000e+00 	1.194478e-05 	6.341308e-07 	6.341308e-07 	
5.650000e+02 	5.000000e+00 	5.000000e+00 	1.151562e-05 	7.512091e-07 	7.512091e-07 	
5.750000e+02 	5.000000e+00 	5.000000e+00 	8.725642e-06 	4.998579e-07 	4.998579e-07 	
5.850000e+02 	5.000000e+00 	5.000000e+00 	7.812093e-06 	4.519307e-07 	4.519307e-07 	
5.950000e+02 	5.000000e+00 	5.000000e+00 	8.802263e-06 	5.185446e-07 	5.185446e-07 	
6.050000e+02 	5.000000e+00 	5.000000e+00 	6.160943e-06 	4.902593e-07 	4.902593e-07 	
6.150000e+02 	5.000000e+00 	5.000000e+00 	7.337716e-06 	6.574131e-07 	6.574131e-07 	
6.250000e+02 	5.000000e+00 	5.000000e+00 	5.775849e-06 	4.642427e-07 	4.642427e-07 	
6.350000e+02 	5.000000e+00 	5.000000e+00 	5.203961e-06 	3.220313e-07 	3.220313e-07 	
6.450000e+02 	5.000000e+00 	5.000000e+00 	5.298501e-06 	4.295316e-07 	4.295316e-07 	
6.550000e+02 	5.000000e+00 	5.000000e+00 	4.152518e-06 	3.218083e-07 	3.218083e-07 	
6.650000e+02 	5.000000e+00 	5.000000e+00 	4.205874e-06 	3.832852e-07 	3.832852e-07 	
6.750000e+02 	5.000000e+00 	5.000000e+00 	3.513342e-06 	2.633611e-07 	2.633611e-07 	
6.850000e+02 	5.000000e+00 	5.000000e+00 	4.000925e-06 	3.739101e-07 	3.739101e-07 	
6.950000e+02 	5.000000e+00 	5.000000e+00 	4.280032e-06 	1.093931e-06 	1.093931e-06 	
7.050000e+02 	5.000000e+00 	5.000000e+00 	2.742455e-06 	2.207730e-07 	2.207730e-07 	
7.150000e+02 	5.000000e+00 	5.000000e+00 	3.030863e-06 	2.749824e-07 	2.749824e-07 	
7.250000e+02 	5.000000e+00 	5.000000e+00 	2.218066e-06 	1.759253e-07 	1.759253e-07 	
7.350000e+02 	5.000000e+00 	5.000000e+00 	2.215973e-06 	1.838030e-07 	1.838030e-07 	
7.450000e+02 	5.000000e+00 	5.000000e+00 	2.328237e-06 	2.416206e-07 	2.416206e-07 	
7.550000e+02 	5.000000e+00 	5.000000e+00 	1.742446e-06 	1.795703e-07 	1.795703e-07 	
7.650000e+02 	5.000000e+00 	5.000000e+00 	1.841427e-06 	1.554963e-07 	1.554963e-07 	
7.750000e+02 	5.000000e+00 	5.000000e+00 	1.569143e-06 	1.642582e-07 	1.642582e-07 	
7.850000e+02 	5.000000e+00 	5.000000e+00 	1.322317e-06 	1.137997e-07 	1.137997e-07 	
7.950000e+02 	5.000000e+00 	5.000000e+00 	1.476312e-06 	1.831282e-07 	1.831282e-07 	
END SCATTER2D

BEGIN SCATTER2D /COMETA_ZZ_production_analysis/mee
Path=/COMETA_ZZ_production_analysis/mee
ScaledBy=1.08663469759102575e-05
Title=~
# val1       	err1-        	err1+        	val2         	err2-        	err2+        	
8.125000e+01 	2.500000e-01 	2.500000e-01 	8.275725e-03 	8.956838e-05 	8.956838e-05 	
8.175000e+01 	2.500000e-01 	2.500000e-01 	9.074566e-03 	9.048640e-05 	9.048640e-05 	
8.225000e+01 	2.500000e-01 	2.500000e-01 	1.036656e-02 	9.964290e-05 	9.964290e-05 	
8.275000e+01 	2.500000e-01 	2.500000e-01 	1.144694e-02 	1.036532e-04 	1.036532e-04 	
8.325000e+01 	2.500000e-01 	2.500000e-01 	1.298302e-02 	1.079710e-04 	1.079710e-04 	
8.375000e+01 	2.500000e-01 	2.500000e-01 	1.496634e-02 	1.191328e-04 	1.191328e-04 	
8.425000e+01 	2.500000e-01 	2.500000e-01 	1.688698e-02 	1.247140e-04 	1.247140e-04 	
8.475000e+01 	2.500000e-01 	2.500000e-01 	1.974087e-02 	1.348848e-04 	1.348848e-04 	
8.525000e+01 	2.500000e-01 	2.500000e-01 	2.344868e-02 	1.464096e-04 	1.464096e-04 	
8.575000e+01 	2.500000e-01 	2.500000e-01 	2.765726e-02 	1.611321e-04 	1.611321e-04 	
8.625000e+01 	2.500000e-01 	2.500000e-01 	3.328548e-02 	1.739974e-04 	1.739974e-04 	
8.675000e+01 	2.500000e-01 	2.500000e-01 	4.094736e-02 	1.959953e-04 	1.959953e-04 	
8.725000e+01 	2.500000e-01 	2.500000e-01 	5.141988e-02 	2.170535e-04 	2.170535e-04 	
8.775000e+01 	2.500000e-01 	2.500000e-01 	6.583545e-02 	2.484437e-04 	2.484437e-04 	
8.825000e+01 	2.500000e-01 	2.500000e-01 	8.665031e-02 	2.823321e-04 	2.823321e-04 	
8.875000e+01 	2.500000e-01 	2.500000e-01 	1.185357e-01 	3.297535e-04 	3.297535e-04 	
8.925000e+01 	2.500000e-01 	2.500000e-01 	1.685718e-01 	3.919924e-04 	3.919924e-04 	
8.975000e+01 	2.500000e-01 	2.500000e-01 	2.475728e-01 	5.247969e-04 	5.247969e-04 	
9.025000e+01 	2.500000e-01 	2.500000e-01 	3.677077e-01 	5.799675e-04 	5.799675e-04 	
9.075000e+01 	2.500000e-01 	2.500000e-01 	5.036988e-01 	6.826802e-04 	6.826802e-04 	
9.125000e+01 	2.500000e-01 	2.500000e-01 	5.531028e-01 	7.159372e-04 	7.159372e-04 	
9.175000e+01 	2.500000e-01 	2.500000e-01 	4.599171e-01 	6.754368e-04 	6.754368e-04 	
9.225000e+01 	2.500000e-01 	2.500000e-01 	3.229305e-01 	5.460718e-04 	5.460718e-04 	
9.275000e+01 	2.500000e-01 	2.500000e-01 	2.176620e-01 	4.474240e-04 	4.474240e-04 	
9.325000e+01 	2.500000e-01 	2.500000e-01 	1.504201e-01 	3.811043e-04 	3.811043e-04 	
9.375000e+01 	2.500000e-01 	2.500000e-01 	1.075082e-01 	3.142202e-04 	3.142202e-04 	
9.425000e+01 	2.500000e-01 	2.500000e-01 	8.047202e-02 	2.786989e-04 	2.786989e-04 	
9.475000e+01 	2.500000e-01 	2.500000e-01 	6.143766e-02 	2.362446e-04 	2.362446e-04 	
9.525000e+01 	2.500000e-01 	2.500000e-01 	4.861165e-02 	2.124932e-04 	2.124932e-04 	
9.575000e+01 	2.500000e-01 	2.500000e-01 	3.922417e-02 	1.874043e-04 	1.874043e-04 	
9.625000e+01 	2.500000e-01 	2.500000e-01 	3.256180e-02 	1.753451e-04 	1.753451e-04 	
9.675000e+01 	2.500000e-01 	2.500000e-01 	2.713639e-02 	1.589682e-04 	1.589682e-04 	
9.725000e+01 	2.500000e-01 	2.500000e-01 	2.318833e-02 	1.478847e-04 	1.478847e-04 	
9.775000e+01 	2.500000e-01 	2.500000e-01 	1.969207e-02 	1.330916e-04 	1.330916e-04 	
9.825000e+01 	2.500000e-01 	2.500000e-01 	1.728098e-02 	1.262938e-04 	1.262938e-04 	
9.875000e+01 	2.500000e-01 	2.500000e-01 	1.495896e-02 	1.169346e-04 	1.169346e-04 	
9.925000e+01 	2.500000e-01 	2.500000e-01 	1.339969e-02 	1.098107e-04 	1.098107e-04 	
9.975000e+01 	2.500000e-01 	2.500000e-01 	1.180596e-02 	1.069147e-04 	1.069147e-04 	
1.002500e+02 	2.500000e-01 	2.500000e-01 	1.061380e-02 	9.934204e-05 	9.934204e-05 	
1.007500e+02 	2.500000e-01 	2.500000e-01 	9.537829e-03 	9.433866e-05 	9.433866e-05 	
END SCATTER2D

BEGIN SCATTER2D /COMETA_ZZ_production_analysis/pt4l
Path=/COMETA_ZZ_production_analysis/pt4l
ScaledBy=1.08663469759102575e-05
Title=~
# val1       	err1-        	err1+        	val2         	err2-        	err2+        	
2.500000e+00 	2.500000e+00 	2.500000e+00 	5.127392e-02 	6.776687e-05 	6.776687e-05 	
7.500000e+00 	2.500000e+00 	2.500000e+00 	6.668034e-02 	6.747471e-05 	6.747471e-05 	
1.250000e+01 	2.500000e+00 	2.500000e+00 	4.990414e-02 	5.877368e-05 	5.877368e-05 	
1.750000e+01 	2.500000e+00 	2.500000e+00 	3.744537e-02 	5.154021e-05 	5.154021e-05 	
2.250000e+01 	2.500000e+00 	2.500000e+00 	2.906950e-02 	4.593413e-05 	4.593413e-05 	
2.750000e+01 	2.500000e+00 	2.500000e+00 	2.326713e-02 	4.184830e-05 	4.184830e-05 	
3.250000e+01 	2.500000e+00 	2.500000e+00 	1.901592e-02 	3.872215e-05 	3.872215e-05 	
3.750000e+01 	2.500000e+00 	2.500000e+00 	1.580892e-02 	3.642868e-05 	3.642868e-05 	
4.250000e+01 	2.500000e+00 	2.500000e+00 	1.331008e-02 	3.436751e-05 	3.436751e-05 	
4.750000e+01 	2.500000e+00 	2.500000e+00 	1.135129e-02 	3.288362e-05 	3.288362e-05 	
5.250000e+01 	2.500000e+00 	2.500000e+00 	9.707367e-03 	3.134898e-05 	3.134898e-05 	
5.750000e+01 	2.500000e+00 	2.500000e+00 	8.438724e-03 	3.052922e-05 	3.052922e-05 	
6.250000e+01 	2.500000e+00 	2.500000e+00 	7.285664e-03 	2.954721e-05 	2.954721e-05 	
6.750000e+01 	2.500000e+00 	2.500000e+00 	6.269479e-03 	2.884553e-05 	2.884553e-05 	
7.250000e+01 	2.500000e+00 	2.500000e+00 	5.532572e-03 	2.960711e-05 	2.960711e-05 	
7.750000e+01 	2.500000e+00 	2.500000e+00 	4.715965e-03 	2.852768e-05 	2.852768e-05 	
8.250000e+01 	2.500000e+00 	2.500000e+00 	4.094491e-03 	2.835843e-05 	2.835843e-05 	
8.750000e+01 	2.500000e+00 	2.500000e+00 	3.566258e-03 	2.765009e-05 	2.765009e-05 	
9.250000e+01 	2.500000e+00 	2.500000e+00 	3.044807e-03 	2.589003e-05 	2.589003e-05 	
9.750000e+01 	2.500000e+00 	2.500000e+00 	2.796398e-03 	2.461154e-05 	2.461154e-05 	
1.025000e+02 	2.500000e+00 	2.500000e+00 	2.554979e-03 	2.393058e-05 	2.393058e-05 	
1.075000e+02 	2.500000e+00 	2.500000e+00 	2.308021e-03 	2.217566e-05 	2.217566e-05 	
1.125000e+02 	2.500000e+00 	2.500000e+00 	2.117894e-03 	2.117204e-05 	2.117204e-05 	
1.175000e+02 	2.500000e+00 	2.500000e+00 	1.910951e-03 	1.923245e-05 	1.923245e-05 	
1.225000e+02 	2.500000e+00 	2.500000e+00 	1.786150e-03 	1.884637e-05 	1.884637e-05 	
1.275000e+02 	2.500000e+00 	2.500000e+00 	1.649025e-03 	1.818549e-05 	1.818549e-05 	
1.325000e+02 	2.500000e+00 	2.500000e+00 	1.496045e-03 	1.692533e-05 	1.692533e-05 	
1.375000e+02 	2.500000e+00 	2.500000e+00 	1.323606e-03 	1.523819e-05 	1.523819e-05 	
1.425000e+02 	2.500000e+00 	2.500000e+00 	1.237801e-03 	1.503819e-05 	1.503819e-05 	
1.475000e+02 	2.500000e+00 	2.500000e+00 	1.147264e-03 	1.421375e-05 	1.421375e-05 	
1.525000e+02 	2.500000e+00 	2.500000e+00 	1.063295e-03 	1.359176e-05 	1.359176e-05 	
1.575000e+02 	2.500000e+00 	2.500000e+00 	9.760418e-04 	1.291985e-05 	1.291985e-05 	
1.625000e+02 	2.500000e+00 	2.500000e+00 	9.131210e-04 	1.297052e-05 	1.297052e-05 	
1.675000e+02 	2.500000e+00 	2.500000e+00 	8.581696e-04 	1.220466e-05 	1.220466e-05 	
1.725000e+02 	2.500000e+00 	2.500000e+00 	7.835265e-04 	1.161176e-05 	1.161176e-05 	
1.775000e+02 	2.500000e+00 	2.500000e+00 	7.180338e-04 	1.083223e-05 	1.083223e-05 	
1.825000e+02 	2.500000e+00 	2.500000e+00 	6.834164e-04 	1.063187e-05 	1.063187e-05 	
1.875000e+02 	2.500000e+00 	2.500000e+00 	6.097630e-04 	1.173310e-05 	1.173310e-05 	
1.925000e+02 	2.500000e+00 	2.500000e+00 	5.703820e-04 	9.728200e-06 	9.728200e-06 	
1.975000e+02 	2.500000e+00 	2.500000e+00 	5.302792e-04 	9.026296e-06 	9.026296e-06 	
2.025000e+02 	2.500000e+00 	2.500000e+00 	5.108460e-04 	8.962297e-06 	8.962297e-06 	
2.075000e+02 	2.500000e+00 	2.500000e+00 	4.663938e-04 	8.886420e-06 	8.886420e-06 	
2.125000e+02 	2.500000e+00 	2.500000e+00 	4.252610e-04 	8.066122e-06 	8.066122e-06 	
2.175000e+02 	2.500000e+00 	2.500000e+00 	4.074908e-04 	8.080236e-06 	8.080236e-06 	
2.225000e+02 	2.500000e+00 	2.500000e+00 	3.761437e-04 	7.424940e-06 	7.424940e-06 	
2.275000e+02 	2.500000e+00 	2.500000e+00 	3.527487e-04 	7.319218e-06 	7.319218e-06 	
2.325000e+02 	2.500000e+00 	2.500000e+00 	3.170731e-04 	6.512353e-06 	6.512353e-06 	
2.375000e+02 	2.500000e+00 	2.500000e+00 	2.915021e-04 	6.318120e-06 	6.318120e-06 	
2.425000e+02 	2.500000e+00 	2.500000e+00 	2.862222e-04 	6.254640e-06 	6.254640e-06 	
2.475000e+02 	2.500000e+00 	2.500000e+00 	2.634131e-04 	6.171829e-06 	6.171829e-06 	
2.525000e+02 	2.500000e+00 	2.500000e+00 	2.496771e-04 	5.891546e-06 	5.891546e-06 	
2.575000e+02 	2.500000e+00 	2.500000e+00 	2.301487e-04 	6.392239e-06 	6.392239e-06 	
2.625000e+02 	2.500000e+00 	2.500000e+00 	2.216307e-04 	5.623863e-06 	5.623863e-06 	
2.675000e+02 	2.500000e+00 	2.500000e+00 	2.070405e-04 	5.502468e-06 	5.502468e-06 	
2.725000e+02 	2.500000e+00 	2.500000e+00 	1.962041e-04 	5.191593e-06 	5.191593e-06 	
2.775000e+02 	2.500000e+00 	2.500000e+00 	1.761520e-04 	4.815683e-06 	4.815683e-06 	
2.825000e+02 	2.500000e+00 	2.500000e+00 	1.651625e-04 	4.782950e-06 	4.782950e-06 	
2.875000e+02 	2.500000e+00 	2.500000e+00 	1.612965e-04 	4.716672e-06 	4.716672e-06 	
2.925000e+02 	2.500000e+00 	2.500000e+00 	1.499820e-04 	4.212968e-06 	4.212968e-06 	
2.975000e+02 	2.500000e+00 	2.500000e+00 	1.376252e-04 	4.350301e-06 	4.350301e-06 	
END SCATTER2D

BEGIN SCATTER2D /COMETA_ZZ_production_analysis/ptpp
Path=/COMETA_ZZ_production_analysis/ptpp
ScaledBy=1.08663469759102575e-05
Title=~
# val1       	err1-        	err1+        	val2         	err2-        	err2+        	
7.500000e+00 	7.500000e+00 	7.500000e+00 	7.975638e-03 	1.510319e-05 	1.510319e-05 	
2.250000e+01 	7.500000e+00 	7.500000e+00 	1.694619e-02 	2.264717e-05 	2.264717e-05 	
3.750000e+01 	7.500000e+00 	7.500000e+00 	2.100220e-02 	2.551475e-05 	2.551475e-05 	
5.250000e+01 	7.500000e+00 	7.500000e+00 	2.428423e-02 	2.741431e-05 	2.741431e-05 	
6.750000e+01 	7.500000e+00 	7.500000e+00 	2.580992e-02 	2.821911e-05 	2.821911e-05 	
8.250000e+01 	7.500000e+00 	7.500000e+00 	2.130594e-02 	2.586481e-05 	2.586481e-05 	
9.750000e+01 	7.500000e+00 	7.500000e+00 	9.143178e-03 	1.666748e-05 	1.666748e-05 	
1.125000e+02 	7.500000e+00 	7.500000e+00 	3.580069e-03 	1.178032e-05 	1.178032e-05 	
1.275000e+02 	7.500000e+00 	7.500000e+00 	1.795187e-03 	8.839189e-06 	8.839189e-06 	
1.425000e+02 	7.500000e+00 	7.500000e+00 	1.039895e-03 	6.986339e-06 	6.986339e-06 	
1.575000e+02 	7.500000e+00 	7.500000e+00 	6.753845e-04 	5.666091e-06 	5.666091e-06 	
1.725000e+02 	7.500000e+00 	7.500000e+00 	4.505665e-04 	4.550259e-06 	4.550259e-06 	
1.875000e+02 	7.500000e+00 	7.500000e+00 	3.148089e-04 	3.772982e-06 	3.772982e-06 	
2.025000e+02 	7.500000e+00 	7.500000e+00 	2.267276e-04 	3.032382e-06 	3.032382e-06 	
2.175000e+02 	7.500000e+00 	7.500000e+00 	1.695250e-04 	2.684526e-06 	2.684526e-06 	
2.325000e+02 	7.500000e+00 	7.500000e+00 	1.287340e-04 	2.400497e-06 	2.400497e-06 	
2.475000e+02 	7.500000e+00 	7.500000e+00 	9.318022e-05 	1.824190e-06 	1.824190e-06 	
2.625000e+02 	7.500000e+00 	7.500000e+00 	7.823144e-05 	1.811389e-06 	1.811389e-06 	
2.775000e+02 	7.500000e+00 	7.500000e+00 	6.034582e-05 	1.558653e-06 	1.558653e-06 	
2.925000e+02 	7.500000e+00 	7.500000e+00 	4.801462e-05 	1.459845e-06 	1.459845e-06 	
3.075000e+02 	7.500000e+00 	7.500000e+00 	3.647457e-05 	1.207345e-06 	1.207345e-06 	
3.225000e+02 	7.500000e+00 	7.500000e+00 	2.908505e-05 	1.079345e-06 	1.079345e-06 	
3.375000e+02 	7.500000e+00 	7.500000e+00 	2.442352e-05 	8.311030e-07 	8.311030e-07 	
3.525000e+02 	7.500000e+00 	7.500000e+00 	2.059462e-05 	8.487127e-07 	8.487127e-07 	
3.675000e+02 	7.500000e+00 	7.500000e+00 	1.554641e-05 	6.460196e-07 	6.460196e-07 	
3.825000e+02 	7.500000e+00 	7.500000e+00 	1.416940e-05 	6.661086e-07 	6.661086e-07 	
3.975000e+02 	7.500000e+00 	7.500000e+00 	1.198694e-05 	7.334861e-07 	7.334861e-07 	
4.125000e+02 	7.500000e+00 	7.500000e+00 	1.019096e-05 	5.385758e-07 	5.385758e-07 	
4.275000e+02 	7.500000e+00 	7.500000e+00 	8.377108e-06 	4.576931e-07 	4.576931e-07 	
4.425000e+02 	7.500000e+00 	7.500000e+00 	6.536055e-06 	3.579534e-07 	3.579534e-07 	
4.575000e+02 	7.500000e+00 	7.500000e+00 	5.640460e-06 	3.624314e-07 	3.624314e-07 	
4.725000e+02 	7.500000e+00 	7.500000e+00 	5.008115e-06 	3.562699e-07 	3.562699e-07 	
4.875000e+02 	7.500000e+00 	7.500000e+00 	4.382240e-06 	3.157176e-07 	3.157176e-07 	
5.025000e+02 	7.500000e+00 	7.500000e+00 	3.685588e-06 	2.741332e-07 	2.741332e-07 	
5.175000e+02 	7.500000e+00 	7.500000e+00 	3.586143e-06 	3.202110e-07 	3.202110e-07 	
5.325000e+02 	7.500000e+00 	7.500000e+00 	2.802306e-06 	2.381895e-07 	2.381895e-07 	
5.475000e+02 	7.500000e+00 	7.500000e+00 	2.423244e-06 	1.910214e-07 	1.910214e-07 	
5.625000e+02 	7.500000e+00 	7.500000e+00 	2.208506e-06 	2.220360e-07 	2.220360e-07 	
5.775000e+02 	7.500000e+00 	7.500000e+00 	1.763911e-06 	1.522975e-07 	1.522975e-07 	
5.925000e+02 	7.500000e+00 	7.500000e+00 	1.517468e-06 	1.570469e-07 	1.570469e-07 	
END SCATTER2D

BEGIN SCATTER2D /COMETA_ZZ_production_analysis/ptee
Path=/COMETA_ZZ_production_analysis/ptee
ScaledBy=1.08663469759102575e-05
Title=~
# val1       	err1-        	err1+        	val2         	err2-        	err2+        	
7.500000e+00 	7.500000e+00 	7.500000e+00 	1.851620e-02 	2.309303e-05 	2.309303e-05 	
2.250000e+01 	7.500000e+00 	7.500000e+00 	2.882905e-02 	3.038907e-05 	3.038907e-05 	
3.750000e+01 	7.500000e+00 	7.500000e+00 	2.394444e-02 	2.812761e-05 	2.812761e-05 	
5.250000e+01 	7.500000e+00 	7.500000e+00 	1.875280e-02 	2.535039e-05 	2.535039e-05 	
6.750000e+01 	7.500000e+00 	7.500000e+00 	1.388367e-02 	2.127720e-05 	2.127720e-05 	
8.250000e+01 	7.500000e+00 	7.500000e+00 	9.656989e-03 	1.730365e-05 	1.730365e-05 	
9.750000e+01 	7.500000e+00 	7.500000e+00 	6.578236e-03 	1.388364e-05 	1.388364e-05 	
1.125000e+02 	7.500000e+00 	7.500000e+00 	4.415059e-03 	1.095826e-05 	1.095826e-05 	
1.275000e+02 	7.500000e+00 	7.500000e+00 	2.971209e-03 	8.940488e-06 	8.940488e-06 	
1.425000e+02 	7.500000e+00 	7.500000e+00 	2.016019e-03 	7.142711e-06 	7.142711e-06 	
1.575000e+02 	7.500000e+00 	7.500000e+00 	1.419495e-03 	6.145904e-06 	6.145904e-06 	
1.725000e+02 	7.500000e+00 	7.500000e+00 	1.023438e-03 	5.156378e-06 	5.156378e-06 	
1.875000e+02 	7.500000e+00 	7.500000e+00 	7.355539e-04 	4.605644e-06 	4.605644e-06 	
2.025000e+02 	7.500000e+00 	7.500000e+00 	5.415544e-04 	3.788377e-06 	3.788377e-06 	
2.175000e+02 	7.500000e+00 	7.500000e+00 	4.089651e-04 	3.418196e-06 	3.418196e-06 	
2.325000e+02 	7.500000e+00 	7.500000e+00 	3.126228e-04 	3.846042e-06 	3.846042e-06 	
2.475000e+02 	7.500000e+00 	7.500000e+00 	2.429082e-04 	2.929630e-06 	2.929630e-06 	
2.625000e+02 	7.500000e+00 	7.500000e+00 	1.897753e-04 	2.423863e-06 	2.423863e-06 	
2.775000e+02 	7.500000e+00 	7.500000e+00 	1.525222e-04 	2.251224e-06 	2.251224e-06 	
2.925000e+02 	7.500000e+00 	7.500000e+00 	1.208520e-04 	2.339517e-06 	2.339517e-06 	
3.075000e+02 	7.500000e+00 	7.500000e+00 	9.780655e-05 	1.841571e-06 	1.841571e-06 	
3.225000e+02 	7.500000e+00 	7.500000e+00 	8.109791e-05 	1.662369e-06 	1.662369e-06 	
3.375000e+02 	7.500000e+00 	7.500000e+00 	6.669125e-05 	1.570179e-06 	1.570179e-06 	
3.525000e+02 	7.500000e+00 	7.500000e+00 	5.485449e-05 	1.312981e-06 	1.312981e-06 	
3.675000e+02 	7.500000e+00 	7.500000e+00 	4.714673e-05 	1.298361e-06 	1.298361e-06 	
3.825000e+02 	7.500000e+00 	7.500000e+00 	3.801036e-05 	1.128320e-06 	1.128320e-06 	
3.975000e+02 	7.500000e+00 	7.500000e+00 	3.154821e-05 	1.008628e-06 	1.008628e-06 	
4.125000e+02 	7.500000e+00 	7.500000e+00 	2.851508e-05 	1.012978e-06 	1.012978e-06 	
4.275000e+02 	7.500000e+00 	7.500000e+00 	2.233685e-05 	8.078149e-07 	8.078149e-07 	
4.425000e+02 	7.500000e+00 	7.500000e+00 	2.187266e-05 	9.439562e-07 	9.439562e-07 	
4.575000e+02 	7.500000e+00 	7.500000e+00 	1.760920e-05 	7.363193e-07 	7.363193e-07 	
4.725000e+02 	7.500000e+00 	7.500000e+00 	1.528273e-05 	7.882079e-07 	7.882079e-07 	
4.875000e+02 	7.500000e+00 	7.500000e+00 	1.384044e-05 	7.186155e-07 	7.186155e-07 	
5.025000e+02 	7.500000e+00 	7.500000e+00 	1.185271e-05 	6.266802e-07 	6.266802e-07 	
5.175000e+02 	7.500000e+00 	7.500000e+00 	1.150357e-05 	1.042206e-06 	1.042206e-06 	
5.325000e+02 	7.500000e+00 	7.500000e+00 	8.795503e-06 	4.703498e-07 	4.703498e-07 	
5.475000e+02 	7.500000e+00 	7.500000e+00 	7.007359e-06 	4.090618e-07 	4.090618e-07 	
5.625000e+02 	7.500000e+00 	7.500000e+00 	6.855187e-06 	4.156089e-07 	4.156089e-07 	
5.775000e+02 	7.500000e+00 	7.500000e+00 	5.685845e-06 	3.684802e-07 	3.684802e-07 	
5.925000e+02 	7.500000e+00 	7.500000e+00 	5.229274e-06 	3.675067e-07 	3.675067e-07 	
END SCATTER2D

BEGIN SCATTER2D /COMETA_ZZ_production_analysis/ptep
Path=/COMETA_ZZ_production_analysis/ptep
ScaledBy=1.08663469759102575e-05
Title=~
# val1       	err1-        	err1+        	val2         	err2-        	err2+        	
5.000000e+00 	5.000000e+00 	5.000000e+00 	1.169157e-03 	7.653665e-06 	7.653665e-06 	
1.500000e+01 	5.000000e+00 	5.000000e+00 	1.082037e-02 	2.311056e-05 	2.311056e-05 	
2.500000e+01 	5.000000e+00 	5.000000e+00 	2.618355e-02 	3.515291e-05 	3.515291e-05 	
3.500000e+01 	5.000000e+00 	5.000000e+00 	4.321254e-02 	4.525666e-05 	4.525666e-05 	
4.500000e+01 	5.000000e+00 	5.000000e+00 	4.598319e-02 	4.722387e-05 	4.722387e-05 	
5.500000e+01 	5.000000e+00 	5.000000e+00 	2.910599e-02 	3.737011e-05 	3.737011e-05 	
6.500000e+01 	5.000000e+00 	5.000000e+00 	1.661851e-02 	2.813700e-05 	2.813700e-05 	
7.500000e+01 	5.000000e+00 	5.000000e+00 	9.998347e-03 	2.142839e-05 	2.142839e-05 	
8.500000e+01 	5.000000e+00 	5.000000e+00 	6.275396e-03 	1.621171e-05 	1.621171e-05 	
9.500000e+01 	5.000000e+00 	5.000000e+00 	4.040998e-03 	1.302476e-05 	1.302476e-05 	
1.050000e+02 	5.000000e+00 	5.000000e+00 	2.644858e-03 	1.017705e-05 	1.017705e-05 	
1.150000e+02 	5.000000e+00 	5.000000e+00 	1.793440e-03 	8.301014e-06 	8.301014e-06 	
1.250000e+02 	5.000000e+00 	5.000000e+00 	1.253026e-03 	6.928493e-06 	6.928493e-06 	
1.350000e+02 	5.000000e+00 	5.000000e+00 	8.907705e-04 	6.107176e-06 	6.107176e-06 	
1.450000e+02 	5.000000e+00 	5.000000e+00 	6.451232e-04 	5.052255e-06 	5.052255e-06 	
1.550000e+02 	5.000000e+00 	5.000000e+00 	4.777197e-04 	4.563320e-06 	4.563320e-06 	
1.650000e+02 	5.000000e+00 	5.000000e+00 	3.606642e-04 	4.133119e-06 	4.133119e-06 	
1.750000e+02 	5.000000e+00 	5.000000e+00 	2.820629e-04 	3.542185e-06 	3.542185e-06 	
1.850000e+02 	5.000000e+00 	5.000000e+00 	2.156520e-04 	2.997850e-06 	2.997850e-06 	
1.950000e+02 	5.000000e+00 	5.000000e+00 	1.707668e-04 	2.716365e-06 	2.716365e-06 	
2.050000e+02 	5.000000e+00 	5.000000e+00 	1.363190e-04 	2.599919e-06 	2.599919e-06 	
2.150000e+02 	5.000000e+00 	5.000000e+00 	1.140715e-04 	2.406411e-06 	2.406411e-06 	
2.250000e+02 	5.000000e+00 	5.000000e+00 	9.288495e-05 	2.380990e-06 	2.380990e-06 	
2.350000e+02 	5.000000e+00 	5.000000e+00 	7.895212e-05 	2.422646e-06 	2.422646e-06 	
2.450000e+02 	5.000000e+00 	5.000000e+00 	6.029572e-05 	1.769068e-06 	1.769068e-06 	
2.550000e+02 	5.000000e+00 	5.000000e+00 	5.242012e-05 	1.687557e-06 	1.687557e-06 	
2.650000e+02 	5.000000e+00 	5.000000e+00 	4.553678e-05 	1.510169e-06 	1.510169e-06 	
2.750000e+02 	5.000000e+00 	5.000000e+00 	3.905032e-05 	1.525186e-06 	1.525186e-06 	
2.850000e+02 	5.000000e+00 	5.000000e+00 	3.145838e-05 	1.195710e-06 	1.195710e-06 	
2.950000e+02 	5.000000e+00 	5.000000e+00 	2.816090e-05 	1.352957e-06 	1.352957e-06 	
3.050000e+02 	5.000000e+00 	5.000000e+00 	2.128375e-05 	8.706513e-07 	8.706513e-07 	
3.150000e+02 	5.000000e+00 	5.000000e+00 	1.828419e-05 	8.924164e-07 	8.924164e-07 	
3.250000e+02 	5.000000e+00 	5.000000e+00 	1.865418e-05 	1.153206e-06 	1.153206e-06 	
3.350000e+02 	5.000000e+00 	5.000000e+00 	1.699888e-05 	1.119226e-06 	1.119226e-06 	
3.450000e+02 	5.000000e+00 	5.000000e+00 	1.276314e-05 	7.707819e-07 	7.707819e-07 	
3.550000e+02 	5.000000e+00 	5.000000e+00 	1.215011e-05 	7.622950e-07 	7.622950e-07 	
3.650000e+02 	5.000000e+00 	5.000000e+00 	1.174780e-05 	8.979479e-07 	8.979479e-07 	
3.750000e+02 	5.000000e+00 	5.000000e+00 	9.630602e-06 	7.256721e-07 	7.256721e-07 	
3.850000e+02 	5.000000e+00 	5.000000e+00 	7.414360e-06 	6.072507e-07 	6.072507e-07 	
3.950000e+02 	5.000000e+00 	5.000000e+00 	7.119477e-06 	5.052665e-07 	5.052665e-07 	
END SCATTER2D

BEGIN SCATTER2D /COMETA_ZZ_production_analysis/ptmm
Path=/COMETA_ZZ_production_analysis/ptmm
ScaledBy=1.08663469759102575e-05
Title=~
# val1       	err1-        	err1+        	val2         	err2-        	err2+        	
5.000000e+00 	5.000000e+00 	5.000000e+00 	1.848279e-03 	9.980357e-06 	9.980357e-06 	
1.500000e+01 	5.000000e+00 	5.000000e+00 	1.156915e-02 	2.413883e-05 	2.413883e-05 	
2.500000e+01 	5.000000e+00 	5.000000e+00 	2.671602e-02 	3.562330e-05 	3.562330e-05 	
3.500000e+01 	5.000000e+00 	5.000000e+00 	4.308011e-02 	4.564383e-05 	4.564383e-05 	
4.500000e+01 	5.000000e+00 	5.000000e+00 	4.514366e-02 	4.622779e-05 	4.622779e-05 	
5.500000e+01 	5.000000e+00 	5.000000e+00 	2.853729e-02 	3.696101e-05 	3.696101e-05 	
6.500000e+01 	5.000000e+00 	5.000000e+00 	1.630076e-02 	2.755218e-05 	2.755218e-05 	
7.500000e+01 	5.000000e+00 	5.000000e+00 	9.854537e-03 	2.091370e-05 	2.091370e-05 	
8.500000e+01 	5.000000e+00 	5.000000e+00 	6.187802e-03 	1.619992e-05 	1.619992e-05 	
9.500000e+01 	5.000000e+00 	5.000000e+00 	4.020995e-03 	1.318383e-05 	1.318383e-05 	
1.050000e+02 	5.000000e+00 	5.000000e+00 	2.639578e-03 	1.026256e-05 	1.026256e-05 	
1.150000e+02 	5.000000e+00 	5.000000e+00 	1.811685e-03 	8.472048e-06 	8.472048e-06 	
1.250000e+02 	5.000000e+00 	5.000000e+00 	1.259528e-03 	7.253674e-06 	7.253674e-06 	
1.350000e+02 	5.000000e+00 	5.000000e+00 	8.826779e-04 	5.943518e-06 	5.943518e-06 	
1.450000e+02 	5.000000e+00 	5.000000e+00 	6.563944e-04 	5.125307e-06 	5.125307e-06 	
1.550000e+02 	5.000000e+00 	5.000000e+00 	4.903568e-04 	4.881166e-06 	4.881166e-06 	
1.650000e+02 	5.000000e+00 	5.000000e+00 	3.733848e-04 	4.130341e-06 	4.130341e-06 	
1.750000e+02 	5.000000e+00 	5.000000e+00 	2.900295e-04 	3.610751e-06 	3.610751e-06 	
1.850000e+02 	5.000000e+00 	5.000000e+00 	2.287794e-04 	3.269661e-06 	3.269661e-06 	
1.950000e+02 	5.000000e+00 	5.000000e+00 	1.791199e-04 	2.874527e-06 	2.874527e-06 	
2.050000e+02 	5.000000e+00 	5.000000e+00 	1.443520e-04 	2.626063e-06 	2.626063e-06 	
2.150000e+02 	5.000000e+00 	5.000000e+00 	1.229297e-04 	2.636631e-06 	2.636631e-06 	
2.250000e+02 	5.000000e+00 	5.000000e+00 	9.619823e-05 	2.179330e-06 	2.179330e-06 	
2.350000e+02 	5.000000e+00 	5.000000e+00 	7.707072e-05 	1.805107e-06 	1.805107e-06 	
2.450000e+02 	5.000000e+00 	5.000000e+00 	6.850003e-05 	1.914296e-06 	1.914296e-06 	
2.550000e+02 	5.000000e+00 	5.000000e+00 	5.516557e-05 	1.643668e-06 	1.643668e-06 	
2.650000e+02 	5.000000e+00 	5.000000e+00 	4.813329e-05 	1.715003e-06 	1.715003e-06 	
2.750000e+02 	5.000000e+00 	5.000000e+00 	4.062275e-05 	1.626578e-06 	1.626578e-06 	
2.850000e+02 	5.000000e+00 	5.000000e+00 	3.462714e-05 	1.320481e-06 	1.320481e-06 	
2.950000e+02 	5.000000e+00 	5.000000e+00 	3.063510e-05 	1.340291e-06 	1.340291e-06 	
3.050000e+02 	5.000000e+00 	5.000000e+00 	2.638020e-05 	1.281047e-06 	1.281047e-06 	
3.150000e+02 	5.000000e+00 	5.000000e+00 	2.319973e-05 	1.224851e-06 	1.224851e-06 	
3.250000e+02 	5.000000e+00 	5.000000e+00 	1.997263e-05 	1.019515e-06 	1.019515e-06 	
3.350000e+02 	5.000000e+00 	5.000000e+00 	1.811051e-05 	1.013906e-06 	1.013906e-06 	
3.450000e+02 	5.000000e+00 	5.000000e+00 	1.480002e-05 	8.033049e-07 	8.033049e-07 	
3.550000e+02 	5.000000e+00 	5.000000e+00 	1.256880e-05 	7.710383e-07 	7.710383e-07 	
3.650000e+02 	5.000000e+00 	5.000000e+00 	1.307541e-05 	8.150524e-07 	8.150524e-07 	
3.750000e+02 	5.000000e+00 	5.000000e+00 	1.031962e-05 	6.829873e-07 	6.829873e-07 	
3.850000e+02 	5.000000e+00 	5.000000e+00 	8.112390e-06 	6.269922e-07 	6.269922e-07 	
3.950000e+02 	5.000000e+00 	5.000000e+00 	9.139524e-06 	7.498536e-07 	7.498536e-07 	
END SCATTER2D

BEGIN SCATTER2D /COMETA_ZZ_production_analysis/yep
Path=/COMETA_ZZ_production_analysis/yep
ScaledBy=1.08663469759102575e-05
Title=~
# val1       	err1-        	err1+        	val2         	err2-        	err2+        	
-2.375000e+00	1.250000e-01 	1.250000e-01 	1.755369e-01 	6.346483e-04 	6.346483e-04 	
-2.125000e+00	1.250000e-01 	1.250000e-01 	2.452880e-01 	7.158073e-04 	7.158073e-04 	
-1.875000e+00	1.250000e-01 	1.250000e-01 	2.986920e-01 	7.870549e-04 	7.870549e-04 	
-1.625000e+00	1.250000e-01 	1.250000e-01 	3.528182e-01 	8.314982e-04 	8.314982e-04 	
-1.375000e+00	1.250000e-01 	1.250000e-01 	4.048374e-01 	8.764881e-04 	8.764881e-04 	
-1.125000e+00	1.250000e-01 	1.250000e-01 	4.518089e-01 	9.240329e-04 	9.240329e-04 	
-8.750000e-01	1.250000e-01 	1.250000e-01 	4.929931e-01 	9.409920e-04 	9.409920e-04 	
-6.250000e-01	1.250000e-01 	1.250000e-01 	5.272579e-01 	1.007823e-03 	1.007823e-03 	
-3.750000e-01	1.250000e-01 	1.250000e-01 	5.493896e-01 	1.042378e-03 	1.042378e-03 	
-1.250000e-01	1.250000e-01 	1.250000e-01 	5.603935e-01 	9.916760e-04 	9.916760e-04 	
1.250000e-01 	1.250000e-01 	1.250000e-01 	5.597299e-01 	9.892238e-04 	9.892238e-04 	
3.750000e-01 	1.250000e-01 	1.250000e-01 	5.493147e-01 	9.786373e-04 	9.786373e-04 	
6.250000e-01 	1.250000e-01 	1.250000e-01 	5.274905e-01 	9.650621e-04 	9.650621e-04 	
8.750000e-01 	1.250000e-01 	1.250000e-01 	4.937759e-01 	9.306065e-04 	9.306065e-04 	
1.125000e+00 	1.250000e-01 	1.250000e-01 	4.537595e-01 	9.039116e-04 	9.039116e-04 	
1.375000e+00 	1.250000e-01 	1.250000e-01 	4.053736e-01 	9.258820e-04 	9.258820e-04 	
1.625000e+00 	1.250000e-01 	1.250000e-01 	3.524243e-01 	8.069824e-04 	8.069824e-04 	
1.875000e+00 	1.250000e-01 	1.250000e-01 	2.994056e-01 	7.658726e-04 	7.658726e-04 	
2.125000e+00 	1.250000e-01 	1.250000e-01 	2.468516e-01 	7.152133e-04 	7.152133e-04 	
2.375000e+00 	1.250000e-01 	1.250000e-01 	1.739275e-01 	5.986315e-04 	5.986315e-04 	
END SCATTER2D

BEGIN SCATTER2D /COMETA_ZZ_production_analysis/ymm
Path=/COMETA_ZZ_production_analysis/ymm
ScaledBy=1.08663469759102575e-05
Title=~
# val1       	err1-        	err1+        	val2         	err2-        	err2+        	
-2.375000e+00	1.250000e-01 	1.250000e-01 	1.904347e-01 	6.484141e-04 	6.484141e-04 	
-2.125000e+00	1.250000e-01 	1.250000e-01 	2.377200e-01 	7.066682e-04 	7.066682e-04 	
-1.875000e+00	1.250000e-01 	1.250000e-01 	2.887976e-01 	7.699749e-04 	7.699749e-04 	
-1.625000e+00	1.250000e-01 	1.250000e-01 	3.415282e-01 	8.904137e-04 	8.904137e-04 	
-1.375000e+00	1.250000e-01 	1.250000e-01 	3.908034e-01 	8.552802e-04 	8.552802e-04 	
-1.125000e+00	1.250000e-01 	1.250000e-01 	4.370079e-01 	8.959092e-04 	8.959092e-04 	
-8.750000e-01	1.250000e-01 	1.250000e-01 	4.759725e-01 	9.308057e-04 	9.308057e-04 	
-6.250000e-01	1.250000e-01 	1.250000e-01 	5.088132e-01 	9.515838e-04 	9.515838e-04 	
-3.750000e-01	1.250000e-01 	1.250000e-01 	5.290083e-01 	1.011111e-03 	1.011111e-03 	
-1.250000e-01	1.250000e-01 	1.250000e-01 	5.404222e-01 	9.744272e-04 	9.744272e-04 	
1.250000e-01 	1.250000e-01 	1.250000e-01 	5.401231e-01 	9.768830e-04 	9.768830e-04 	
3.750000e-01 	1.250000e-01 	1.250000e-01 	5.291284e-01 	9.629365e-04 	9.629365e-04 	
6.250000e-01 	1.250000e-01 	1.250000e-01 	5.061733e-01 	9.410536e-04 	9.410536e-04 	
8.750000e-01 	1.250000e-01 	1.250000e-01 	4.755095e-01 	9.126466e-04 	9.126466e-04 	
1.125000e+00 	1.250000e-01 	1.250000e-01 	4.349396e-01 	9.436269e-04 	9.436269e-04 	
1.375000e+00 	1.250000e-01 	1.250000e-01 	3.901062e-01 	8.354929e-04 	8.354929e-04 	
1.625000e+00 	1.250000e-01 	1.250000e-01 	3.415907e-01 	7.917586e-04 	7.917586e-04 	
1.875000e+00 	1.250000e-01 	1.250000e-01 	2.899911e-01 	7.398712e-04 	7.398712e-04 	
2.125000e+00 	1.250000e-01 	1.250000e-01 	2.376487e-01 	6.783812e-04 	6.783812e-04 	
2.375000e+00 	1.250000e-01 	1.250000e-01 	1.900834e-01 	6.215912e-04 	6.215912e-04 	
END SCATTER2D

BEGIN SCATTER2D /COMETA_ZZ_production_analysis/yee
Path=/COMETA_ZZ_production_analysis/yee
ScaledBy=1.08663469759102575e-05
Title=~
# val1       	err1-        	err1+        	val2         	err2-        	err2+        	
-2.875000e+00	1.250000e-01 	1.250000e-01 	0.000000e+00 	0.000000e+00 	0.000000e+00 	
-2.625000e+00	1.250000e-01 	1.250000e-01 	0.000000e+00 	0.000000e+00 	0.000000e+00 	
-2.375000e+00	1.250000e-01 	1.250000e-01 	3.265608e-02 	3.002356e-04 	3.002356e-04 	
-2.125000e+00	1.250000e-01 	1.250000e-01 	1.321379e-01 	5.616421e-04 	5.616421e-04 	
-1.875000e+00	1.250000e-01 	1.250000e-01 	2.381276e-01 	6.983219e-04 	6.983219e-04 	
-1.625000e+00	1.250000e-01 	1.250000e-01 	3.380000e-01 	8.172580e-04 	8.172580e-04 	
-1.375000e+00	1.250000e-01 	1.250000e-01 	4.238444e-01 	8.918186e-04 	8.918186e-04 	
-1.125000e+00	1.250000e-01 	1.250000e-01 	4.957519e-01 	9.573899e-04 	9.573899e-04 	
-8.750000e-01	1.250000e-01 	1.250000e-01 	5.516919e-01 	1.070805e-03 	1.070805e-03 	
-6.250000e-01	1.250000e-01 	1.250000e-01 	5.937426e-01 	1.080456e-03 	1.080456e-03 	
-3.750000e-01	1.250000e-01 	1.250000e-01 	6.205684e-01 	1.053925e-03 	1.053925e-03 	
-1.250000e-01	1.250000e-01 	1.250000e-01 	6.337187e-01 	1.072006e-03 	1.072006e-03 	
1.250000e-01 	1.250000e-01 	1.250000e-01 	6.325121e-01 	1.061750e-03 	1.061750e-03 	
3.750000e-01 	1.250000e-01 	1.250000e-01 	6.193316e-01 	1.052152e-03 	1.052152e-03 	
6.250000e-01 	1.250000e-01 	1.250000e-01 	5.939691e-01 	1.029957e-03 	1.029957e-03 	
8.750000e-01 	1.250000e-01 	1.250000e-01 	5.515790e-01 	9.964835e-04 	9.964835e-04 	
1.125000e+00 	1.250000e-01 	1.250000e-01 	4.968388e-01 	9.432053e-04 	9.432053e-04 	
1.375000e+00 	1.250000e-01 	1.250000e-01 	4.257419e-01 	8.750153e-04 	8.750153e-04 	
1.625000e+00 	1.250000e-01 	1.250000e-01 	3.387492e-01 	8.580939e-04 	8.580939e-04 	
1.875000e+00 	1.250000e-01 	1.250000e-01 	2.382765e-01 	6.791104e-04 	6.791104e-04 	
2.125000e+00 	1.250000e-01 	1.250000e-01 	1.311780e-01 	5.254693e-04 	5.254693e-04 	
2.375000e+00 	1.250000e-01 	1.250000e-01 	3.265266e-02 	2.660361e-04 	2.660361e-04 	
2.625000e+00 	1.250000e-01 	1.250000e-01 	0.000000e+00 	0.000000e+00 	0.000000e+00 	
2.875000e+00 	1.250000e-01 	1.250000e-01 	0.000000e+00 	0.000000e+00 	0.000000e+00 	
END SCATTER2D

BEGIN SCATTER2D /COMETA_ZZ_production_analysis/dyee
Path=/COMETA_ZZ_production_analysis/dyee
ScaledBy=1.08663469759102575e-05
Title=~
# val1       	err1-        	err1+        	val2         	err2-        	err2+        	
1.250000e-01 	1.250000e-01 	1.250000e-01 	1.372456e+00 	1.623763e-03 	1.623763e-03 	
3.750000e-01 	1.250000e-01 	1.250000e-01 	1.289585e+00 	1.517678e-03 	1.517678e-03 	
6.250000e-01 	1.250000e-01 	1.250000e-01 	1.165437e+00 	1.428480e-03 	1.428480e-03 	
8.750000e-01 	1.250000e-01 	1.250000e-01 	1.012280e+00 	1.390672e-03 	1.390672e-03 	
1.125000e+00 	1.250000e-01 	1.250000e-01 	8.460158e-01 	1.239479e-03 	1.239479e-03 	
1.375000e+00 	1.250000e-01 	1.250000e-01 	6.811789e-01 	1.129630e-03 	1.129630e-03 	
1.625000e+00 	1.250000e-01 	1.250000e-01 	5.302208e-01 	1.016618e-03 	1.016618e-03 	
1.875000e+00 	1.250000e-01 	1.250000e-01 	3.988759e-01 	8.959691e-04 	8.959691e-04 	
2.125000e+00 	1.250000e-01 	1.250000e-01 	2.872990e-01 	7.677977e-04 	7.677977e-04 	
2.375000e+00 	1.250000e-01 	1.250000e-01 	2.021917e-01 	6.569436e-04 	6.569436e-04 	
2.625000e+00 	1.250000e-01 	1.250000e-01 	1.363722e-01 	5.448371e-04 	5.448371e-04 	
2.875000e+00 	1.250000e-01 	1.250000e-01 	8.720995e-02 	4.420559e-04 	4.420559e-04 	
3.125000e+00 	1.250000e-01 	1.250000e-01 	5.302050e-02 	3.456323e-04 	3.456323e-04 	
3.375000e+00 	1.250000e-01 	1.250000e-01 	3.048539e-02 	2.626971e-04 	2.626971e-04 	
3.625000e+00 	1.250000e-01 	1.250000e-01 	1.580930e-02 	2.056094e-04 	2.056094e-04 	
3.875000e+00 	1.250000e-01 	1.250000e-01 	7.734952e-03 	1.309980e-04 	1.309980e-04 	
4.125000e+00 	1.250000e-01 	1.250000e-01 	3.264737e-03 	8.184353e-05 	8.184353e-05 	
4.375000e+00 	1.250000e-01 	1.250000e-01 	1.237247e-03 	5.433378e-05 	5.433378e-05 	
4.625000e+00 	1.250000e-01 	1.250000e-01 	3.611331e-04 	2.811929e-05 	2.811929e-05 	
4.875000e+00 	1.250000e-01 	1.250000e-01 	3.309779e-05 	7.322637e-06 	7.322637e-06 	
END SCATTER2D

BEGIN SCATTER2D /COMETA_ZZ_production_analysis/dypp
Path=/COMETA_ZZ_production_analysis/dypp
ScaledBy=1.08663469759102575e-05
Title=~
# val1       	err1-        	err1+        	val2         	err2-        	err2+        	
1.250000e-01 	1.250000e-01 	1.250000e-01 	1.227478e+00 	1.457422e-03 	1.457422e-03 	
3.750000e-01 	1.250000e-01 	1.250000e-01 	1.177054e+00 	1.469898e-03 	1.469898e-03 	
6.250000e-01 	1.250000e-01 	1.250000e-01 	1.067815e+00 	1.347814e-03 	1.347814e-03 	
8.750000e-01 	1.250000e-01 	1.250000e-01 	9.458460e-01 	1.265761e-03 	1.265761e-03 	
1.125000e+00 	1.250000e-01 	1.250000e-01 	8.133945e-01 	1.245660e-03 	1.245660e-03 	
1.375000e+00 	1.250000e-01 	1.250000e-01 	6.802644e-01 	1.095671e-03 	1.095671e-03 	
1.625000e+00 	1.250000e-01 	1.250000e-01 	5.573868e-01 	1.018250e-03 	1.018250e-03 	
1.875000e+00 	1.250000e-01 	1.250000e-01 	4.440981e-01 	9.682418e-04 	9.682418e-04 	
2.125000e+00 	1.250000e-01 	1.250000e-01 	3.468274e-01 	8.416652e-04 	8.416652e-04 	
2.375000e+00 	1.250000e-01 	1.250000e-01 	2.628109e-01 	7.556107e-04 	7.556107e-04 	
2.625000e+00 	1.250000e-01 	1.250000e-01 	1.957791e-01 	6.739540e-04 	6.739540e-04 	
2.875000e+00 	1.250000e-01 	1.250000e-01 	1.405226e-01 	5.873504e-04 	5.873504e-04 	
3.125000e+00 	1.250000e-01 	1.250000e-01 	9.733250e-02 	5.028684e-04 	5.028684e-04 	
3.375000e+00 	1.250000e-01 	1.250000e-01 	6.642701e-02 	4.358639e-04 	4.358639e-04 	
3.625000e+00 	1.250000e-01 	1.250000e-01 	4.254984e-02 	3.752214e-04 	3.752214e-04 	
3.875000e+00 	1.250000e-01 	1.250000e-01 	2.632458e-02 	3.133811e-04 	3.133811e-04 	
4.125000e+00 	1.250000e-01 	1.250000e-01 	1.542557e-02 	2.590395e-04 	2.590395e-04 	
4.375000e+00 	1.250000e-01 	1.250000e-01 	8.125917e-03 	1.883764e-04 	1.883764e-04 	
4.625000e+00 	1.250000e-01 	1.250000e-01 	3.921668e-03 	1.593114e-04 	1.593114e-04 	
4.875000e+00 	1.250000e-01 	1.250000e-01 	1.494456e-03 	1.242730e-04 	1.242730e-04 	
END SCATTER2D

BEGIN SCATTER2D /COMETA_ZZ_production_analysis/dyez
Path=/COMETA_ZZ_production_analysis/dyez
ScaledBy=1.08663469759102575e-05
Title=~
# val1       	err1-        	err1+        	val2         	err2-        	err2+        	
1.250000e-01 	1.250000e-01 	1.250000e-01 	1.449324e+00 	1.598504e-03 	1.598504e-03 	
3.750000e-01 	1.250000e-01 	1.250000e-01 	1.338572e+00 	1.558951e-03 	1.558951e-03 	
6.250000e-01 	1.250000e-01 	1.250000e-01 	1.169266e+00 	1.441966e-03 	1.441966e-03 	
8.750000e-01 	1.250000e-01 	1.250000e-01 	9.798345e-01 	1.281835e-03 	1.281835e-03 	
1.125000e+00 	1.250000e-01 	1.250000e-01 	8.072654e-01 	1.210453e-03 	1.210453e-03 	
1.375000e+00 	1.250000e-01 	1.250000e-01 	6.469430e-01 	1.070876e-03 	1.070876e-03 	
1.625000e+00 	1.250000e-01 	1.250000e-01 	5.066545e-01 	9.810510e-04 	9.810510e-04 	
1.875000e+00 	1.250000e-01 	1.250000e-01 	3.858534e-01 	8.890020e-04 	8.890020e-04 	
2.125000e+00 	1.250000e-01 	1.250000e-01 	2.819075e-01 	7.912051e-04 	7.912051e-04 	
2.375000e+00 	1.250000e-01 	1.250000e-01 	1.990019e-01 	6.964108e-04 	6.964108e-04 	
2.625000e+00 	1.250000e-01 	1.250000e-01 	1.365909e-01 	6.045567e-04 	6.045567e-04 	
2.875000e+00 	1.250000e-01 	1.250000e-01 	8.984949e-02 	5.096953e-04 	5.096953e-04 	
3.125000e+00 	1.250000e-01 	1.250000e-01 	5.687375e-02 	4.314551e-04 	4.314551e-04 	
3.375000e+00 	1.250000e-01 	1.250000e-01 	3.417499e-02 	3.558769e-04 	3.558769e-04 	
3.625000e+00 	1.250000e-01 	1.250000e-01 	2.019725e-02 	3.050618e-04 	3.050618e-04 	
3.875000e+00 	1.250000e-01 	1.250000e-01 	1.017664e-02 	2.271609e-04 	2.271609e-04 	
4.125000e+00 	1.250000e-01 	1.250000e-01 	5.417206e-03 	1.918663e-04 	1.918663e-04 	
4.375000e+00 	1.250000e-01 	1.250000e-01 	2.240700e-03 	1.390431e-04 	1.390431e-04 	
4.625000e+00 	1.250000e-01 	1.250000e-01 	7.561090e-04 	1.027976e-04 	1.027976e-04 	
4.875000e+00 	1.250000e-01 	1.250000e-01 	1.846486e-04 	3.805916e-05 	3.805916e-05 	
END SCATTER2D

BEGIN SCATTER2D /COMETA_ZZ_production_analysis/dphiee
Path=/COMETA_ZZ_production_analysis/dphiee
ScaledBy=1.08663469759102575e-05
Title=~
# val1       	err1-        	err1+        	val2         	err2-        	err2+        	
3.000000e+00 	3.000000e+00 	3.000000e+00 	2.044464e-03 	1.432700e-05 	1.432700e-05 	
9.000000e+00 	3.000000e+00 	3.000000e+00 	2.084424e-03 	1.382670e-05 	1.382670e-05 	
1.500000e+01 	3.000000e+00 	3.000000e+00 	2.201070e-03 	1.440785e-05 	1.440785e-05 	
2.100000e+01 	3.000000e+00 	3.000000e+00 	2.367044e-03 	1.444242e-05 	1.444242e-05 	
2.700000e+01 	3.000000e+00 	3.000000e+00 	2.575379e-03 	1.531933e-05 	1.531933e-05 	
3.300000e+01 	3.000000e+00 	3.000000e+00 	2.843057e-03 	1.555360e-05 	1.555360e-05 	
3.900000e+01 	3.000000e+00 	3.000000e+00 	3.171491e-03 	1.645096e-05 	1.645096e-05 	
4.500000e+01 	3.000000e+00 	3.000000e+00 	3.544252e-03 	1.729488e-05 	1.729488e-05 	
5.100000e+01 	3.000000e+00 	3.000000e+00 	4.038118e-03 	1.798863e-05 	1.798863e-05 	
5.700000e+01 	3.000000e+00 	3.000000e+00 	4.503471e-03 	1.805267e-05 	1.805267e-05 	
6.300000e+01 	3.000000e+00 	3.000000e+00 	5.128457e-03 	1.951355e-05 	1.951355e-05 	
6.900000e+01 	3.000000e+00 	3.000000e+00 	5.855023e-03 	2.124519e-05 	2.124519e-05 	
7.500000e+01 	3.000000e+00 	3.000000e+00 	6.595216e-03 	2.235677e-05 	2.235677e-05 	
8.100000e+01 	3.000000e+00 	3.000000e+00 	7.385918e-03 	2.377095e-05 	2.377095e-05 	
8.700000e+01 	3.000000e+00 	3.000000e+00 	8.234835e-03 	2.497540e-05 	2.497540e-05 	
9.300000e+01 	3.000000e+00 	3.000000e+00 	9.162791e-03 	2.703923e-05 	2.703923e-05 	
9.900000e+01 	3.000000e+00 	3.000000e+00 	1.014217e-02 	2.848143e-05 	2.848143e-05 	
1.050000e+02 	3.000000e+00 	3.000000e+00 	1.106547e-02 	3.000081e-05 	3.000081e-05 	
1.110000e+02 	3.000000e+00 	3.000000e+00 	1.209041e-02 	3.132987e-05 	3.132987e-05 	
1.170000e+02 	3.000000e+00 	3.000000e+00 	1.301154e-02 	3.275353e-05 	3.275353e-05 	
1.230000e+02 	3.000000e+00 	3.000000e+00 	1.422175e-02 	3.449874e-05 	3.449874e-05 	
1.290000e+02 	3.000000e+00 	3.000000e+00 	1.518177e-02 	3.529027e-05 	3.529027e-05 	
1.350000e+02 	3.000000e+00 	3.000000e+00 	1.655372e-02 	3.666548e-05 	3.666548e-05 	
1.410000e+02 	3.000000e+00 	3.000000e+00 	1.798811e-02 	3.769367e-05 	3.769367e-05 	
1.470000e+02 	3.000000e+00 	3.000000e+00 	1.970879e-02 	4.168326e-05 	4.168326e-05 	
1.530000e+02 	3.000000e+00 	3.000000e+00 	2.202622e-02 	4.097414e-05 	4.097414e-05 	
1.590000e+02 	3.000000e+00 	3.000000e+00 	2.463598e-02 	4.294741e-05 	4.294741e-05 	
1.650000e+02 	3.000000e+00 	3.000000e+00 	2.751476e-02 	4.464160e-05 	4.464160e-05 	
1.710000e+02 	3.000000e+00 	3.000000e+00 	3.025243e-02 	4.607069e-05 	4.607069e-05 	
1.770000e+02 	3.000000e+00 	3.000000e+00 	3.224972e-02 	5.020079e-05 	5.020079e-05 	
END SCATTER2D

BEGIN SCATTER2D /COMETA_ZZ_production_analysis/dphipp
Path=/COMETA_ZZ_production_analysis/dphipp
ScaledBy=1.08663469759102575e-05
Title=~
# val1       	err1-        	err1+        	val2         	err2-        	err2+        	
3.000000e+00 	3.000000e+00 	3.000000e+00 	8.775921e-03 	2.678982e-05 	2.678982e-05 	
9.000000e+00 	3.000000e+00 	3.000000e+00 	8.856124e-03 	2.689154e-05 	2.689154e-05 	
1.500000e+01 	3.000000e+00 	3.000000e+00 	8.905841e-03 	3.041219e-05 	3.041219e-05 	
2.100000e+01 	3.000000e+00 	3.000000e+00 	8.939743e-03 	2.664879e-05 	2.664879e-05 	
2.700000e+01 	3.000000e+00 	3.000000e+00 	9.031728e-03 	2.913452e-05 	2.913452e-05 	
3.300000e+01 	3.000000e+00 	3.000000e+00 	9.072216e-03 	2.652318e-05 	2.652318e-05 	
3.900000e+01 	3.000000e+00 	3.000000e+00 	9.265624e-03 	2.722858e-05 	2.722858e-05 	
4.500000e+01 	3.000000e+00 	3.000000e+00 	9.333550e-03 	2.740212e-05 	2.740212e-05 	
5.100000e+01 	3.000000e+00 	3.000000e+00 	9.530492e-03 	2.747632e-05 	2.747632e-05 	
5.700000e+01 	3.000000e+00 	3.000000e+00 	9.708390e-03 	2.789738e-05 	2.789738e-05 	
6.300000e+01 	3.000000e+00 	3.000000e+00 	9.851346e-03 	3.143683e-05 	3.143683e-05 	
6.900000e+01 	3.000000e+00 	3.000000e+00 	1.014607e-02 	2.836855e-05 	2.836855e-05 	
7.500000e+01 	3.000000e+00 	3.000000e+00 	1.033887e-02 	2.862977e-05 	2.862977e-05 	
8.100000e+01 	3.000000e+00 	3.000000e+00 	1.059306e-02 	2.871360e-05 	2.871360e-05 	
8.700000e+01 	3.000000e+00 	3.000000e+00 	1.084342e-02 	2.918154e-05 	2.918154e-05 	
9.300000e+01 	3.000000e+00 	3.000000e+00 	1.109025e-02 	2.897073e-05 	2.897073e-05 	
9.900000e+01 	3.000000e+00 	3.000000e+00 	1.134976e-02 	2.952901e-05 	2.952901e-05 	
1.050000e+02 	3.000000e+00 	3.000000e+00 	1.171462e-02 	3.004126e-05 	3.004126e-05 	
1.110000e+02 	3.000000e+00 	3.000000e+00 	1.201238e-02 	3.018368e-05 	3.018368e-05 	
1.170000e+02 	3.000000e+00 	3.000000e+00 	1.224577e-02 	3.100378e-05 	3.100378e-05 	
1.230000e+02 	3.000000e+00 	3.000000e+00 	1.258151e-02 	3.068921e-05 	3.068921e-05 	
1.290000e+02 	3.000000e+00 	3.000000e+00 	1.282654e-02 	3.093782e-05 	3.093782e-05 	
1.350000e+02 	3.000000e+00 	3.000000e+00 	1.314419e-02 	3.138998e-05 	3.138998e-05 	
1.410000e+02 	3.000000e+00 	3.000000e+00 	1.344216e-02 	3.175162e-05 	3.175162e-05 	
1.470000e+02 	3.000000e+00 	3.000000e+00 	1.364541e-02 	3.233566e-05 	3.233566e-05 	
1.530000e+02 	3.000000e+00 	3.000000e+00 	1.391982e-02 	3.231399e-05 	3.231399e-05 	
1.590000e+02 	3.000000e+00 	3.000000e+00 	1.408119e-02 	3.217088e-05 	3.217088e-05 	
1.650000e+02 	3.000000e+00 	3.000000e+00 	1.428977e-02 	3.247438e-05 	3.247438e-05 	
1.710000e+02 	3.000000e+00 	3.000000e+00 	1.435815e-02 	3.257083e-05 	3.257083e-05 	
1.770000e+02 	3.000000e+00 	3.000000e+00 	1.448396e-02 	3.258675e-05 	3.258675e-05 	
END SCATTER2D

BEGIN SCATTER2D /COMETA_ZZ_production_analysis/dree
Path=/COMETA_ZZ_production_analysis/dree
ScaledBy=1.08663469759102575e-05
Title=~
# val1       	err1-        	err1+        	val2         	err2-        	err2+        	
1.000000e-01 	1.000000e-01 	1.000000e-01 	1.903551e-04 	9.306290e-06 	9.306290e-06 	
3.000000e-01 	1.000000e-01 	1.000000e-01 	5.328568e-03 	1.196902e-04 	1.196902e-04 	
5.000000e-01 	1.000000e-01 	1.000000e-01 	2.175750e-02 	2.321312e-04 	2.321312e-04 	
7.000000e-01 	1.000000e-01 	1.000000e-01 	5.117374e-02 	3.833326e-04 	3.833326e-04 	
9.000000e-01 	1.000000e-01 	1.000000e-01 	9.754162e-02 	4.396077e-04 	4.396077e-04 	
1.100000e+00 	1.000000e-01 	1.000000e-01 	1.638063e-01 	5.754441e-04 	5.754441e-04 	
1.300000e+00 	1.000000e-01 	1.000000e-01 	2.487130e-01 	7.120550e-04 	7.120550e-04 	
1.500000e+00 	1.000000e-01 	1.000000e-01 	3.562475e-01 	8.814122e-04 	8.814122e-04 	
1.700000e+00 	1.000000e-01 	1.000000e-01 	4.749713e-01 	1.044799e-03 	1.044799e-03 	
1.900000e+00 	1.000000e-01 	1.000000e-01 	5.970783e-01 	1.187991e-03 	1.187991e-03 	
2.100000e+00 	1.000000e-01 	1.000000e-01 	7.239330e-01 	1.340460e-03 	1.340460e-03 	
2.300000e+00 	1.000000e-01 	1.000000e-01 	8.460855e-01 	1.457713e-03 	1.457713e-03 	
2.500000e+00 	1.000000e-01 	1.000000e-01 	9.909509e-01 	1.561219e-03 	1.561219e-03 	
2.700000e+00 	1.000000e-01 	1.000000e-01 	1.185299e+00 	1.734990e-03 	1.734990e-03 	
2.900000e+00 	1.000000e-01 	1.000000e-01 	1.467666e+00 	1.817942e-03 	1.817942e-03 	
3.100000e+00 	1.000000e-01 	1.000000e-01 	1.590659e+00 	1.922429e-03 	1.922429e-03 	
3.300000e+00 	1.000000e-01 	1.000000e-01 	6.630487e-01 	1.208487e-03 	1.208487e-03 	
3.500000e+00 	1.000000e-01 	1.000000e-01 	3.160134e-01 	8.639212e-04 	8.639212e-04 	
3.700000e+00 	1.000000e-01 	1.000000e-01 	1.666877e-01 	6.281078e-04 	6.281078e-04 	
3.900000e+00 	1.000000e-01 	1.000000e-01 	8.918420e-02 	4.698898e-04 	4.698898e-04 	
4.100000e+00 	1.000000e-01 	1.000000e-01 	4.813591e-02 	3.468691e-04 	3.468691e-04 	
4.300000e+00 	1.000000e-01 	1.000000e-01 	2.477367e-02 	2.581281e-04 	2.581281e-04 	
4.500000e+00 	1.000000e-01 	1.000000e-01 	1.286621e-02 	1.830152e-04 	1.830152e-04 	
4.700000e+00 	1.000000e-01 	1.000000e-01 	5.578303e-03 	1.165333e-04 	1.165333e-04 	
4.900000e+00 	1.000000e-01 	1.000000e-01 	2.349095e-03 	7.236906e-05 	7.236906e-05 	
5.100000e+00 	1.000000e-01 	1.000000e-01 	9.084670e-04 	4.461423e-05 	4.461423e-05 	
5.300000e+00 	1.000000e-01 	1.000000e-01 	3.093302e-04 	2.662048e-05 	2.662048e-05 	
5.500000e+00 	1.000000e-01 	1.000000e-01 	7.391726e-05 	1.326767e-05 	1.326767e-05 	
5.700000e+00 	1.000000e-01 	1.000000e-01 	4.606484e-06 	3.235326e-06 	3.235326e-06 	
5.900000e+00 	1.000000e-01 	1.000000e-01 	0.000000e+00 	0.000000e+00 	0.000000e+00 	
END SCATTER2D

BEGIN SCATTER2D /COMETA_ZZ_production_analysis/drpp
Path=/COMETA_ZZ_production_analysis/drpp
ScaledBy=1.08663469759102575e-05
Title=~
# val1       	err1-        	err1+        	val2         	err2-        	err2+        	
1.000000e-01 	1.000000e-01 	1.000000e-01 	3.964845e-02 	2.929480e-04 	2.929480e-04 	
3.000000e-01 	1.000000e-01 	1.000000e-01 	1.263172e-01 	6.748085e-04 	6.748085e-04 	
5.000000e-01 	1.000000e-01 	1.000000e-01 	2.117220e-01 	6.720826e-04 	6.720826e-04 	
7.000000e-01 	1.000000e-01 	1.000000e-01 	2.908654e-01 	7.819078e-04 	7.819078e-04 	
9.000000e-01 	1.000000e-01 	1.000000e-01 	3.693927e-01 	8.960994e-04 	8.960994e-04 	
1.100000e+00 	1.000000e-01 	1.000000e-01 	4.462317e-01 	9.822382e-04 	9.822382e-04 	
1.300000e+00 	1.000000e-01 	1.000000e-01 	5.197395e-01 	1.060391e-03 	1.060391e-03 	
1.500000e+00 	1.000000e-01 	1.000000e-01 	5.871252e-01 	1.217528e-03 	1.217528e-03 	
1.700000e+00 	1.000000e-01 	1.000000e-01 	6.519738e-01 	1.216555e-03 	1.216555e-03 	
1.900000e+00 	1.000000e-01 	1.000000e-01 	7.110776e-01 	1.269859e-03 	1.269859e-03 	
2.100000e+00 	1.000000e-01 	1.000000e-01 	7.652118e-01 	1.360081e-03 	1.360081e-03 	
2.300000e+00 	1.000000e-01 	1.000000e-01 	8.117660e-01 	1.367615e-03 	1.367615e-03 	
2.500000e+00 	1.000000e-01 	1.000000e-01 	8.545765e-01 	1.395924e-03 	1.395924e-03 	
2.700000e+00 	1.000000e-01 	1.000000e-01 	8.866183e-01 	1.421225e-03 	1.421225e-03 	
2.900000e+00 	1.000000e-01 	1.000000e-01 	9.080740e-01 	1.439983e-03 	1.439983e-03 	
3.100000e+00 	1.000000e-01 	1.000000e-01 	8.549941e-01 	1.405838e-03 	1.405838e-03 	
3.300000e+00 	1.000000e-01 	1.000000e-01 	4.333144e-01 	1.017584e-03 	1.017584e-03 	
3.500000e+00 	1.000000e-01 	1.000000e-01 	2.532071e-01 	8.109613e-04 	8.109613e-04 	
3.700000e+00 	1.000000e-01 	1.000000e-01 	1.611983e-01 	6.830660e-04 	6.830660e-04 	
3.900000e+00 	1.000000e-01 	1.000000e-01 	1.036957e-01 	5.715086e-04 	5.715086e-04 	
4.100000e+00 	1.000000e-01 	1.000000e-01 	6.593987e-02 	4.738442e-04 	4.738442e-04 	
4.300000e+00 	1.000000e-01 	1.000000e-01 	4.134231e-02 	3.915357e-04 	3.915357e-04 	
4.500000e+00 	1.000000e-01 	1.000000e-01 	2.579904e-02 	3.269187e-04 	3.269187e-04 	
4.700000e+00 	1.000000e-01 	1.000000e-01 	1.465539e-02 	2.614836e-04 	2.614836e-04 	
4.900000e+00 	1.000000e-01 	1.000000e-01 	9.010414e-03 	2.393597e-04 	2.393597e-04 	
5.100000e+00 	1.000000e-01 	1.000000e-01 	4.640580e-03 	1.666873e-04 	1.666873e-04 	
5.300000e+00 	1.000000e-01 	1.000000e-01 	2.080200e-03 	1.037850e-04 	1.037850e-04 	
5.500000e+00 	1.000000e-01 	1.000000e-01 	8.231334e-04 	1.182204e-04 	1.182204e-04 	
5.700000e+00 	1.000000e-01 	1.000000e-01 	2.650239e-04 	3.729798e-05 	3.729798e-05 	
5.900000e+00 	1.000000e-01 	1.000000e-01 	3.004936e-05 	9.533130e-06 	9.533130e-06 	
END SCATTER2D

BEGIN SCATTER2D /COMETA_ZZ_production_analysis/cthep
Path=/COMETA_ZZ_production_analysis/cthep
ScaledBy=1.08663469759102575e-05
Title=~
# val1       	err1-        	err1+        	val2         	err2-        	err2+        	
-9.750000e-01	2.500000e-02 	2.500000e-02 	6.717986e-01 	2.642532e-03 	2.642532e-03 	
-9.250000e-01	2.500000e-02 	2.500000e-02 	7.487700e-01 	2.688791e-03 	2.688791e-03 	
-8.750000e-01	2.500000e-02 	2.500000e-02 	7.995846e-01 	2.664120e-03 	2.664120e-03 	
-8.250000e-01	2.500000e-02 	2.500000e-02 	8.362659e-01 	2.625865e-03 	2.625865e-03 	
-7.750000e-01	2.500000e-02 	2.500000e-02 	8.775718e-01 	2.667287e-03 	2.667287e-03 	
-7.250000e-01	2.500000e-02 	2.500000e-02 	9.187390e-01 	2.734834e-03 	2.734834e-03 	
-6.750000e-01	2.500000e-02 	2.500000e-02 	9.531884e-01 	2.811972e-03 	2.811972e-03 	
-6.250000e-01	2.500000e-02 	2.500000e-02 	9.854068e-01 	2.880536e-03 	2.880536e-03 	
-5.750000e-01	2.500000e-02 	2.500000e-02 	1.014781e+00 	2.924952e-03 	2.924952e-03 	
-5.250000e-01	2.500000e-02 	2.500000e-02 	1.044181e+00 	3.017606e-03 	3.017606e-03 	
-4.750000e-01	2.500000e-02 	2.500000e-02 	1.063227e+00 	3.512770e-03 	3.512770e-03 	
-4.250000e-01	2.500000e-02 	2.500000e-02 	1.092289e+00 	3.556571e-03 	3.556571e-03 	
-3.750000e-01	2.500000e-02 	2.500000e-02 	1.115292e+00 	3.204315e-03 	3.204315e-03 	
-3.250000e-01	2.500000e-02 	2.500000e-02 	1.130237e+00 	3.314280e-03 	3.314280e-03 	
-2.750000e-01	2.500000e-02 	2.500000e-02 	1.140679e+00 	3.290250e-03 	3.290250e-03 	
-2.250000e-01	2.500000e-02 	2.500000e-02 	1.158527e+00 	3.414423e-03 	3.414423e-03 	
-1.750000e-01	2.500000e-02 	2.500000e-02 	1.173510e+00 	3.404215e-03 	3.404215e-03 	
-1.250000e-01	2.500000e-02 	2.500000e-02 	1.183627e+00 	3.435822e-03 	3.435822e-03 	
-7.500000e-02	2.500000e-02 	2.500000e-02 	1.197101e+00 	3.737995e-03 	3.737995e-03 	
-2.500000e-02	2.500000e-02 	2.500000e-02 	1.198667e+00 	3.502486e-03 	3.502486e-03 	
2.500000e-02 	2.500000e-02 	2.500000e-02 	1.196142e+00 	3.488005e-03 	3.488005e-03 	
7.500000e-02 	2.500000e-02 	2.500000e-02 	1.194115e+00 	3.543240e-03 	3.543240e-03 	
1.250000e-01 	2.500000e-02 	2.500000e-02 	1.181749e+00 	3.430041e-03 	3.430041e-03 	
1.750000e-01 	2.500000e-02 	2.500000e-02 	1.176639e+00 	3.447706e-03 	3.447706e-03 	
2.250000e-01 	2.500000e-02 	2.500000e-02 	1.160708e+00 	3.369885e-03 	3.369885e-03 	
2.750000e-01 	2.500000e-02 	2.500000e-02 	1.148920e+00 	3.364803e-03 	3.364803e-03 	
3.250000e-01 	2.500000e-02 	2.500000e-02 	1.139126e+00 	3.299529e-03 	3.299529e-03 	
3.750000e-01 	2.500000e-02 	2.500000e-02 	1.110857e+00 	3.180656e-03 	3.180656e-03 	
4.250000e-01 	2.500000e-02 	2.500000e-02 	1.090888e+00 	3.155087e-03 	3.155087e-03 	
4.750000e-01 	2.500000e-02 	2.500000e-02 	1.070035e+00 	3.097846e-03 	3.097846e-03 	
5.250000e-01 	2.500000e-02 	2.500000e-02 	1.034797e+00 	2.974099e-03 	2.974099e-03 	
5.750000e-01 	2.500000e-02 	2.500000e-02 	1.010803e+00 	2.932725e-03 	2.932725e-03 	
6.250000e-01 	2.500000e-02 	2.500000e-02 	9.746206e-01 	2.814935e-03 	2.814935e-03 	
6.750000e-01 	2.500000e-02 	2.500000e-02 	9.490481e-01 	2.781055e-03 	2.781055e-03 	
7.250000e-01 	2.500000e-02 	2.500000e-02 	9.171014e-01 	2.709688e-03 	2.709688e-03 	
7.750000e-01 	2.500000e-02 	2.500000e-02 	8.794004e-01 	2.730661e-03 	2.730661e-03 	
8.250000e-01 	2.500000e-02 	2.500000e-02 	8.431068e-01 	2.692314e-03 	2.692314e-03 	
8.750000e-01 	2.500000e-02 	2.500000e-02 	8.025009e-01 	2.699328e-03 	2.699328e-03 	
9.250000e-01 	2.500000e-02 	2.500000e-02 	7.556368e-01 	2.724060e-03 	2.724060e-03 	
9.750000e-01 	2.500000e-02 	2.500000e-02 	6.657054e-01 	2.623822e-03 	2.623822e-03 	
END SCATTER2D

BEGIN SCATTER2D /COMETA_ZZ_production_analysis/cthmm
Path=/COMETA_ZZ_production_analysis/cthmm
ScaledBy=1.08663469759102575e-05
Title=~
# val1       	err1-        	err1+        	val2         	err2-        	err2+        	
-9.750000e-01	2.500000e-02 	2.500000e-02 	7.036761e-01 	2.756034e-03 	2.756034e-03 	
-9.250000e-01	2.500000e-02 	2.500000e-02 	7.678722e-01 	2.728207e-03 	2.728207e-03 	
-8.750000e-01	2.500000e-02 	2.500000e-02 	8.157729e-01 	2.737223e-03 	2.737223e-03 	
-8.250000e-01	2.500000e-02 	2.500000e-02 	8.491725e-01 	2.679539e-03 	2.679539e-03 	
-7.750000e-01	2.500000e-02 	2.500000e-02 	8.888778e-01 	2.778135e-03 	2.778135e-03 	
-7.250000e-01	2.500000e-02 	2.500000e-02 	9.199395e-01 	3.528651e-03 	3.528651e-03 	
-6.750000e-01	2.500000e-02 	2.500000e-02 	9.469772e-01 	2.749296e-03 	2.749296e-03 	
-6.250000e-01	2.500000e-02 	2.500000e-02 	9.796588e-01 	2.841187e-03 	2.841187e-03 	
-5.750000e-01	2.500000e-02 	2.500000e-02 	1.008060e+00 	2.901212e-03 	2.901212e-03 	
-5.250000e-01	2.500000e-02 	2.500000e-02 	1.034164e+00 	2.970497e-03 	2.970497e-03 	
-4.750000e-01	2.500000e-02 	2.500000e-02 	1.061589e+00 	3.085416e-03 	3.085416e-03 	
-4.250000e-01	2.500000e-02 	2.500000e-02 	1.084900e+00 	3.102681e-03 	3.102681e-03 	
-3.750000e-01	2.500000e-02 	2.500000e-02 	1.101443e+00 	3.214421e-03 	3.214421e-03 	
-3.250000e-01	2.500000e-02 	2.500000e-02 	1.122979e+00 	3.258530e-03 	3.258530e-03 	
-2.750000e-01	2.500000e-02 	2.500000e-02 	1.134201e+00 	3.339050e-03 	3.339050e-03 	
-2.250000e-01	2.500000e-02 	2.500000e-02 	1.153442e+00 	3.346887e-03 	3.346887e-03 	
-1.750000e-01	2.500000e-02 	2.500000e-02 	1.163792e+00 	3.384443e-03 	3.384443e-03 	
-1.250000e-01	2.500000e-02 	2.500000e-02 	1.167969e+00 	3.423637e-03 	3.423637e-03 	
-7.500000e-02	2.500000e-02 	2.500000e-02 	1.176917e+00 	3.834868e-03 	3.834868e-03 	
-2.500000e-02	2.500000e-02 	2.500000e-02 	1.185330e+00 	3.468821e-03 	3.468821e-03 	
2.500000e-02 	2.500000e-02 	2.500000e-02 	1.181182e+00 	3.481023e-03 	3.481023e-03 	
7.500000e-02 	2.500000e-02 	2.500000e-02 	1.180851e+00 	3.483863e-03 	3.483863e-03 	
1.250000e-01 	2.500000e-02 	2.500000e-02 	1.183744e+00 	3.472444e-03 	3.472444e-03 	
1.750000e-01 	2.500000e-02 	2.500000e-02 	1.171130e+00 	3.428463e-03 	3.428463e-03 	
2.250000e-01 	2.500000e-02 	2.500000e-02 	1.153703e+00 	3.364231e-03 	3.364231e-03 	
2.750000e-01 	2.500000e-02 	2.500000e-02 	1.140463e+00 	3.329199e-03 	3.329199e-03 	
3.250000e-01 	2.500000e-02 	2.500000e-02 	1.126338e+00 	3.259008e-03 	3.259008e-03 	
3.750000e-01 	2.500000e-02 	2.500000e-02 	1.108954e+00 	3.181175e-03 	3.181175e-03 	
4.250000e-01 	2.500000e-02 	2.500000e-02 	1.089770e+00 	3.125424e-03 	3.125424e-03 	
4.750000e-01 	2.500000e-02 	2.500000e-02 	1.066503e+00 	3.067590e-03 	3.067590e-03 	
5.250000e-01 	2.500000e-02 	2.500000e-02 	1.035765e+00 	2.947053e-03 	2.947053e-03 	
5.750000e-01 	2.500000e-02 	2.500000e-02 	1.013312e+00 	2.910136e-03 	2.910136e-03 	
6.250000e-01 	2.500000e-02 	2.500000e-02 	9.846188e-01 	2.916538e-03 	2.916538e-03 	
6.750000e-01 	2.500000e-02 	2.500000e-02 	9.558515e-01 	2.791261e-03 	2.791261e-03 	
7.250000e-01 	2.500000e-02 	2.500000e-02 	9.213820e-01 	2.729428e-03 	2.729428e-03 	
7.750000e-01 	2.500000e-02 	2.500000e-02 	8.869763e-01 	2.752309e-03 	2.752309e-03 	
8.250000e-01 	2.500000e-02 	2.500000e-02 	8.504185e-01 	2.723089e-03 	2.723089e-03 	
8.750000e-01 	2.500000e-02 	2.500000e-02 	8.170124e-01 	2.684865e-03 	2.684865e-03 	
9.250000e-01 	2.500000e-02 	2.500000e-02 	7.654569e-01 	2.729419e-03 	2.729419e-03 	
9.750000e-01 	2.500000e-02 	2.500000e-02 	7.051776e-01 	2.705360e-03 	2.705360e-03 	
END SCATTER2D

BEGIN SCATTER2D /COMETA_ZZ_production_analysis/cscatt
Path=/COMETA_ZZ_production_analysis/cscatt
ScaledBy=1.08663469759102575e-05
Title=~
# val1       	err1-        	err1+        	val2         	err2-        	err2+        	
1.250000e-02 	1.250000e-02 	1.250000e-02 	1.898429e+00 	6.147286e-03 	6.147286e-03 	
3.750000e-02 	1.250000e-02 	1.250000e-02 	1.906363e+00 	6.215824e-03 	6.215824e-03 	
6.250000e-02 	1.250000e-02 	1.250000e-02 	1.912793e+00 	6.204618e-03 	6.204618e-03 	
8.750000e-02 	1.250000e-02 	1.250000e-02 	1.897281e+00 	6.229348e-03 	6.229348e-03 	
1.125000e-01 	1.250000e-02 	1.250000e-02 	1.881079e+00 	6.120062e-03 	6.120062e-03 	
1.375000e-01 	1.250000e-02 	1.250000e-02 	1.884474e+00 	6.116183e-03 	6.116183e-03 	
1.625000e-01 	1.250000e-02 	1.250000e-02 	1.859734e+00 	6.011990e-03 	6.011990e-03 	
1.875000e-01 	1.250000e-02 	1.250000e-02 	1.832048e+00 	5.949720e-03 	5.949720e-03 	
2.125000e-01 	1.250000e-02 	1.250000e-02 	1.821347e+00 	6.846529e-03 	6.846529e-03 	
2.375000e-01 	1.250000e-02 	1.250000e-02 	1.806611e+00 	5.833378e-03 	5.833378e-03 	
2.625000e-01 	1.250000e-02 	1.250000e-02 	1.775902e+00 	5.759399e-03 	5.759399e-03 	
2.875000e-01 	1.250000e-02 	1.250000e-02 	1.752320e+00 	5.660073e-03 	5.660073e-03 	
3.125000e-01 	1.250000e-02 	1.250000e-02 	1.713771e+00 	5.504245e-03 	5.504245e-03 	
3.375000e-01 	1.250000e-02 	1.250000e-02 	1.693351e+00 	5.420498e-03 	5.420498e-03 	
3.625000e-01 	1.250000e-02 	1.250000e-02 	1.660998e+00 	5.332032e-03 	5.332032e-03 	
3.875000e-01 	1.250000e-02 	1.250000e-02 	1.632735e+00 	5.252299e-03 	5.252299e-03 	
4.125000e-01 	1.250000e-02 	1.250000e-02 	1.611239e+00 	5.190652e-03 	5.190652e-03 	
4.375000e-01 	1.250000e-02 	1.250000e-02 	1.577279e+00 	5.090273e-03 	5.090273e-03 	
4.625000e-01 	1.250000e-02 	1.250000e-02 	1.545287e+00 	4.975387e-03 	4.975387e-03 	
4.875000e-01 	1.250000e-02 	1.250000e-02 	1.487968e+00 	4.771996e-03 	4.771996e-03 	
5.125000e-01 	1.250000e-02 	1.250000e-02 	1.481296e+00 	4.817965e-03 	4.817965e-03 	
5.375000e-01 	1.250000e-02 	1.250000e-02 	1.461242e+00 	4.817299e-03 	4.817299e-03 	
5.625000e-01 	1.250000e-02 	1.250000e-02 	1.438077e+00 	4.946042e-03 	4.946042e-03 	
5.875000e-01 	1.250000e-02 	1.250000e-02 	1.408365e+00 	4.699631e-03 	4.699631e-03 	
6.125000e-01 	1.250000e-02 	1.250000e-02 	1.402679e+00 	4.684088e-03 	4.684088e-03 	
6.375000e-01 	1.250000e-02 	1.250000e-02 	1.392743e+00 	4.744329e-03 	4.744329e-03 	
6.625000e-01 	1.250000e-02 	1.250000e-02 	1.396024e+00 	4.711764e-03 	4.711764e-03 	
6.875000e-01 	1.250000e-02 	1.250000e-02 	1.408836e+00 	4.913226e-03 	4.913226e-03 	
7.125000e-01 	1.250000e-02 	1.250000e-02 	1.441384e+00 	4.961480e-03 	4.961480e-03 	
7.375000e-01 	1.250000e-02 	1.250000e-02 	1.481197e+00 	5.077756e-03 	5.077756e-03 	
7.625000e-01 	1.250000e-02 	1.250000e-02 	1.551895e+00 	5.252516e-03 	5.252516e-03 	
7.875000e-01 	1.250000e-02 	1.250000e-02 	1.663741e+00 	5.561121e-03 	5.561121e-03 	
8.125000e-01 	1.250000e-02 	1.250000e-02 	1.789669e+00 	5.798882e-03 	5.798882e-03 	
8.375000e-01 	1.250000e-02 	1.250000e-02 	1.984816e+00 	7.046403e-03 	7.046403e-03 	
8.625000e-01 	1.250000e-02 	1.250000e-02 	2.256509e+00 	6.589570e-03 	6.589570e-03 	
8.875000e-01 	1.250000e-02 	1.250000e-02 	2.628369e+00 	7.180246e-03 	7.180246e-03 	
9.125000e-01 	1.250000e-02 	1.250000e-02 	3.144659e+00 	7.960682e-03 	7.960682e-03 	
9.375000e-01 	1.250000e-02 	1.250000e-02 	3.902520e+00 	8.855547e-03 	8.855547e-03 	
9.625000e-01 	1.250000e-02 	1.250000e-02 	5.139910e+00 	1.021760e-02 	1.021760e-02 	
9.875000e-01 	1.250000e-02 	1.250000e-02 	7.685748e+00 	1.241143e-02 	1.241143e-02 	
END SCATTER2D

BEGIN SCATTER2D /COMETA_ZZ_production_analysis/cosee
Path=/COMETA_ZZ_production_analysis/cosee
ScaledBy=1.08663469759102575e-05
Title=~
# val1       	err1-        	err1+        	val2         	err2-        	err2+        	
-9.750000e-01	2.500000e-02 	2.500000e-02 	1.289921e+00 	3.329273e-03 	3.329273e-03 	
-9.250000e-01	2.500000e-02 	2.500000e-02 	1.163032e+00 	3.209824e-03 	3.209824e-03 	
-8.750000e-01	2.500000e-02 	2.500000e-02 	1.087118e+00 	3.102668e-03 	3.102668e-03 	
-8.250000e-01	2.500000e-02 	2.500000e-02 	1.041548e+00 	3.053684e-03 	3.053684e-03 	
-7.750000e-01	2.500000e-02 	2.500000e-02 	1.011837e+00 	3.069036e-03 	3.069036e-03 	
-7.250000e-01	2.500000e-02 	2.500000e-02 	9.791837e-01 	3.011206e-03 	3.011206e-03 	
-6.750000e-01	2.500000e-02 	2.500000e-02 	9.609261e-01 	2.985025e-03 	2.985025e-03 	
-6.250000e-01	2.500000e-02 	2.500000e-02 	9.400314e-01 	2.971058e-03 	2.971058e-03 	
-5.750000e-01	2.500000e-02 	2.500000e-02 	9.280759e-01 	2.929379e-03 	2.929379e-03 	
-5.250000e-01	2.500000e-02 	2.500000e-02 	9.127306e-01 	2.924763e-03 	2.924763e-03 	
-4.750000e-01	2.500000e-02 	2.500000e-02 	9.120579e-01 	2.937491e-03 	2.937491e-03 	
-4.250000e-01	2.500000e-02 	2.500000e-02 	9.032257e-01 	3.192835e-03 	3.192835e-03 	
-3.750000e-01	2.500000e-02 	2.500000e-02 	9.010401e-01 	2.909506e-03 	2.909506e-03 	
-3.250000e-01	2.500000e-02 	2.500000e-02 	8.984311e-01 	2.896662e-03 	2.896662e-03 	
-2.750000e-01	2.500000e-02 	2.500000e-02 	8.861907e-01 	2.859299e-03 	2.859299e-03 	
-2.250000e-01	2.500000e-02 	2.500000e-02 	8.956462e-01 	2.916820e-03 	2.916820e-03 	
-1.750000e-01	2.500000e-02 	2.500000e-02 	8.894135e-01 	2.901601e-03 	2.901601e-03 	
-1.250000e-01	2.500000e-02 	2.500000e-02 	8.944600e-01 	2.865675e-03 	2.865675e-03 	
-7.500000e-02	2.500000e-02 	2.500000e-02 	8.900031e-01 	2.839524e-03 	2.839524e-03 	
-2.500000e-02	2.500000e-02 	2.500000e-02 	9.026625e-01 	2.867641e-03 	2.867641e-03 	
2.500000e-02 	2.500000e-02 	2.500000e-02 	9.036045e-01 	3.343275e-03 	3.343275e-03 	
7.500000e-02 	2.500000e-02 	2.500000e-02 	9.102392e-01 	2.841341e-03 	2.841341e-03 	
1.250000e-01 	2.500000e-02 	2.500000e-02 	9.211126e-01 	2.900761e-03 	2.900761e-03 	
1.750000e-01 	2.500000e-02 	2.500000e-02 	9.390645e-01 	2.929045e-03 	2.929045e-03 	
2.250000e-01 	2.500000e-02 	2.500000e-02 	9.439734e-01 	2.938210e-03 	2.938210e-03 	
2.750000e-01 	2.500000e-02 	2.500000e-02 	9.645544e-01 	2.996273e-03 	2.996273e-03 	
3.250000e-01 	2.500000e-02 	2.500000e-02 	9.822364e-01 	2.969641e-03 	2.969641e-03 	
3.750000e-01 	2.500000e-02 	2.500000e-02 	1.000149e+00 	3.009841e-03 	3.009841e-03 	
4.250000e-01 	2.500000e-02 	2.500000e-02 	1.026031e+00 	3.056292e-03 	3.056292e-03 	
4.750000e-01 	2.500000e-02 	2.500000e-02 	1.059015e+00 	3.151574e-03 	3.151574e-03 	
5.250000e-01 	2.500000e-02 	2.500000e-02 	1.094629e+00 	3.124936e-03 	3.124936e-03 	
5.750000e-01 	2.500000e-02 	2.500000e-02 	1.136582e+00 	3.194190e-03 	3.194190e-03 	
6.250000e-01 	2.500000e-02 	2.500000e-02 	1.185289e+00 	3.242424e-03 	3.242424e-03 	
6.750000e-01 	2.500000e-02 	2.500000e-02 	1.235926e+00 	3.746389e-03 	3.746389e-03 	
7.250000e-01 	2.500000e-02 	2.500000e-02 	1.306894e+00 	3.444899e-03 	3.444899e-03 	
7.750000e-01 	2.500000e-02 	2.500000e-02 	1.381394e+00 	3.570104e-03 	3.570104e-03 	
8.250000e-01 	2.500000e-02 	2.500000e-02 	1.459725e+00 	3.760884e-03 	3.760884e-03 	
8.750000e-01 	2.500000e-02 	2.500000e-02 	1.470863e+00 	3.815014e-03 	3.815014e-03 	
9.250000e-01 	2.500000e-02 	2.500000e-02 	1.114571e+00 	3.429083e-03 	3.429083e-03 	
9.750000e-01 	2.500000e-02 	2.500000e-02 	2.819539e-01 	1.949459e-03 	1.949459e-03 	
END SCATTER2D

BEGIN SCATTER2D /COMETA_ZZ_production_analysis/cospp
Path=/COMETA_ZZ_production_analysis/cospp
ScaledBy=1.08663469759102575e-05
Title=~
# val1       	err1-        	err1+        	val2         	err2-        	err2+        	
-9.750000e-01	2.500000e-02 	2.500000e-02 	8.397190e-01 	3.042801e-03 	3.042801e-03 	
-9.250000e-01	2.500000e-02 	2.500000e-02 	8.294157e-01 	3.015254e-03 	3.015254e-03 	
-8.750000e-01	2.500000e-02 	2.500000e-02 	8.230765e-01 	2.922880e-03 	2.922880e-03 	
-8.250000e-01	2.500000e-02 	2.500000e-02 	8.225688e-01 	2.919437e-03 	2.919437e-03 	
-7.750000e-01	2.500000e-02 	2.500000e-02 	8.143640e-01 	2.886620e-03 	2.886620e-03 	
-7.250000e-01	2.500000e-02 	2.500000e-02 	8.095628e-01 	2.873853e-03 	2.873853e-03 	
-6.750000e-01	2.500000e-02 	2.500000e-02 	8.051946e-01 	2.792592e-03 	2.792592e-03 	
-6.250000e-01	2.500000e-02 	2.500000e-02 	7.983096e-01 	2.762613e-03 	2.762613e-03 	
-5.750000e-01	2.500000e-02 	2.500000e-02 	8.031779e-01 	2.781997e-03 	2.781997e-03 	
-5.250000e-01	2.500000e-02 	2.500000e-02 	7.955394e-01 	2.759441e-03 	2.759441e-03 	
-4.750000e-01	2.500000e-02 	2.500000e-02 	7.978672e-01 	2.766399e-03 	2.766399e-03 	
-4.250000e-01	2.500000e-02 	2.500000e-02 	8.000434e-01 	2.736468e-03 	2.736468e-03 	
-3.750000e-01	2.500000e-02 	2.500000e-02 	7.972379e-01 	2.697735e-03 	2.697735e-03 	
-3.250000e-01	2.500000e-02 	2.500000e-02 	8.003827e-01 	2.713881e-03 	2.713881e-03 	
-2.750000e-01	2.500000e-02 	2.500000e-02 	8.018822e-01 	2.730880e-03 	2.730880e-03 	
-2.250000e-01	2.500000e-02 	2.500000e-02 	8.112179e-01 	2.799260e-03 	2.799260e-03 	
-1.750000e-01	2.500000e-02 	2.500000e-02 	8.148930e-01 	2.790167e-03 	2.790167e-03 	
-1.250000e-01	2.500000e-02 	2.500000e-02 	8.206255e-01 	2.722837e-03 	2.722837e-03 	
-7.500000e-02	2.500000e-02 	2.500000e-02 	8.312687e-01 	3.066967e-03 	3.066967e-03 	
-2.500000e-02	2.500000e-02 	2.500000e-02 	8.394481e-01 	2.747455e-03 	2.747455e-03 	
2.500000e-02 	2.500000e-02 	2.500000e-02 	8.523107e-01 	2.792403e-03 	2.792403e-03 	
7.500000e-02 	2.500000e-02 	2.500000e-02 	8.659571e-01 	2.762016e-03 	2.762016e-03 	
1.250000e-01 	2.500000e-02 	2.500000e-02 	8.818928e-01 	2.820734e-03 	2.820734e-03 	
1.750000e-01 	2.500000e-02 	2.500000e-02 	8.945243e-01 	2.793809e-03 	2.793809e-03 	
2.250000e-01 	2.500000e-02 	2.500000e-02 	9.165342e-01 	2.856630e-03 	2.856630e-03 	
2.750000e-01 	2.500000e-02 	2.500000e-02 	9.345016e-01 	2.849269e-03 	2.849269e-03 	
3.250000e-01 	2.500000e-02 	2.500000e-02 	9.605167e-01 	2.886912e-03 	2.886912e-03 	
3.750000e-01 	2.500000e-02 	2.500000e-02 	9.911173e-01 	2.920392e-03 	2.920392e-03 	
4.250000e-01 	2.500000e-02 	2.500000e-02 	1.028937e+00 	3.007825e-03 	3.007825e-03 	
4.750000e-01 	2.500000e-02 	2.500000e-02 	1.061597e+00 	3.036505e-03 	3.036505e-03 	
5.250000e-01 	2.500000e-02 	2.500000e-02 	1.106456e+00 	3.085872e-03 	3.085872e-03 	
5.750000e-01 	2.500000e-02 	2.500000e-02 	1.162837e+00 	3.198988e-03 	3.198988e-03 	
6.250000e-01 	2.500000e-02 	2.500000e-02 	1.222078e+00 	3.299974e-03 	3.299974e-03 	
6.750000e-01 	2.500000e-02 	2.500000e-02 	1.295093e+00 	3.428004e-03 	3.428004e-03 	
7.250000e-01 	2.500000e-02 	2.500000e-02 	1.390439e+00 	3.530653e-03 	3.530653e-03 	
7.750000e-01 	2.500000e-02 	2.500000e-02 	1.499017e+00 	3.648756e-03 	3.648756e-03 	
8.250000e-01 	2.500000e-02 	2.500000e-02 	1.638416e+00 	3.821316e-03 	3.821316e-03 	
8.750000e-01 	2.500000e-02 	2.500000e-02 	1.808123e+00 	4.065099e-03 	4.065099e-03 	
9.250000e-01 	2.500000e-02 	2.500000e-02 	1.950742e+00 	4.601794e-03 	4.601794e-03 	
9.750000e-01 	2.500000e-02 	2.500000e-02 	1.888460e+00 	4.502238e-03 	4.502238e-03 	
END SCATTER2D

BEGIN SCATTER2D /COMETA_ZZ_production_analysis/cp1dmap_ZZ
Path=/COMETA_ZZ_production_analysis/cp1dmap_ZZ
ScaledBy=1.08663469759102575e-05
Title=~
# val1       	err1-        	err1+        	val2         	err2-        	err2+        	
5.000000e-01 	5.000000e-01 	5.000000e-01 	7.414981e-03 	4.551690e-05 	4.551690e-05 	
1.500000e+00 	5.000000e-01 	5.000000e-01 	1.237431e-02 	6.691837e-05 	6.691837e-05 	
2.500000e+00 	5.000000e-01 	5.000000e-01 	2.370205e-02 	9.456050e-05 	9.456050e-05 	
3.500000e+00 	5.000000e-01 	5.000000e-01 	4.119421e-02 	1.305571e-04 	1.305571e-04 	
4.500000e+00 	5.000000e-01 	5.000000e-01 	6.864347e-02 	1.750356e-04 	1.750356e-04 	
5.500000e+00 	5.000000e-01 	5.000000e-01 	1.124417e-01 	2.307242e-04 	2.307242e-04 	
6.500000e+00 	5.000000e-01 	5.000000e-01 	2.104185e-01 	3.246378e-04 	3.246378e-04 	
7.500000e+00 	5.000000e-01 	5.000000e-01 	2.100577e-01 	3.283938e-04 	3.283938e-04 	
8.500000e+00 	5.000000e-01 	5.000000e-01 	1.123338e-01 	2.418449e-04 	2.418449e-04 	
9.500000e+00 	5.000000e-01 	5.000000e-01 	6.868978e-02 	1.734600e-04 	1.734600e-04 	
1.050000e+01 	5.000000e-01 	5.000000e-01 	4.143756e-02 	1.292378e-04 	1.292378e-04 	
1.150000e+01 	5.000000e-01 	5.000000e-01 	2.368157e-02 	9.539685e-05 	9.539685e-05 	
1.250000e+01 	5.000000e-01 	5.000000e-01 	1.237240e-02 	6.416357e-05 	6.416357e-05 	
1.350000e+01 	5.000000e-01 	5.000000e-01 	7.489291e-03 	4.595743e-05 	4.595743e-05 	
1.450000e+01 	5.000000e-01 	5.000000e-01 	6.247301e-02 	1.773014e-04 	1.773014e-04 	
1.550000e+01 	5.000000e-01 	5.000000e-01 	6.261386e-02 	1.762630e-04 	1.762630e-04 	
1.650000e+01 	5.000000e-01 	5.000000e-01 	7.486089e-03 	4.412331e-05 	4.412331e-05 	
1.750000e+01 	5.000000e-01 	5.000000e-01 	1.230439e-02 	6.311141e-05 	6.311141e-05 	
1.850000e+01 	5.000000e-01 	5.000000e-01 	2.384207e-02 	9.544175e-05 	9.544175e-05 	
1.950000e+01 	5.000000e-01 	5.000000e-01 	4.144943e-02 	1.284709e-04 	1.284709e-04 	
2.050000e+01 	5.000000e-01 	5.000000e-01 	6.867697e-02 	1.708313e-04 	1.708313e-04 	
2.150000e+01 	5.000000e-01 	5.000000e-01 	1.127459e-01 	2.291269e-04 	2.291269e-04 	
2.250000e+01 	5.000000e-01 	5.000000e-01 	2.104331e-01 	3.245881e-04 	3.245881e-04 	
2.350000e+01 	5.000000e-01 	5.000000e-01 	2.099993e-01 	3.332793e-04 	3.332793e-04 	
2.450000e+01 	5.000000e-01 	5.000000e-01 	1.123879e-01 	2.289170e-04 	2.289170e-04 	
2.550000e+01 	5.000000e-01 	5.000000e-01 	6.859830e-02 	1.738448e-04 	1.738448e-04 	
2.650000e+01 	5.000000e-01 	5.000000e-01 	4.154356e-02 	1.334247e-04 	1.334247e-04 	
2.750000e+01 	5.000000e-01 	5.000000e-01 	2.375798e-02 	9.691352e-05 	9.691352e-05 	
2.850000e+01 	5.000000e-01 	5.000000e-01 	1.222806e-02 	6.468585e-05 	6.468585e-05 	
2.950000e+01 	5.000000e-01 	5.000000e-01 	7.475943e-03 	4.486795e-05 	4.486795e-05 	
END SCATTER2D

