BEGIN SCATTER2D /COMETA_ZZ_production_analysis/totxsec
Path=/COMETA_ZZ_production_analysis/totxsec
ScaledBy=1.07558558490647269e-05
Title=~
# val1       	err1-        	err1+        	val2         	err2-        	err2+        	
5.000000e-01 	5.000000e-01 	5.000000e-01 	1.028942e+01 	3.685487e-03 	3.685487e-03 	
END SCATTER2D

BEGIN SCATTER2D /COMETA_ZZ_production_analysis/m4l
Path=/COMETA_ZZ_production_analysis/m4l
ScaledBy=1.07558558490647269e-05
Title=~
# val1       	err1-        	err1+        	val2         	err2-        	err2+        	
1.000000e+01 	1.000000e+01 	1.000000e+01 	0.000000e+00 	0.000000e+00 	0.000000e+00 	
3.000000e+01 	1.000000e+01 	1.000000e+01 	0.000000e+00 	0.000000e+00 	0.000000e+00 	
5.000000e+01 	1.000000e+01 	1.000000e+01 	0.000000e+00 	0.000000e+00 	0.000000e+00 	
7.000000e+01 	1.000000e+01 	1.000000e+01 	0.000000e+00 	0.000000e+00 	0.000000e+00 	
9.000000e+01 	1.000000e+01 	1.000000e+01 	0.000000e+00 	0.000000e+00 	0.000000e+00 	
1.100000e+02 	1.000000e+01 	1.000000e+01 	0.000000e+00 	0.000000e+00 	0.000000e+00 	
1.300000e+02 	1.000000e+01 	1.000000e+01 	0.000000e+00 	0.000000e+00 	0.000000e+00 	
1.500000e+02 	1.000000e+01 	1.000000e+01 	0.000000e+00 	0.000000e+00 	0.000000e+00 	
1.700000e+02 	1.000000e+01 	1.000000e+01 	0.000000e+00 	0.000000e+00 	0.000000e+00 	
1.900000e+02 	1.000000e+01 	1.000000e+01 	5.925846e-02 	5.916145e-05 	5.916145e-05 	
2.100000e+02 	1.000000e+01 	1.000000e+01 	8.116369e-02 	6.972664e-05 	6.972664e-05 	
2.300000e+02 	1.000000e+01 	1.000000e+01 	6.911710e-02 	6.625239e-05 	6.625239e-05 	
2.500000e+02 	1.000000e+01 	1.000000e+01 	5.576915e-02 	6.115778e-05 	6.115778e-05 	
2.700000e+02 	1.000000e+01 	1.000000e+01 	4.456927e-02 	5.566775e-05 	5.566775e-05 	
2.900000e+02 	1.000000e+01 	1.000000e+01 	3.553866e-02 	5.129683e-05 	5.129683e-05 	
3.100000e+02 	1.000000e+01 	1.000000e+01 	2.857329e-02 	4.494312e-05 	4.494312e-05 	
3.300000e+02 	1.000000e+01 	1.000000e+01 	2.299436e-02 	4.033644e-05 	4.033644e-05 	
3.500000e+02 	1.000000e+01 	1.000000e+01 	1.861637e-02 	3.762735e-05 	3.762735e-05 	
3.700000e+02 	1.000000e+01 	1.000000e+01 	1.518577e-02 	3.286729e-05 	3.286729e-05 	
3.900000e+02 	1.000000e+01 	1.000000e+01 	1.250949e-02 	2.977572e-05 	2.977572e-05 	
4.100000e+02 	1.000000e+01 	1.000000e+01 	1.034717e-02 	2.692769e-05 	2.692769e-05 	
4.300000e+02 	1.000000e+01 	1.000000e+01 	8.595446e-03 	2.472743e-05 	2.472743e-05 	
4.500000e+02 	1.000000e+01 	1.000000e+01 	7.203395e-03 	2.403864e-05 	2.403864e-05 	
4.700000e+02 	1.000000e+01 	1.000000e+01 	6.065952e-03 	2.055837e-05 	2.055837e-05 	
4.900000e+02 	1.000000e+01 	1.000000e+01 	5.094899e-03 	1.900463e-05 	1.900463e-05 	
5.100000e+02 	1.000000e+01 	1.000000e+01 	4.310632e-03 	1.702230e-05 	1.702230e-05 	
5.300000e+02 	1.000000e+01 	1.000000e+01 	3.718739e-03 	1.584797e-05 	1.584797e-05 	
5.500000e+02 	1.000000e+01 	1.000000e+01 	3.157166e-03 	1.423565e-05 	1.423565e-05 	
5.700000e+02 	1.000000e+01 	1.000000e+01 	2.714629e-03 	1.322923e-05 	1.322923e-05 	
5.900000e+02 	1.000000e+01 	1.000000e+01 	2.317433e-03 	1.220219e-05 	1.220219e-05 	
6.100000e+02 	1.000000e+01 	1.000000e+01 	2.010859e-03 	1.162301e-05 	1.162301e-05 	
6.300000e+02 	1.000000e+01 	1.000000e+01 	1.758669e-03 	1.030946e-05 	1.030946e-05 	
6.500000e+02 	1.000000e+01 	1.000000e+01 	1.531952e-03 	9.791625e-06 	9.791625e-06 	
6.700000e+02 	1.000000e+01 	1.000000e+01 	1.332333e-03 	8.794375e-06 	8.794375e-06 	
6.900000e+02 	1.000000e+01 	1.000000e+01 	1.156931e-03 	8.477842e-06 	8.477842e-06 	
7.100000e+02 	1.000000e+01 	1.000000e+01 	1.005808e-03 	7.961438e-06 	7.961438e-06 	
7.300000e+02 	1.000000e+01 	1.000000e+01 	8.982746e-04 	7.714337e-06 	7.714337e-06 	
7.500000e+02 	1.000000e+01 	1.000000e+01 	7.916422e-04 	6.515290e-06 	6.515290e-06 	
7.700000e+02 	1.000000e+01 	1.000000e+01 	7.016542e-04 	6.287488e-06 	6.287488e-06 	
7.900000e+02 	1.000000e+01 	1.000000e+01 	6.199945e-04 	5.783681e-06 	5.783681e-06 	
8.100000e+02 	1.000000e+01 	1.000000e+01 	5.546337e-04 	5.287772e-06 	5.287772e-06 	
8.300000e+02 	1.000000e+01 	1.000000e+01 	4.853618e-04 	4.769694e-06 	4.769694e-06 	
8.500000e+02 	1.000000e+01 	1.000000e+01 	4.343277e-04 	4.715734e-06 	4.715734e-06 	
8.700000e+02 	1.000000e+01 	1.000000e+01 	3.965316e-04 	4.516358e-06 	4.516358e-06 	
8.900000e+02 	1.000000e+01 	1.000000e+01 	3.523134e-04 	3.837695e-06 	3.837695e-06 	
9.100000e+02 	1.000000e+01 	1.000000e+01 	3.146867e-04 	3.629954e-06 	3.629954e-06 	
9.300000e+02 	1.000000e+01 	1.000000e+01 	2.860776e-04 	3.356719e-06 	3.356719e-06 	
9.500000e+02 	1.000000e+01 	1.000000e+01 	2.557842e-04 	2.938317e-06 	2.938317e-06 	
9.700000e+02 	1.000000e+01 	1.000000e+01 	2.254372e-04 	2.872769e-06 	2.872769e-06 	
9.900000e+02 	1.000000e+01 	1.000000e+01 	2.086834e-04 	2.743235e-06 	2.743235e-06 	
1.010000e+03 	1.000000e+01 	1.000000e+01 	1.911384e-04 	2.636928e-06 	2.636928e-06 	
1.030000e+03 	1.000000e+01 	1.000000e+01 	1.717135e-04 	2.465951e-06 	2.465951e-06 	
1.050000e+03 	1.000000e+01 	1.000000e+01 	1.568812e-04 	2.239366e-06 	2.239366e-06 	
1.070000e+03 	1.000000e+01 	1.000000e+01 	1.426133e-04 	2.092889e-06 	2.092889e-06 	
1.090000e+03 	1.000000e+01 	1.000000e+01 	1.293133e-04 	1.953568e-06 	1.953568e-06 	
1.110000e+03 	1.000000e+01 	1.000000e+01 	1.193504e-04 	1.871812e-06 	1.871812e-06 	
1.130000e+03 	1.000000e+01 	1.000000e+01 	1.078365e-04 	1.730527e-06 	1.730527e-06 	
1.150000e+03 	1.000000e+01 	1.000000e+01 	9.923915e-05 	1.692469e-06 	1.692469e-06 	
1.170000e+03 	1.000000e+01 	1.000000e+01 	8.813286e-05 	1.479692e-06 	1.479692e-06 	
1.190000e+03 	1.000000e+01 	1.000000e+01 	8.122851e-05 	1.425207e-06 	1.425207e-06 	
1.210000e+03 	1.000000e+01 	1.000000e+01 	7.497050e-05 	1.331988e-06 	1.331988e-06 	
1.230000e+03 	1.000000e+01 	1.000000e+01 	6.914942e-05 	1.287169e-06 	1.287169e-06 	
1.250000e+03 	1.000000e+01 	1.000000e+01 	6.403137e-05 	1.199005e-06 	1.199005e-06 	
1.270000e+03 	1.000000e+01 	1.000000e+01 	5.829337e-05 	1.139127e-06 	1.139127e-06 	
1.290000e+03 	1.000000e+01 	1.000000e+01 	5.496487e-05 	1.128610e-06 	1.128610e-06 	
1.310000e+03 	1.000000e+01 	1.000000e+01 	5.026915e-05 	1.021117e-06 	1.021117e-06 	
1.330000e+03 	1.000000e+01 	1.000000e+01 	4.474516e-05 	9.163682e-07 	9.163682e-07 	
1.350000e+03 	1.000000e+01 	1.000000e+01 	4.232590e-05 	8.720055e-07 	8.720055e-07 	
1.370000e+03 	1.000000e+01 	1.000000e+01 	4.037986e-05 	9.313724e-07 	9.313724e-07 	
1.390000e+03 	1.000000e+01 	1.000000e+01 	3.656585e-05 	8.141245e-07 	8.141245e-07 	
1.410000e+03 	1.000000e+01 	1.000000e+01 	3.275949e-05 	7.225463e-07 	7.225463e-07 	
1.430000e+03 	1.000000e+01 	1.000000e+01 	3.247276e-05 	8.043514e-07 	8.043514e-07 	
1.450000e+03 	1.000000e+01 	1.000000e+01 	2.988315e-05 	7.610637e-07 	7.610637e-07 	
1.470000e+03 	1.000000e+01 	1.000000e+01 	2.756378e-05 	7.452150e-07 	7.452150e-07 	
1.490000e+03 	1.000000e+01 	1.000000e+01 	2.453302e-05 	6.278098e-07 	6.278098e-07 	
1.510000e+03 	1.000000e+01 	1.000000e+01 	2.283160e-05 	5.684293e-07 	5.684293e-07 	
1.530000e+03 	1.000000e+01 	1.000000e+01 	2.176287e-05 	5.604424e-07 	5.604424e-07 	
1.550000e+03 	1.000000e+01 	1.000000e+01 	1.886172e-05 	5.587080e-07 	5.587080e-07 	
1.570000e+03 	1.000000e+01 	1.000000e+01 	1.902475e-05 	5.420202e-07 	5.420202e-07 	
1.590000e+03 	1.000000e+01 	1.000000e+01 	1.729103e-05 	4.771340e-07 	4.771340e-07 	
1.610000e+03 	1.000000e+01 	1.000000e+01 	1.589280e-05 	4.255467e-07 	4.255467e-07 	
1.630000e+03 	1.000000e+01 	1.000000e+01 	1.502255e-05 	4.316480e-07 	4.316480e-07 	
1.650000e+03 	1.000000e+01 	1.000000e+01 	1.422421e-05 	4.388149e-07 	4.388149e-07 	
1.670000e+03 	1.000000e+01 	1.000000e+01 	1.329833e-05 	3.804305e-07 	3.804305e-07 	
1.690000e+03 	1.000000e+01 	1.000000e+01 	1.254306e-05 	4.356258e-07 	4.356258e-07 	
1.710000e+03 	1.000000e+01 	1.000000e+01 	1.158526e-05 	3.671633e-07 	3.671633e-07 	
1.730000e+03 	1.000000e+01 	1.000000e+01 	1.071928e-05 	3.601627e-07 	3.601627e-07 	
1.750000e+03 	1.000000e+01 	1.000000e+01 	1.029398e-05 	4.010776e-07 	4.010776e-07 	
1.770000e+03 	1.000000e+01 	1.000000e+01 	9.768471e-06 	3.321528e-07 	3.321528e-07 	
1.790000e+03 	1.000000e+01 	1.000000e+01 	8.597831e-06 	3.213659e-07 	3.213659e-07 	
1.810000e+03 	1.000000e+01 	1.000000e+01 	8.067457e-06 	3.043606e-07 	3.043606e-07 	
1.830000e+03 	1.000000e+01 	1.000000e+01 	7.613937e-06 	2.699067e-07 	2.699067e-07 	
1.850000e+03 	1.000000e+01 	1.000000e+01 	7.115261e-06 	2.453339e-07 	2.453339e-07 	
1.870000e+03 	1.000000e+01 	1.000000e+01 	6.705923e-06 	2.969710e-07 	2.969710e-07 	
1.890000e+03 	1.000000e+01 	1.000000e+01 	5.892119e-06 	2.554218e-07 	2.554218e-07 	
1.910000e+03 	1.000000e+01 	1.000000e+01 	6.000595e-06 	2.682294e-07 	2.682294e-07 	
1.930000e+03 	1.000000e+01 	1.000000e+01 	5.323648e-06 	2.058688e-07 	2.058688e-07 	
1.950000e+03 	1.000000e+01 	1.000000e+01 	5.279050e-06 	2.256807e-07 	2.256807e-07 	
1.970000e+03 	1.000000e+01 	1.000000e+01 	5.045156e-06 	2.211233e-07 	2.211233e-07 	
1.990000e+03 	1.000000e+01 	1.000000e+01 	4.588626e-06 	2.012044e-07 	2.012044e-07 	
END SCATTER2D

BEGIN SCATTER2D /COMETA_ZZ_production_analysis/m3l
Path=/COMETA_ZZ_production_analysis/m3l
ScaledBy=1.07558558490647269e-05
Title=~
# val1       	err1-        	err1+        	val2         	err2-        	err2+        	
5.000000e+00 	5.000000e+00 	5.000000e+00 	0.000000e+00 	0.000000e+00 	0.000000e+00 	
1.500000e+01 	5.000000e+00 	5.000000e+00 	0.000000e+00 	0.000000e+00 	0.000000e+00 	
2.500000e+01 	5.000000e+00 	5.000000e+00 	0.000000e+00 	0.000000e+00 	0.000000e+00 	
3.500000e+01 	5.000000e+00 	5.000000e+00 	0.000000e+00 	0.000000e+00 	0.000000e+00 	
4.500000e+01 	5.000000e+00 	5.000000e+00 	0.000000e+00 	0.000000e+00 	0.000000e+00 	
5.500000e+01 	5.000000e+00 	5.000000e+00 	0.000000e+00 	0.000000e+00 	0.000000e+00 	
6.500000e+01 	5.000000e+00 	5.000000e+00 	0.000000e+00 	0.000000e+00 	0.000000e+00 	
7.500000e+01 	5.000000e+00 	5.000000e+00 	0.000000e+00 	0.000000e+00 	0.000000e+00 	
8.500000e+01 	5.000000e+00 	5.000000e+00 	8.976064e-05 	3.380178e-06 	3.380178e-06 	
9.500000e+01 	5.000000e+00 	5.000000e+00 	7.680478e-03 	3.411810e-05 	3.411810e-05 	
1.050000e+02 	5.000000e+00 	5.000000e+00 	4.455373e-02 	8.174486e-05 	8.174486e-05 	
1.150000e+02 	5.000000e+00 	5.000000e+00 	7.702446e-02 	1.040949e-04 	1.040949e-04 	
1.250000e+02 	5.000000e+00 	5.000000e+00 	8.266762e-02 	1.015703e-04 	1.015703e-04 	
1.350000e+02 	5.000000e+00 	5.000000e+00 	7.872750e-02 	9.846655e-05 	9.846655e-05 	
1.450000e+02 	5.000000e+00 	5.000000e+00 	7.585019e-02 	9.791497e-05 	9.791497e-05 	
1.550000e+02 	5.000000e+00 	5.000000e+00 	7.130393e-02 	9.258516e-05 	9.258516e-05 	
1.650000e+02 	5.000000e+00 	5.000000e+00 	6.501118e-02 	8.930915e-05 	8.930915e-05 	
1.750000e+02 	5.000000e+00 	5.000000e+00 	5.837838e-02 	8.528989e-05 	8.528989e-05 	
1.850000e+02 	5.000000e+00 	5.000000e+00 	5.178057e-02 	8.144787e-05 	8.144787e-05 	
1.950000e+02 	5.000000e+00 	5.000000e+00 	4.573706e-02 	7.760938e-05 	7.760938e-05 	
2.050000e+02 	5.000000e+00 	5.000000e+00 	4.027367e-02 	7.378008e-05 	7.378008e-05 	
2.150000e+02 	5.000000e+00 	5.000000e+00 	3.549234e-02 	7.070023e-05 	7.070023e-05 	
2.250000e+02 	5.000000e+00 	5.000000e+00 	3.129657e-02 	6.536290e-05 	6.536290e-05 	
2.350000e+02 	5.000000e+00 	5.000000e+00 	2.740470e-02 	6.170599e-05 	6.170599e-05 	
2.450000e+02 	5.000000e+00 	5.000000e+00 	2.425996e-02 	5.841597e-05 	5.841597e-05 	
2.550000e+02 	5.000000e+00 	5.000000e+00 	2.133429e-02 	5.455850e-05 	5.455850e-05 	
2.650000e+02 	5.000000e+00 	5.000000e+00 	1.886083e-02 	5.452421e-05 	5.452421e-05 	
2.750000e+02 	5.000000e+00 	5.000000e+00 	1.671896e-02 	4.854168e-05 	4.854168e-05 	
2.850000e+02 	5.000000e+00 	5.000000e+00 	1.479884e-02 	4.551792e-05 	4.551792e-05 	
2.950000e+02 	5.000000e+00 	5.000000e+00 	1.327338e-02 	4.354170e-05 	4.354170e-05 	
3.050000e+02 	5.000000e+00 	5.000000e+00 	1.180350e-02 	4.071938e-05 	4.071938e-05 	
3.150000e+02 	5.000000e+00 	5.000000e+00 	1.044562e-02 	3.872819e-05 	3.872819e-05 	
3.250000e+02 	5.000000e+00 	5.000000e+00 	9.349622e-03 	3.665593e-05 	3.665593e-05 	
3.350000e+02 	5.000000e+00 	5.000000e+00 	8.391720e-03 	3.445540e-05 	3.445540e-05 	
3.450000e+02 	5.000000e+00 	5.000000e+00 	7.511042e-03 	3.224790e-05 	3.224790e-05 	
3.550000e+02 	5.000000e+00 	5.000000e+00 	6.735351e-03 	3.077730e-05 	3.077730e-05 	
3.650000e+02 	5.000000e+00 	5.000000e+00 	6.040111e-03 	2.909335e-05 	2.909335e-05 	
3.750000e+02 	5.000000e+00 	5.000000e+00 	5.534180e-03 	2.775392e-05 	2.775392e-05 	
3.850000e+02 	5.000000e+00 	5.000000e+00 	4.930885e-03 	2.591669e-05 	2.591669e-05 	
3.950000e+02 	5.000000e+00 	5.000000e+00 	4.476181e-03 	2.517568e-05 	2.517568e-05 	
4.050000e+02 	5.000000e+00 	5.000000e+00 	4.082665e-03 	2.397495e-05 	2.397495e-05 	
4.150000e+02 	5.000000e+00 	5.000000e+00 	3.670290e-03 	2.267683e-05 	2.267683e-05 	
4.250000e+02 	5.000000e+00 	5.000000e+00 	3.361718e-03 	2.128805e-05 	2.128805e-05 	
4.350000e+02 	5.000000e+00 	5.000000e+00 	3.012315e-03 	2.127867e-05 	2.127867e-05 	
4.450000e+02 	5.000000e+00 	5.000000e+00 	2.772343e-03 	1.978749e-05 	1.978749e-05 	
4.550000e+02 	5.000000e+00 	5.000000e+00 	2.543725e-03 	1.841510e-05 	1.841510e-05 	
4.650000e+02 	5.000000e+00 	5.000000e+00 	2.326274e-03 	1.750074e-05 	1.750074e-05 	
4.750000e+02 	5.000000e+00 	5.000000e+00 	2.127549e-03 	1.676497e-05 	1.676497e-05 	
4.850000e+02 	5.000000e+00 	5.000000e+00 	1.939400e-03 	1.558907e-05 	1.558907e-05 	
4.950000e+02 	5.000000e+00 	5.000000e+00 	1.788107e-03 	1.506984e-05 	1.506984e-05 	
5.050000e+02 	5.000000e+00 	5.000000e+00 	1.631813e-03 	1.469300e-05 	1.469300e-05 	
5.150000e+02 	5.000000e+00 	5.000000e+00 	1.506272e-03 	1.384783e-05 	1.384783e-05 	
5.250000e+02 	5.000000e+00 	5.000000e+00 	1.366058e-03 	1.365888e-05 	1.365888e-05 	
5.350000e+02 	5.000000e+00 	5.000000e+00 	1.273358e-03 	1.267124e-05 	1.267124e-05 	
5.450000e+02 	5.000000e+00 	5.000000e+00 	1.167636e-03 	1.195941e-05 	1.195941e-05 	
5.550000e+02 	5.000000e+00 	5.000000e+00 	1.076966e-03 	1.187251e-05 	1.187251e-05 	
5.650000e+02 	5.000000e+00 	5.000000e+00 	1.007362e-03 	1.082814e-05 	1.082814e-05 	
5.750000e+02 	5.000000e+00 	5.000000e+00 	9.142617e-04 	9.995353e-06 	9.995353e-06 	
5.850000e+02 	5.000000e+00 	5.000000e+00 	8.421029e-04 	9.709265e-06 	9.709265e-06 	
5.950000e+02 	5.000000e+00 	5.000000e+00 	7.940587e-04 	9.720988e-06 	9.720988e-06 	
6.050000e+02 	5.000000e+00 	5.000000e+00 	7.384262e-04 	8.903479e-06 	8.903479e-06 	
6.150000e+02 	5.000000e+00 	5.000000e+00 	6.924116e-04 	8.955199e-06 	8.955199e-06 	
6.250000e+02 	5.000000e+00 	5.000000e+00 	6.398796e-04 	8.264428e-06 	8.264428e-06 	
6.350000e+02 	5.000000e+00 	5.000000e+00 	5.820341e-04 	7.798924e-06 	7.798924e-06 	
6.450000e+02 	5.000000e+00 	5.000000e+00 	5.518612e-04 	8.344751e-06 	8.344751e-06 	
6.550000e+02 	5.000000e+00 	5.000000e+00 	5.039878e-04 	7.031180e-06 	7.031180e-06 	
6.650000e+02 	5.000000e+00 	5.000000e+00 	4.793375e-04 	7.336478e-06 	7.336478e-06 	
6.750000e+02 	5.000000e+00 	5.000000e+00 	4.421117e-04 	6.506049e-06 	6.506049e-06 	
6.850000e+02 	5.000000e+00 	5.000000e+00 	4.159584e-04 	6.130351e-06 	6.130351e-06 	
6.950000e+02 	5.000000e+00 	5.000000e+00 	3.938952e-04 	6.334006e-06 	6.334006e-06 	
7.050000e+02 	5.000000e+00 	5.000000e+00 	3.554303e-04 	5.722281e-06 	5.722281e-06 	
7.150000e+02 	5.000000e+00 	5.000000e+00 	3.396023e-04 	5.459342e-06 	5.459342e-06 	
7.250000e+02 	5.000000e+00 	5.000000e+00 	3.170248e-04 	5.210047e-06 	5.210047e-06 	
7.350000e+02 	5.000000e+00 	5.000000e+00 	2.931774e-04 	4.884776e-06 	4.884776e-06 	
7.450000e+02 	5.000000e+00 	5.000000e+00 	2.740053e-04 	4.772215e-06 	4.772215e-06 	
7.550000e+02 	5.000000e+00 	5.000000e+00 	2.695584e-04 	4.699407e-06 	4.699407e-06 	
7.650000e+02 	5.000000e+00 	5.000000e+00 	2.529747e-04 	4.572227e-06 	4.572227e-06 	
7.750000e+02 	5.000000e+00 	5.000000e+00 	2.335081e-04 	4.555237e-06 	4.555237e-06 	
7.850000e+02 	5.000000e+00 	5.000000e+00 	2.158280e-04 	3.972210e-06 	3.972210e-06 	
7.950000e+02 	5.000000e+00 	5.000000e+00 	2.033434e-04 	3.969254e-06 	3.969254e-06 	
8.050000e+02 	5.000000e+00 	5.000000e+00 	1.884154e-04 	3.594801e-06 	3.594801e-06 	
8.150000e+02 	5.000000e+00 	5.000000e+00 	1.753485e-04 	3.557760e-06 	3.557760e-06 	
8.250000e+02 	5.000000e+00 	5.000000e+00 	1.696276e-04 	3.374172e-06 	3.374172e-06 	
8.350000e+02 	5.000000e+00 	5.000000e+00 	1.627439e-04 	3.400633e-06 	3.400633e-06 	
8.450000e+02 	5.000000e+00 	5.000000e+00 	1.511252e-04 	3.128688e-06 	3.128688e-06 	
8.550000e+02 	5.000000e+00 	5.000000e+00 	1.409331e-04 	3.003757e-06 	3.003757e-06 	
8.650000e+02 	5.000000e+00 	5.000000e+00 	1.340567e-04 	2.951097e-06 	2.951097e-06 	
8.750000e+02 	5.000000e+00 	5.000000e+00 	1.250163e-04 	2.870629e-06 	2.870629e-06 	
8.850000e+02 	5.000000e+00 	5.000000e+00 	1.182659e-04 	2.776730e-06 	2.776730e-06 	
8.950000e+02 	5.000000e+00 	5.000000e+00 	1.155276e-04 	2.724830e-06 	2.724830e-06 	
9.050000e+02 	5.000000e+00 	5.000000e+00 	1.036942e-04 	2.457899e-06 	2.457899e-06 	
9.150000e+02 	5.000000e+00 	5.000000e+00 	1.060281e-04 	2.799836e-06 	2.799836e-06 	
9.250000e+02 	5.000000e+00 	5.000000e+00 	9.814951e-05 	2.417383e-06 	2.417383e-06 	
9.350000e+02 	5.000000e+00 	5.000000e+00 	9.137580e-05 	2.326628e-06 	2.326628e-06 	
9.450000e+02 	5.000000e+00 	5.000000e+00 	8.705524e-05 	2.220826e-06 	2.220826e-06 	
9.550000e+02 	5.000000e+00 	5.000000e+00 	8.336752e-05 	2.154582e-06 	2.154582e-06 	
9.650000e+02 	5.000000e+00 	5.000000e+00 	8.174960e-05 	2.109369e-06 	2.109369e-06 	
9.750000e+02 	5.000000e+00 	5.000000e+00 	7.983080e-05 	2.231288e-06 	2.231288e-06 	
9.850000e+02 	5.000000e+00 	5.000000e+00 	6.639453e-05 	1.815355e-06 	1.815355e-06 	
9.950000e+02 	5.000000e+00 	5.000000e+00 	6.698168e-05 	1.896833e-06 	1.896833e-06 	
END SCATTER2D

BEGIN SCATTER2D /COMETA_ZZ_production_analysis/mpp
Path=/COMETA_ZZ_production_analysis/mpp
ScaledBy=1.07558558490647269e-05
Title=~
# val1       	err1-        	err1+        	val2         	err2-        	err2+        	
5.000000e+00 	5.000000e+00 	5.000000e+00 	9.218386e-03 	3.555337e-05 	3.555337e-05 	
1.500000e+01 	5.000000e+00 	5.000000e+00 	2.805126e-02 	6.318403e-05 	6.318403e-05 	
2.500000e+01 	5.000000e+00 	5.000000e+00 	4.549017e-02 	7.919495e-05 	7.919495e-05 	
3.500000e+01 	5.000000e+00 	5.000000e+00 	6.102540e-02 	9.157942e-05 	9.157942e-05 	
4.500000e+01 	5.000000e+00 	5.000000e+00 	7.249976e-02 	9.940751e-05 	9.940751e-05 	
5.500000e+01 	5.000000e+00 	5.000000e+00 	7.759848e-02 	1.014851e-04 	1.014851e-04 	
6.500000e+01 	5.000000e+00 	5.000000e+00 	7.634139e-02 	1.006636e-04 	1.006636e-04 	
7.500000e+01 	5.000000e+00 	5.000000e+00 	7.103482e-02 	9.323775e-05 	9.323775e-05 	
8.500000e+01 	5.000000e+00 	5.000000e+00 	6.465732e-02 	8.775913e-05 	8.775913e-05 	
9.500000e+01 	5.000000e+00 	5.000000e+00 	5.909188e-02 	8.804353e-05 	8.804353e-05 	
1.050000e+02 	5.000000e+00 	5.000000e+00 	5.370386e-02 	8.050301e-05 	8.050301e-05 	
1.150000e+02 	5.000000e+00 	5.000000e+00 	4.839009e-02 	7.740697e-05 	7.740697e-05 	
1.250000e+02 	5.000000e+00 	5.000000e+00 	4.334816e-02 	7.389778e-05 	7.389778e-05 	
1.350000e+02 	5.000000e+00 	5.000000e+00 	3.817510e-02 	6.977084e-05 	6.977084e-05 	
1.450000e+02 	5.000000e+00 	5.000000e+00 	3.366195e-02 	6.619700e-05 	6.619700e-05 	
1.550000e+02 	5.000000e+00 	5.000000e+00 	2.942713e-02 	6.284862e-05 	6.284862e-05 	
1.650000e+02 	5.000000e+00 	5.000000e+00 	2.569523e-02 	5.936746e-05 	5.936746e-05 	
1.750000e+02 	5.000000e+00 	5.000000e+00 	2.231248e-02 	5.826739e-05 	5.826739e-05 	
1.850000e+02 	5.000000e+00 	5.000000e+00 	1.955359e-02 	5.231350e-05 	5.231350e-05 	
1.950000e+02 	5.000000e+00 	5.000000e+00 	1.706050e-02 	5.015207e-05 	5.015207e-05 	
2.050000e+02 	5.000000e+00 	5.000000e+00 	1.475359e-02 	4.531819e-05 	4.531819e-05 	
2.150000e+02 	5.000000e+00 	5.000000e+00 	1.304505e-02 	4.337051e-05 	4.337051e-05 	
2.250000e+02 	5.000000e+00 	5.000000e+00 	1.138069e-02 	4.011145e-05 	4.011145e-05 	
2.350000e+02 	5.000000e+00 	5.000000e+00 	9.965954e-03 	3.767072e-05 	3.767072e-05 	
2.450000e+02 	5.000000e+00 	5.000000e+00 	8.790257e-03 	3.542615e-05 	3.542615e-05 	
2.550000e+02 	5.000000e+00 	5.000000e+00 	7.690004e-03 	3.302458e-05 	3.302458e-05 	
2.650000e+02 	5.000000e+00 	5.000000e+00 	6.822679e-03 	3.108088e-05 	3.108088e-05 	
2.750000e+02 	5.000000e+00 	5.000000e+00 	6.063268e-03 	2.985772e-05 	2.985772e-05 	
2.850000e+02 	5.000000e+00 	5.000000e+00 	5.307145e-03 	2.724376e-05 	2.724376e-05 	
2.950000e+02 	5.000000e+00 	5.000000e+00 	4.710467e-03 	2.608899e-05 	2.608899e-05 	
3.050000e+02 	5.000000e+00 	5.000000e+00 	4.215793e-03 	2.441030e-05 	2.441030e-05 	
3.150000e+02 	5.000000e+00 	5.000000e+00 	3.708936e-03 	2.243570e-05 	2.243570e-05 	
3.250000e+02 	5.000000e+00 	5.000000e+00 	3.286293e-03 	2.132003e-05 	2.132003e-05 	
3.350000e+02 	5.000000e+00 	5.000000e+00 	2.998950e-03 	2.013368e-05 	2.013368e-05 	
3.450000e+02 	5.000000e+00 	5.000000e+00 	2.667410e-03 	1.905675e-05 	1.905675e-05 	
3.550000e+02 	5.000000e+00 	5.000000e+00 	2.386342e-03 	1.821715e-05 	1.821715e-05 	
3.650000e+02 	5.000000e+00 	5.000000e+00 	2.166706e-03 	1.864294e-05 	1.864294e-05 	
3.750000e+02 	5.000000e+00 	5.000000e+00 	1.944192e-03 	1.619601e-05 	1.619601e-05 	
3.850000e+02 	5.000000e+00 	5.000000e+00 	1.751002e-03 	1.521435e-05 	1.521435e-05 	
3.950000e+02 	5.000000e+00 	5.000000e+00 	1.571340e-03 	1.509120e-05 	1.509120e-05 	
4.050000e+02 	5.000000e+00 	5.000000e+00 	1.394868e-03 	1.324974e-05 	1.324974e-05 	
4.150000e+02 	5.000000e+00 	5.000000e+00 	1.296719e-03 	1.296750e-05 	1.296750e-05 	
4.250000e+02 	5.000000e+00 	5.000000e+00 	1.171661e-03 	1.210655e-05 	1.210655e-05 	
4.350000e+02 	5.000000e+00 	5.000000e+00 	1.047932e-03 	1.184349e-05 	1.184349e-05 	
4.450000e+02 	5.000000e+00 	5.000000e+00 	9.641383e-04 	1.098061e-05 	1.098061e-05 	
4.550000e+02 	5.000000e+00 	5.000000e+00 	8.736322e-04 	1.003526e-05 	1.003526e-05 	
4.650000e+02 	5.000000e+00 	5.000000e+00 	7.873303e-04 	9.759591e-06 	9.759591e-06 	
4.750000e+02 	5.000000e+00 	5.000000e+00 	7.228959e-04 	9.225966e-06 	9.225966e-06 	
4.850000e+02 	5.000000e+00 	5.000000e+00 	6.615560e-04 	8.440461e-06 	8.440461e-06 	
4.950000e+02 	5.000000e+00 	5.000000e+00 	6.121053e-04 	8.150325e-06 	8.150325e-06 	
5.050000e+02 	5.000000e+00 	5.000000e+00 	5.686523e-04 	7.961775e-06 	7.961775e-06 	
5.150000e+02 	5.000000e+00 	5.000000e+00 	5.016024e-04 	7.012871e-06 	7.012871e-06 	
5.250000e+02 	5.000000e+00 	5.000000e+00 	4.762057e-04 	7.664173e-06 	7.664173e-06 	
5.350000e+02 	5.000000e+00 	5.000000e+00 	4.432613e-04 	6.867216e-06 	6.867216e-06 	
5.450000e+02 	5.000000e+00 	5.000000e+00 	3.963583e-04 	6.169998e-06 	6.169998e-06 	
5.550000e+02 	5.000000e+00 	5.000000e+00 	3.578561e-04 	5.427968e-06 	5.427968e-06 	
5.650000e+02 	5.000000e+00 	5.000000e+00 	3.358218e-04 	5.999551e-06 	5.999551e-06 	
5.750000e+02 	5.000000e+00 	5.000000e+00 	3.153090e-04 	5.873730e-06 	5.873730e-06 	
5.850000e+02 	5.000000e+00 	5.000000e+00 	2.798669e-04 	4.705383e-06 	4.705383e-06 	
5.950000e+02 	5.000000e+00 	5.000000e+00 	2.722396e-04 	5.049547e-06 	5.049547e-06 	
6.050000e+02 	5.000000e+00 	5.000000e+00 	2.452987e-04 	4.527113e-06 	4.527113e-06 	
6.150000e+02 	5.000000e+00 	5.000000e+00 	2.276495e-04 	4.311383e-06 	4.311383e-06 	
6.250000e+02 	5.000000e+00 	5.000000e+00 	2.043931e-04 	3.970759e-06 	3.970759e-06 	
6.350000e+02 	5.000000e+00 	5.000000e+00 	1.989382e-04 	4.148965e-06 	4.148965e-06 	
6.450000e+02 	5.000000e+00 	5.000000e+00 	1.760590e-04 	3.757168e-06 	3.757168e-06 	
6.550000e+02 	5.000000e+00 	5.000000e+00 	1.697634e-04 	3.747049e-06 	3.747049e-06 	
6.650000e+02 	5.000000e+00 	5.000000e+00 	1.577081e-04 	3.390190e-06 	3.390190e-06 	
6.750000e+02 	5.000000e+00 	5.000000e+00 	1.493904e-04 	3.422303e-06 	3.422303e-06 	
6.850000e+02 	5.000000e+00 	5.000000e+00 	1.459183e-04 	3.523303e-06 	3.523303e-06 	
6.950000e+02 	5.000000e+00 	5.000000e+00 	1.273389e-04 	2.908050e-06 	2.908050e-06 	
7.050000e+02 	5.000000e+00 	5.000000e+00 	1.231879e-04 	3.036274e-06 	3.036274e-06 	
7.150000e+02 	5.000000e+00 	5.000000e+00 	1.106891e-04 	2.864046e-06 	2.864046e-06 	
7.250000e+02 	5.000000e+00 	5.000000e+00 	1.080922e-04 	2.822786e-06 	2.822786e-06 	
7.350000e+02 	5.000000e+00 	5.000000e+00 	9.381743e-05 	2.487023e-06 	2.487023e-06 	
7.450000e+02 	5.000000e+00 	5.000000e+00 	9.176567e-05 	2.631765e-06 	2.631765e-06 	
7.550000e+02 	5.000000e+00 	5.000000e+00 	8.352707e-05 	2.489087e-06 	2.489087e-06 	
7.650000e+02 	5.000000e+00 	5.000000e+00 	8.247186e-05 	2.399367e-06 	2.399367e-06 	
7.750000e+02 	5.000000e+00 	5.000000e+00 	7.405392e-05 	2.117034e-06 	2.117034e-06 	
7.850000e+02 	5.000000e+00 	5.000000e+00 	7.242247e-05 	2.091195e-06 	2.091195e-06 	
7.950000e+02 	5.000000e+00 	5.000000e+00 	6.765038e-05 	2.160401e-06 	2.160401e-06 	
END SCATTER2D

BEGIN SCATTER2D /COMETA_ZZ_production_analysis/mee
Path=/COMETA_ZZ_production_analysis/mee
ScaledBy=1.07558558490647269e-05
Title=~
# val1       	err1-        	err1+        	val2         	err2-        	err2+        	
8.125000e+01 	2.500000e-01 	2.500000e-01 	4.342617e-02 	3.379638e-04 	3.379638e-04 	
8.175000e+01 	2.500000e-01 	2.500000e-01 	4.748886e-02 	3.472954e-04 	3.472954e-04 	
8.225000e+01 	2.500000e-01 	2.500000e-01 	5.351114e-02 	3.696663e-04 	3.696663e-04 	
8.275000e+01 	2.500000e-01 	2.500000e-01 	5.939512e-02 	4.395664e-04 	4.395664e-04 	
8.325000e+01 	2.500000e-01 	2.500000e-01 	6.717134e-02 	4.192093e-04 	4.192093e-04 	
8.375000e+01 	2.500000e-01 	2.500000e-01 	7.672344e-02 	4.419163e-04 	4.419163e-04 	
8.425000e+01 	2.500000e-01 	2.500000e-01 	8.785795e-02 	4.773763e-04 	4.773763e-04 	
8.475000e+01 	2.500000e-01 	2.500000e-01 	1.014902e-01 	5.096053e-04 	5.096053e-04 	
8.525000e+01 	2.500000e-01 	2.500000e-01 	1.202895e-01 	5.607437e-04 	5.607437e-04 	
8.575000e+01 	2.500000e-01 	2.500000e-01 	1.418226e-01 	6.065204e-04 	6.065204e-04 	
8.625000e+01 	2.500000e-01 	2.500000e-01 	1.701647e-01 	6.668257e-04 	6.668257e-04 	
8.675000e+01 	2.500000e-01 	2.500000e-01 	2.097132e-01 	7.725454e-04 	7.725454e-04 	
8.725000e+01 	2.500000e-01 	2.500000e-01 	2.625426e-01 	8.249262e-04 	8.249262e-04 	
8.775000e+01 	2.500000e-01 	2.500000e-01 	3.365379e-01 	1.011336e-03 	1.011336e-03 	
8.825000e+01 	2.500000e-01 	2.500000e-01 	4.424015e-01 	1.068263e-03 	1.068263e-03 	
8.875000e+01 	2.500000e-01 	2.500000e-01 	6.013800e-01 	1.247125e-03 	1.247125e-03 	
8.925000e+01 	2.500000e-01 	2.500000e-01 	8.549536e-01 	1.490857e-03 	1.490857e-03 	
8.975000e+01 	2.500000e-01 	2.500000e-01 	1.256582e+00 	1.817661e-03 	1.817661e-03 	
9.025000e+01 	2.500000e-01 	2.500000e-01 	1.863092e+00 	2.204976e-03 	2.204976e-03 	
9.075000e+01 	2.500000e-01 	2.500000e-01 	2.551871e+00 	2.602206e-03 	2.602206e-03 	
9.125000e+01 	2.500000e-01 	2.500000e-01 	2.801562e+00 	2.696653e-03 	2.696653e-03 	
9.175000e+01 	2.500000e-01 	2.500000e-01 	2.329815e+00 	2.482602e-03 	2.482602e-03 	
9.225000e+01 	2.500000e-01 	2.500000e-01 	1.633244e+00 	2.065675e-03 	2.065675e-03 	
9.275000e+01 	2.500000e-01 	2.500000e-01 	1.099657e+00 	1.687158e-03 	1.687158e-03 	
9.325000e+01 	2.500000e-01 	2.500000e-01 	7.565008e-01 	1.404877e-03 	1.404877e-03 	
9.375000e+01 	2.500000e-01 	2.500000e-01 	5.432803e-01 	1.189730e-03 	1.189730e-03 	
9.425000e+01 	2.500000e-01 	2.500000e-01 	4.032696e-01 	1.157588e-03 	1.157588e-03 	
9.475000e+01 	2.500000e-01 	2.500000e-01 	3.108494e-01 	8.977555e-04 	8.977555e-04 	
9.525000e+01 	2.500000e-01 	2.500000e-01 	2.465381e-01 	8.018381e-04 	8.018381e-04 	
9.575000e+01 	2.500000e-01 	2.500000e-01 	1.988713e-01 	7.211381e-04 	7.211381e-04 	
9.625000e+01 	2.500000e-01 	2.500000e-01 	1.639122e-01 	6.532707e-04 	6.532707e-04 	
9.675000e+01 	2.500000e-01 	2.500000e-01 	1.362339e-01 	6.055061e-04 	6.055061e-04 	
9.725000e+01 	2.500000e-01 	2.500000e-01 	1.163394e-01 	5.508816e-04 	5.508816e-04 	
9.775000e+01 	2.500000e-01 	2.500000e-01 	9.926304e-02 	5.088745e-04 	5.088745e-04 	
9.825000e+01 	2.500000e-01 	2.500000e-01 	8.652111e-02 	4.705834e-04 	4.705834e-04 	
9.875000e+01 	2.500000e-01 	2.500000e-01 	7.542726e-02 	4.414604e-04 	4.414604e-04 	
9.925000e+01 	2.500000e-01 	2.500000e-01 	6.751491e-02 	4.219886e-04 	4.219886e-04 	
9.975000e+01 	2.500000e-01 	2.500000e-01 	6.038080e-02 	3.993898e-04 	3.993898e-04 	
1.002500e+02 	2.500000e-01 	2.500000e-01 	5.328107e-02 	3.738715e-04 	3.738715e-04 	
1.007500e+02 	2.500000e-01 	2.500000e-01 	4.796180e-02 	3.577955e-04 	3.577955e-04 	
END SCATTER2D

BEGIN SCATTER2D /COMETA_ZZ_production_analysis/pt4l
Path=/COMETA_ZZ_production_analysis/pt4l
ScaledBy=1.07558558490647269e-05
Title=~
# val1       	err1-        	err1+        	val2         	err2-        	err2+        	
2.500000e+00 	2.500000e+00 	2.500000e+00 	2.591871e-01 	2.728160e-04 	2.728160e-04 	
7.500000e+00 	2.500000e+00 	2.500000e+00 	3.585208e-01 	2.910714e-04 	2.910714e-04 	
1.250000e+01 	2.500000e+00 	2.500000e+00 	2.708532e-01 	2.537889e-04 	2.537889e-04 	
1.750000e+01 	2.500000e+00 	2.500000e+00 	2.023125e-01 	2.199363e-04 	2.199363e-04 	
2.250000e+01 	2.500000e+00 	2.500000e+00 	1.551250e-01 	1.928133e-04 	1.928133e-04 	
2.750000e+01 	2.500000e+00 	2.500000e+00 	1.224069e-01 	1.721007e-04 	1.721007e-04 	
3.250000e+01 	2.500000e+00 	2.500000e+00 	9.773850e-02 	1.545226e-04 	1.545226e-04 	
3.750000e+01 	2.500000e+00 	2.500000e+00 	7.949764e-02 	1.412806e-04 	1.412806e-04 	
4.250000e+01 	2.500000e+00 	2.500000e+00 	6.548087e-02 	1.293678e-04 	1.293678e-04 	
4.750000e+01 	2.500000e+00 	2.500000e+00 	5.457604e-02 	1.200548e-04 	1.200548e-04 	
5.250000e+01 	2.500000e+00 	2.500000e+00 	4.559257e-02 	1.112786e-04 	1.112786e-04 	
5.750000e+01 	2.500000e+00 	2.500000e+00 	3.879502e-02 	1.050846e-04 	1.050846e-04 	
6.250000e+01 	2.500000e+00 	2.500000e+00 	3.303383e-02 	9.843523e-05 	9.843523e-05 	
6.750000e+01 	2.500000e+00 	2.500000e+00 	2.822003e-02 	9.467724e-05 	9.467724e-05 	
7.250000e+01 	2.500000e+00 	2.500000e+00 	2.434399e-02 	9.277862e-05 	9.277862e-05 	
7.750000e+01 	2.500000e+00 	2.500000e+00 	2.068840e-02 	8.895139e-05 	8.895139e-05 	
8.250000e+01 	2.500000e+00 	2.500000e+00 	1.797323e-02 	8.724163e-05 	8.724163e-05 	
8.750000e+01 	2.500000e+00 	2.500000e+00 	1.545996e-02 	8.317903e-05 	8.317903e-05 	
9.250000e+01 	2.500000e+00 	2.500000e+00 	1.333929e-02 	7.907963e-05 	7.907963e-05 	
9.750000e+01 	2.500000e+00 	2.500000e+00 	1.200832e-02 	7.300058e-05 	7.300058e-05 	
1.025000e+02 	2.500000e+00 	2.500000e+00 	1.084739e-02 	6.807906e-05 	6.807906e-05 	
1.075000e+02 	2.500000e+00 	2.500000e+00 	9.763628e-03 	6.302221e-05 	6.302221e-05 	
1.125000e+02 	2.500000e+00 	2.500000e+00 	8.995551e-03 	6.051889e-05 	6.051889e-05 	
1.175000e+02 	2.500000e+00 	2.500000e+00 	7.998154e-03 	5.461082e-05 	5.461082e-05 	
1.225000e+02 	2.500000e+00 	2.500000e+00 	7.415285e-03 	5.234362e-05 	5.234362e-05 	
1.275000e+02 	2.500000e+00 	2.500000e+00 	6.801635e-03 	4.922776e-05 	4.922776e-05 	
1.325000e+02 	2.500000e+00 	2.500000e+00 	6.263008e-03 	4.689894e-05 	4.689894e-05 	
1.375000e+02 	2.500000e+00 	2.500000e+00 	5.653604e-03 	4.370313e-05 	4.370313e-05 	
1.425000e+02 	2.500000e+00 	2.500000e+00 	5.194504e-03 	4.178153e-05 	4.178153e-05 	
1.475000e+02 	2.500000e+00 	2.500000e+00 	4.844585e-03 	3.935843e-05 	3.935843e-05 	
1.525000e+02 	2.500000e+00 	2.500000e+00 	4.416875e-03 	3.677799e-05 	3.677799e-05 	
1.575000e+02 	2.500000e+00 	2.500000e+00 	4.108515e-03 	3.574441e-05 	3.574441e-05 	
1.625000e+02 	2.500000e+00 	2.500000e+00 	3.779797e-03 	3.380806e-05 	3.380806e-05 	
1.675000e+02 	2.500000e+00 	2.500000e+00 	3.507351e-03 	3.197940e-05 	3.197940e-05 	
1.725000e+02 	2.500000e+00 	2.500000e+00 	3.286311e-03 	3.115228e-05 	3.115228e-05 	
1.775000e+02 	2.500000e+00 	2.500000e+00 	2.983619e-03 	2.933514e-05 	2.933514e-05 	
1.825000e+02 	2.500000e+00 	2.500000e+00 	2.856033e-03 	2.847676e-05 	2.847676e-05 	
1.875000e+02 	2.500000e+00 	2.500000e+00 	2.583882e-03 	2.660319e-05 	2.660319e-05 	
1.925000e+02 	2.500000e+00 	2.500000e+00 	2.419622e-03 	2.521043e-05 	2.521043e-05 	
1.975000e+02 	2.500000e+00 	2.500000e+00 	2.256022e-03 	2.442857e-05 	2.442857e-05 	
2.025000e+02 	2.500000e+00 	2.500000e+00 	2.112513e-03 	2.379392e-05 	2.379392e-05 	
2.075000e+02 	2.500000e+00 	2.500000e+00 	1.970710e-03 	2.245727e-05 	2.245727e-05 	
2.125000e+02 	2.500000e+00 	2.500000e+00 	1.837105e-03 	2.142843e-05 	2.142843e-05 	
2.175000e+02 	2.500000e+00 	2.500000e+00 	1.707768e-03 	2.072703e-05 	2.072703e-05 	
2.225000e+02 	2.500000e+00 	2.500000e+00 	1.615664e-03 	2.002312e-05 	2.002312e-05 	
2.275000e+02 	2.500000e+00 	2.500000e+00 	1.506825e-03 	1.950678e-05 	1.950678e-05 	
2.325000e+02 	2.500000e+00 	2.500000e+00 	1.428296e-03 	1.937252e-05 	1.937252e-05 	
2.375000e+02 	2.500000e+00 	2.500000e+00 	1.287957e-03 	1.708479e-05 	1.708479e-05 	
2.425000e+02 	2.500000e+00 	2.500000e+00 	1.240883e-03 	1.691638e-05 	1.691638e-05 	
2.475000e+02 	2.500000e+00 	2.500000e+00 	1.151559e-03 	1.674831e-05 	1.674831e-05 	
2.525000e+02 	2.500000e+00 	2.500000e+00 	1.095043e-03 	1.584355e-05 	1.584355e-05 	
2.575000e+02 	2.500000e+00 	2.500000e+00 	1.024990e-03 	1.499782e-05 	1.499782e-05 	
2.625000e+02 	2.500000e+00 	2.500000e+00 	9.405327e-04 	1.441725e-05 	1.441725e-05 	
2.675000e+02 	2.500000e+00 	2.500000e+00 	9.077544e-04 	1.408566e-05 	1.408566e-05 	
2.725000e+02 	2.500000e+00 	2.500000e+00 	8.195630e-04 	1.313930e-05 	1.313930e-05 	
2.775000e+02 	2.500000e+00 	2.500000e+00 	7.949145e-04 	1.308524e-05 	1.308524e-05 	
2.825000e+02 	2.500000e+00 	2.500000e+00 	7.608731e-04 	1.256342e-05 	1.256342e-05 	
2.875000e+02 	2.500000e+00 	2.500000e+00 	7.207743e-04 	1.217536e-05 	1.217536e-05 	
2.925000e+02 	2.500000e+00 	2.500000e+00 	6.735931e-04 	1.172738e-05 	1.172738e-05 	
2.975000e+02 	2.500000e+00 	2.500000e+00 	6.317820e-04 	1.106538e-05 	1.106538e-05 	
END SCATTER2D

BEGIN SCATTER2D /COMETA_ZZ_production_analysis/ptpp
Path=/COMETA_ZZ_production_analysis/ptpp
ScaledBy=1.07558558490647269e-05
Title=~
# val1       	err1-        	err1+        	val2         	err2-        	err2+        	
7.500000e+00 	7.500000e+00 	7.500000e+00 	3.845764e-02 	5.860901e-05 	5.860901e-05 	
2.250000e+01 	7.500000e+00 	7.500000e+00 	8.137150e-02 	8.509760e-05 	8.509760e-05 	
3.750000e+01 	7.500000e+00 	7.500000e+00 	1.022166e-01 	9.669123e-05 	9.669123e-05 	
5.250000e+01 	7.500000e+00 	7.500000e+00 	1.154733e-01 	9.976213e-05 	9.976213e-05 	
6.750000e+01 	7.500000e+00 	7.500000e+00 	1.188782e-01 	1.026015e-04 	1.026015e-04 	
8.250000e+01 	7.500000e+00 	7.500000e+00 	1.013478e-01 	9.385775e-05 	9.385775e-05 	
9.750000e+01 	7.500000e+00 	7.500000e+00 	5.661515e-02 	7.131458e-05 	7.131458e-05 	
1.125000e+02 	7.500000e+00 	7.500000e+00 	2.703706e-02 	4.931778e-05 	4.931778e-05 	
1.275000e+02 	7.500000e+00 	7.500000e+00 	1.469965e-02 	3.621279e-05 	3.621279e-05 	
1.425000e+02 	7.500000e+00 	7.500000e+00 	8.818849e-03 	2.745369e-05 	2.745369e-05 	
1.575000e+02 	7.500000e+00 	7.500000e+00 	5.690477e-03 	2.147737e-05 	2.147737e-05 	
1.725000e+02 	7.500000e+00 	7.500000e+00 	3.863407e-03 	1.730810e-05 	1.730810e-05 	
1.875000e+02 	7.500000e+00 	7.500000e+00 	2.695847e-03 	1.387191e-05 	1.387191e-05 	
2.025000e+02 	7.500000e+00 	7.500000e+00 	1.955346e-03 	1.158402e-05 	1.158402e-05 	
2.175000e+02 	7.500000e+00 	7.500000e+00 	1.444934e-03 	9.703215e-06 	9.703215e-06 	
2.325000e+02 	7.500000e+00 	7.500000e+00 	1.102197e-03 	8.418702e-06 	8.418702e-06 	
2.475000e+02 	7.500000e+00 	7.500000e+00 	8.346083e-04 	7.136168e-06 	7.136168e-06 	
2.625000e+02 	7.500000e+00 	7.500000e+00 	6.467420e-04 	6.215205e-06 	6.215205e-06 	
2.775000e+02 	7.500000e+00 	7.500000e+00 	5.034998e-04 	5.272709e-06 	5.272709e-06 	
2.925000e+02 	7.500000e+00 	7.500000e+00 	4.027751e-04 	4.681266e-06 	4.681266e-06 	
3.075000e+02 	7.500000e+00 	7.500000e+00 	3.150341e-04 	3.995405e-06 	3.995405e-06 	
3.225000e+02 	7.500000e+00 	7.500000e+00 	2.576429e-04 	3.581273e-06 	3.581273e-06 	
3.375000e+02 	7.500000e+00 	7.500000e+00 	2.126599e-04 	3.200746e-06 	3.200746e-06 	
3.525000e+02 	7.500000e+00 	7.500000e+00 	1.719465e-04 	2.727391e-06 	2.727391e-06 	
3.675000e+02 	7.500000e+00 	7.500000e+00 	1.405053e-04 	2.441697e-06 	2.441697e-06 	
3.825000e+02 	7.500000e+00 	7.500000e+00 	1.173060e-04 	2.170672e-06 	2.170672e-06 	
3.975000e+02 	7.500000e+00 	7.500000e+00 	9.776929e-05 	2.026518e-06 	2.026518e-06 	
4.125000e+02 	7.500000e+00 	7.500000e+00 	8.312271e-05 	1.717539e-06 	1.717539e-06 	
4.275000e+02 	7.500000e+00 	7.500000e+00 	6.997422e-05 	1.631272e-06 	1.631272e-06 	
4.425000e+02 	7.500000e+00 	7.500000e+00 	5.840331e-05 	1.428804e-06 	1.428804e-06 	
4.575000e+02 	7.500000e+00 	7.500000e+00 	4.904924e-05 	1.258543e-06 	1.258543e-06 	
4.725000e+02 	7.500000e+00 	7.500000e+00 	4.287362e-05 	1.152147e-06 	1.152147e-06 	
4.875000e+02 	7.500000e+00 	7.500000e+00 	3.612647e-05 	9.629904e-07 	9.629904e-07 	
5.025000e+02 	7.500000e+00 	7.500000e+00 	3.098297e-05 	8.954555e-07 	8.954555e-07 	
5.175000e+02 	7.500000e+00 	7.500000e+00 	2.609648e-05 	8.879629e-07 	8.879629e-07 	
5.325000e+02 	7.500000e+00 	7.500000e+00 	2.430589e-05 	9.694789e-07 	9.694789e-07 	
5.475000e+02 	7.500000e+00 	7.500000e+00 	2.038211e-05 	7.089383e-07 	7.089383e-07 	
5.625000e+02 	7.500000e+00 	7.500000e+00 	1.707627e-05 	5.958232e-07 	5.958232e-07 	
5.775000e+02 	7.500000e+00 	7.500000e+00 	1.567486e-05 	5.991999e-07 	5.991999e-07 	
5.925000e+02 	7.500000e+00 	7.500000e+00 	1.324844e-05 	5.272715e-07 	5.272715e-07 	
END SCATTER2D

BEGIN SCATTER2D /COMETA_ZZ_production_analysis/ptee
Path=/COMETA_ZZ_production_analysis/ptee
ScaledBy=1.07558558490647269e-05
Title=~
# val1       	err1-        	err1+        	val2         	err2-        	err2+        	
7.500000e+00 	7.500000e+00 	7.500000e+00 	2.165358e-02 	3.632947e-05 	3.632947e-05 	
2.250000e+01 	7.500000e+00 	7.500000e+00 	8.179975e-02 	8.111158e-05 	8.111158e-05 	
3.750000e+01 	7.500000e+00 	7.500000e+00 	1.177248e-01 	1.062294e-04 	1.062294e-04 	
5.250000e+01 	7.500000e+00 	7.500000e+00 	1.125133e-01 	1.055444e-04 	1.055444e-04 	
6.750000e+01 	7.500000e+00 	7.500000e+00 	9.001252e-02 	9.284280e-05 	9.284280e-05 	
8.250000e+01 	7.500000e+00 	7.500000e+00 	6.669591e-02 	8.014265e-05 	8.014265e-05 	
9.750000e+01 	7.500000e+00 	7.500000e+00 	4.845704e-02 	6.578360e-05 	6.578360e-05 	
1.125000e+02 	7.500000e+00 	7.500000e+00 	3.516168e-02 	5.393362e-05 	5.393362e-05 	
1.275000e+02 	7.500000e+00 	7.500000e+00 	2.562450e-02 	4.498814e-05 	4.498814e-05 	
1.425000e+02 	7.500000e+00 	7.500000e+00 	1.889765e-02 	3.809425e-05 	3.809425e-05 	
1.575000e+02 	7.500000e+00 	7.500000e+00 	1.419436e-02 	3.205066e-05 	3.205066e-05 	
1.725000e+02 	7.500000e+00 	7.500000e+00 	1.085842e-02 	2.785997e-05 	2.785997e-05 	
1.875000e+02 	7.500000e+00 	7.500000e+00 	8.281765e-03 	2.356309e-05 	2.356309e-05 	
2.025000e+02 	7.500000e+00 	7.500000e+00 	6.408206e-03 	2.025364e-05 	2.025364e-05 	
2.175000e+02 	7.500000e+00 	7.500000e+00 	5.057488e-03 	1.791051e-05 	1.791051e-05 	
2.325000e+02 	7.500000e+00 	7.500000e+00 	3.979828e-03 	1.579900e-05 	1.579900e-05 	
2.475000e+02 	7.500000e+00 	7.500000e+00 	3.177270e-03 	1.377803e-05 	1.377803e-05 	
2.625000e+02 	7.500000e+00 	7.500000e+00 	2.562625e-03 	1.200725e-05 	1.200725e-05 	
2.775000e+02 	7.500000e+00 	7.500000e+00 	2.082327e-03 	1.089924e-05 	1.089924e-05 	
2.925000e+02 	7.500000e+00 	7.500000e+00 	1.691606e-03 	9.556850e-06 	9.556850e-06 	
3.075000e+02 	7.500000e+00 	7.500000e+00 	1.381308e-03 	8.724258e-06 	8.724258e-06 	
3.225000e+02 	7.500000e+00 	7.500000e+00 	1.150890e-03 	7.724069e-06 	7.724069e-06 	
3.375000e+02 	7.500000e+00 	7.500000e+00 	9.495952e-04 	6.935330e-06 	6.935330e-06 	
3.525000e+02 	7.500000e+00 	7.500000e+00 	8.031620e-04 	6.270753e-06 	6.270753e-06 	
3.675000e+02 	7.500000e+00 	7.500000e+00 	6.607187e-04 	5.510555e-06 	5.510555e-06 	
3.825000e+02 	7.500000e+00 	7.500000e+00 	5.631459e-04 	5.027250e-06 	5.027250e-06 	
3.975000e+02 	7.500000e+00 	7.500000e+00 	4.740560e-04 	4.559461e-06 	4.559461e-06 	
4.125000e+02 	7.500000e+00 	7.500000e+00 	4.098395e-04 	4.142724e-06 	4.142724e-06 	
4.275000e+02 	7.500000e+00 	7.500000e+00 	3.466320e-04 	3.806191e-06 	3.806191e-06 	
4.425000e+02 	7.500000e+00 	7.500000e+00 	2.949729e-04 	3.439006e-06 	3.439006e-06 	
4.575000e+02 	7.500000e+00 	7.500000e+00 	2.573885e-04 	3.206209e-06 	3.206209e-06 	
4.725000e+02 	7.500000e+00 	7.500000e+00 	2.240746e-04 	3.010444e-06 	3.010444e-06 	
4.875000e+02 	7.500000e+00 	7.500000e+00 	1.917388e-04 	2.625922e-06 	2.625922e-06 	
5.025000e+02 	7.500000e+00 	7.500000e+00 	1.666574e-04 	2.433936e-06 	2.433936e-06 	
5.175000e+02 	7.500000e+00 	7.500000e+00 	1.443684e-04 	2.397496e-06 	2.397496e-06 	
5.325000e+02 	7.500000e+00 	7.500000e+00 	1.268235e-04 	2.052589e-06 	2.052589e-06 	
5.475000e+02 	7.500000e+00 	7.500000e+00 	1.089946e-04 	1.834027e-06 	1.834027e-06 	
5.625000e+02 	7.500000e+00 	7.500000e+00 	9.745064e-05 	1.712465e-06 	1.712465e-06 	
5.775000e+02 	7.500000e+00 	7.500000e+00 	8.285146e-05 	1.488316e-06 	1.488316e-06 	
5.925000e+02 	7.500000e+00 	7.500000e+00 	7.591948e-05 	1.456363e-06 	1.456363e-06 	
END SCATTER2D

BEGIN SCATTER2D /COMETA_ZZ_production_analysis/ptep
Path=/COMETA_ZZ_production_analysis/ptep
ScaledBy=1.07558558490647269e-05
Title=~
# val1       	err1-        	err1+        	val2         	err2-        	err2+        	
5.000000e+00 	5.000000e+00 	5.000000e+00 	9.907068e-03 	3.619350e-05 	3.619350e-05 	
1.500000e+01 	5.000000e+00 	5.000000e+00 	8.066314e-02 	1.050641e-04 	1.050641e-04 	
2.500000e+01 	5.000000e+00 	5.000000e+00 	1.508620e-01 	1.465775e-04 	1.465775e-04 	
3.500000e+01 	5.000000e+00 	5.000000e+00 	1.678664e-01 	1.483696e-04 	1.483696e-04 	
4.500000e+01 	5.000000e+00 	5.000000e+00 	1.476780e-01 	1.364404e-04 	1.364404e-04 	
5.500000e+01 	5.000000e+00 	5.000000e+00 	1.231012e-01 	1.271315e-04 	1.271315e-04 	
6.500000e+01 	5.000000e+00 	5.000000e+00 	9.410817e-02 	1.133339e-04 	1.133339e-04 	
7.500000e+01 	5.000000e+00 	5.000000e+00 	6.742463e-02 	9.955585e-05 	9.955585e-05 	
8.500000e+01 	5.000000e+00 	5.000000e+00 	4.742927e-02 	7.973636e-05 	7.973636e-05 	
9.500000e+01 	5.000000e+00 	5.000000e+00 	3.369849e-02 	6.693858e-05 	6.693858e-05 	
1.050000e+02 	5.000000e+00 	5.000000e+00 	2.404015e-02 	5.470372e-05 	5.470372e-05 	
1.150000e+02 	5.000000e+00 	5.000000e+00 	1.770861e-02 	4.594978e-05 	4.594978e-05 	
1.250000e+02 	5.000000e+00 	5.000000e+00 	1.320879e-02 	3.928820e-05 	3.928820e-05 	
1.350000e+02 	5.000000e+00 	5.000000e+00 	9.952317e-03 	3.333919e-05 	3.333919e-05 	
1.450000e+02 	5.000000e+00 	5.000000e+00 	7.706480e-03 	2.895436e-05 	2.895436e-05 	
1.550000e+02 	5.000000e+00 	5.000000e+00 	5.987621e-03 	2.504477e-05 	2.504477e-05 	
1.650000e+02 	5.000000e+00 	5.000000e+00 	4.726670e-03 	2.186648e-05 	2.186648e-05 	
1.750000e+02 	5.000000e+00 	5.000000e+00 	3.793715e-03 	1.934101e-05 	1.934101e-05 	
1.850000e+02 	5.000000e+00 	5.000000e+00 	3.035833e-03 	1.670394e-05 	1.670394e-05 	
1.950000e+02 	5.000000e+00 	5.000000e+00 	2.471884e-03 	1.494320e-05 	1.494320e-05 	
2.050000e+02 	5.000000e+00 	5.000000e+00 	2.021069e-03 	1.331624e-05 	1.331624e-05 	
2.150000e+02 	5.000000e+00 	5.000000e+00 	1.681863e-03 	1.196924e-05 	1.196924e-05 	
2.250000e+02 	5.000000e+00 	5.000000e+00 	1.409262e-03 	1.089031e-05 	1.089031e-05 	
2.350000e+02 	5.000000e+00 	5.000000e+00 	1.154180e-03 	9.646187e-06 	9.646187e-06 	
2.450000e+02 	5.000000e+00 	5.000000e+00 	9.735245e-04 	8.914393e-06 	8.914393e-06 	
2.550000e+02 	5.000000e+00 	5.000000e+00 	8.152621e-04 	7.859071e-06 	7.859071e-06 	
2.650000e+02 	5.000000e+00 	5.000000e+00 	7.064745e-04 	7.388072e-06 	7.388072e-06 	
2.750000e+02 	5.000000e+00 	5.000000e+00 	5.974315e-04 	6.575010e-06 	6.575010e-06 	
2.850000e+02 	5.000000e+00 	5.000000e+00 	5.091934e-04 	6.242252e-06 	6.242252e-06 	
2.950000e+02 	5.000000e+00 	5.000000e+00 	4.451939e-04 	5.618607e-06 	5.618607e-06 	
3.050000e+02 	5.000000e+00 	5.000000e+00 	3.870528e-04 	5.273162e-06 	5.273162e-06 	
3.150000e+02 	5.000000e+00 	5.000000e+00 	3.222578e-04 	4.834132e-06 	4.834132e-06 	
3.250000e+02 	5.000000e+00 	5.000000e+00 	2.846048e-04 	4.333355e-06 	4.333355e-06 	
3.350000e+02 	5.000000e+00 	5.000000e+00 	2.436746e-04 	3.858919e-06 	3.858919e-06 	
3.450000e+02 	5.000000e+00 	5.000000e+00 	2.193476e-04 	3.845544e-06 	3.845544e-06 	
3.550000e+02 	5.000000e+00 	5.000000e+00 	1.908595e-04 	3.360853e-06 	3.360853e-06 	
3.650000e+02 	5.000000e+00 	5.000000e+00 	1.640563e-04 	3.105463e-06 	3.105463e-06 	
3.750000e+02 	5.000000e+00 	5.000000e+00 	1.502232e-04 	3.021656e-06 	3.021656e-06 	
3.850000e+02 	5.000000e+00 	5.000000e+00 	1.276943e-04 	2.588180e-06 	2.588180e-06 	
3.950000e+02 	5.000000e+00 	5.000000e+00 	1.123893e-04 	2.423346e-06 	2.423346e-06 	
END SCATTER2D

BEGIN SCATTER2D /COMETA_ZZ_production_analysis/ptmm
Path=/COMETA_ZZ_production_analysis/ptmm
ScaledBy=1.07558558490647269e-05
Title=~
# val1       	err1-        	err1+        	val2         	err2-        	err2+        	
5.000000e+00 	5.000000e+00 	5.000000e+00 	1.480943e-02 	4.464085e-05 	4.464085e-05 	
1.500000e+01 	5.000000e+00 	5.000000e+00 	8.245977e-02 	1.063264e-04 	1.063264e-04 	
2.500000e+01 	5.000000e+00 	5.000000e+00 	1.504941e-01 	1.442341e-04 	1.442341e-04 	
3.500000e+01 	5.000000e+00 	5.000000e+00 	1.657473e-01 	1.465472e-04 	1.465472e-04 	
4.500000e+01 	5.000000e+00 	5.000000e+00 	1.452174e-01 	1.357397e-04 	1.357397e-04 	
5.500000e+01 	5.000000e+00 	5.000000e+00 	1.216672e-01 	1.281057e-04 	1.281057e-04 	
6.500000e+01 	5.000000e+00 	5.000000e+00 	9.302584e-02 	1.126598e-04 	1.126598e-04 	
7.500000e+01 	5.000000e+00 	5.000000e+00 	6.694620e-02 	9.575032e-05 	9.575032e-05 	
8.500000e+01 	5.000000e+00 	5.000000e+00 	4.711252e-02 	7.931570e-05 	7.931570e-05 	
9.500000e+01 	5.000000e+00 	5.000000e+00 	3.357962e-02 	7.315665e-05 	7.315665e-05 	
1.050000e+02 	5.000000e+00 	5.000000e+00 	2.414824e-02 	5.501328e-05 	5.501328e-05 	
1.150000e+02 	5.000000e+00 	5.000000e+00 	1.787331e-02 	4.660904e-05 	4.660904e-05 	
1.250000e+02 	5.000000e+00 	5.000000e+00 	1.326806e-02 	3.959958e-05 	3.959958e-05 	
1.350000e+02 	5.000000e+00 	5.000000e+00 	1.007873e-02 	3.378347e-05 	3.378347e-05 	
1.450000e+02 	5.000000e+00 	5.000000e+00 	7.753687e-03 	2.872336e-05 	2.872336e-05 	
1.550000e+02 	5.000000e+00 	5.000000e+00 	6.099114e-03 	2.527474e-05 	2.527474e-05 	
1.650000e+02 	5.000000e+00 	5.000000e+00 	4.891051e-03 	2.247414e-05 	2.247414e-05 	
1.750000e+02 	5.000000e+00 	5.000000e+00 	3.883860e-03 	1.960819e-05 	1.960819e-05 	
1.850000e+02 	5.000000e+00 	5.000000e+00 	3.116546e-03 	1.718343e-05 	1.718343e-05 	
1.950000e+02 	5.000000e+00 	5.000000e+00 	2.562179e-03 	1.553920e-05 	1.553920e-05 	
2.050000e+02 	5.000000e+00 	5.000000e+00 	2.092538e-03 	1.377237e-05 	1.377237e-05 	
2.150000e+02 	5.000000e+00 	5.000000e+00 	1.732354e-03 	1.224316e-05 	1.224316e-05 	
2.250000e+02 	5.000000e+00 	5.000000e+00 	1.441815e-03 	1.115759e-05 	1.115759e-05 	
2.350000e+02 	5.000000e+00 	5.000000e+00 	1.194773e-03 	9.889782e-06 	9.889782e-06 	
2.450000e+02 	5.000000e+00 	5.000000e+00 	1.024780e-03 	9.535762e-06 	9.535762e-06 	
2.550000e+02 	5.000000e+00 	5.000000e+00 	8.596713e-04 	8.346003e-06 	8.346003e-06 	
2.650000e+02 	5.000000e+00 	5.000000e+00 	7.399633e-04 	7.593073e-06 	7.593073e-06 	
2.750000e+02 	5.000000e+00 	5.000000e+00 	6.122281e-04 	6.799844e-06 	6.799844e-06 	
2.850000e+02 	5.000000e+00 	5.000000e+00 	5.311259e-04 	6.330887e-06 	6.330887e-06 	
2.950000e+02 	5.000000e+00 	5.000000e+00 	4.651050e-04 	6.100895e-06 	6.100895e-06 	
3.050000e+02 	5.000000e+00 	5.000000e+00 	4.084690e-04 	5.625865e-06 	5.625865e-06 	
3.150000e+02 	5.000000e+00 	5.000000e+00 	3.493678e-04 	4.936288e-06 	4.936288e-06 	
3.250000e+02 	5.000000e+00 	5.000000e+00 	3.016809e-04 	4.456533e-06 	4.456533e-06 	
3.350000e+02 	5.000000e+00 	5.000000e+00 	2.624452e-04 	4.077220e-06 	4.077220e-06 	
3.450000e+02 	5.000000e+00 	5.000000e+00 	2.367824e-04 	4.024948e-06 	4.024948e-06 	
3.550000e+02 	5.000000e+00 	5.000000e+00 	2.018032e-04 	3.592167e-06 	3.592167e-06 	
3.650000e+02 	5.000000e+00 	5.000000e+00 	1.822884e-04 	3.390186e-06 	3.390186e-06 	
3.750000e+02 	5.000000e+00 	5.000000e+00 	1.593999e-04 	3.046644e-06 	3.046644e-06 	
3.850000e+02 	5.000000e+00 	5.000000e+00 	1.421454e-04 	3.036557e-06 	3.036557e-06 	
3.950000e+02 	5.000000e+00 	5.000000e+00 	1.254361e-04 	2.622597e-06 	2.622597e-06 	
END SCATTER2D

BEGIN SCATTER2D /COMETA_ZZ_production_analysis/yep
Path=/COMETA_ZZ_production_analysis/yep
ScaledBy=1.07558558490647269e-05
Title=~
# val1       	err1-        	err1+        	val2         	err2-        	err2+        	
-2.375000e+00	1.250000e-01 	1.250000e-01 	8.857193e-01 	2.332881e-03 	2.332881e-03 	
-2.125000e+00	1.250000e-01 	1.250000e-01 	1.235114e+00 	2.693852e-03 	2.693852e-03 	
-1.875000e+00	1.250000e-01 	1.250000e-01 	1.499101e+00 	3.084961e-03 	3.084961e-03 	
-1.625000e+00	1.250000e-01 	1.250000e-01 	1.772393e+00 	3.114692e-03 	3.114692e-03 	
-1.375000e+00	1.250000e-01 	1.250000e-01 	2.039067e+00 	3.288212e-03 	3.288212e-03 	
-1.125000e+00	1.250000e-01 	1.250000e-01 	2.288298e+00 	3.610179e-03 	3.610179e-03 	
-8.750000e-01	1.250000e-01 	1.250000e-01 	2.504581e+00 	3.568234e-03 	3.568234e-03 	
-6.250000e-01	1.250000e-01 	1.250000e-01 	2.682588e+00 	3.695253e-03 	3.695253e-03 	
-3.750000e-01	1.250000e-01 	1.250000e-01 	2.810356e+00 	3.778983e-03 	3.778983e-03 	
-1.250000e-01	1.250000e-01 	1.250000e-01 	2.858625e+00 	3.772886e-03 	3.772886e-03 	
1.250000e-01 	1.250000e-01 	1.250000e-01 	2.852323e+00 	3.760388e-03 	3.760388e-03 	
3.750000e-01 	1.250000e-01 	1.250000e-01 	2.807783e+00 	3.747131e-03 	3.747131e-03 	
6.250000e-01 	1.250000e-01 	1.250000e-01 	2.683841e+00 	3.660964e-03 	3.660964e-03 	
8.750000e-01 	1.250000e-01 	1.250000e-01 	2.508211e+00 	3.544765e-03 	3.544765e-03 	
1.125000e+00 	1.250000e-01 	1.250000e-01 	2.291259e+00 	3.407825e-03 	3.407825e-03 	
1.375000e+00 	1.250000e-01 	1.250000e-01 	2.047544e+00 	3.282202e-03 	3.282202e-03 	
1.625000e+00 	1.250000e-01 	1.250000e-01 	1.776233e+00 	3.062560e-03 	3.062560e-03 	
1.875000e+00 	1.250000e-01 	1.250000e-01 	1.496999e+00 	2.915617e-03 	2.915617e-03 	
2.125000e+00 	1.250000e-01 	1.250000e-01 	1.232576e+00 	2.643450e-03 	2.643450e-03 	
2.375000e+00 	1.250000e-01 	1.250000e-01 	8.850660e-01 	2.292528e-03 	2.292528e-03 	
END SCATTER2D

BEGIN SCATTER2D /COMETA_ZZ_production_analysis/ymm
Path=/COMETA_ZZ_production_analysis/ymm
ScaledBy=1.07558558490647269e-05
Title=~
# val1       	err1-        	err1+        	val2         	err2-        	err2+        	
-2.375000e+00	1.250000e-01 	1.250000e-01 	1.013780e+00 	2.494195e-03 	2.494195e-03 	
-2.125000e+00	1.250000e-01 	1.250000e-01 	1.239049e+00 	2.701883e-03 	2.701883e-03 	
-1.875000e+00	1.250000e-01 	1.250000e-01 	1.479636e+00 	2.868205e-03 	2.868205e-03 	
-1.625000e+00	1.250000e-01 	1.250000e-01 	1.731182e+00 	3.244023e-03 	3.244023e-03 	
-1.375000e+00	1.250000e-01 	1.250000e-01 	1.972795e+00 	3.210113e-03 	3.210113e-03 	
-1.125000e+00	1.250000e-01 	1.250000e-01 	2.190836e+00 	3.343739e-03 	3.343739e-03 	
-8.750000e-01	1.250000e-01 	1.250000e-01 	2.386876e+00 	3.474880e-03 	3.474880e-03 	
-6.250000e-01	1.250000e-01 	1.250000e-01 	2.550775e+00 	3.565406e-03 	3.565406e-03 	
-3.750000e-01	1.250000e-01 	1.250000e-01 	2.648143e+00 	3.622957e-03 	3.622957e-03 	
-1.250000e-01	1.250000e-01 	1.250000e-01 	2.712010e+00 	3.683615e-03 	3.683615e-03 	
1.250000e-01 	1.250000e-01 	1.250000e-01 	2.703523e+00 	3.668818e-03 	3.668818e-03 	
3.750000e-01 	1.250000e-01 	1.250000e-01 	2.651632e+00 	3.639428e-03 	3.639428e-03 	
6.250000e-01 	1.250000e-01 	1.250000e-01 	2.545039e+00 	3.542239e-03 	3.542239e-03 	
8.750000e-01 	1.250000e-01 	1.250000e-01 	2.390799e+00 	3.447858e-03 	3.447858e-03 	
1.125000e+00 	1.250000e-01 	1.250000e-01 	2.194136e+00 	3.431042e-03 	3.431042e-03 	
1.375000e+00 	1.250000e-01 	1.250000e-01 	1.967654e+00 	3.193841e-03 	3.193841e-03 	
1.625000e+00 	1.250000e-01 	1.250000e-01 	1.728972e+00 	3.001252e-03 	3.001252e-03 	
1.875000e+00 	1.250000e-01 	1.250000e-01 	1.481032e+00 	2.930552e-03 	2.930552e-03 	
2.125000e+00 	1.250000e-01 	1.250000e-01 	1.237641e+00 	2.633051e-03 	2.633051e-03 	
2.375000e+00 	1.250000e-01 	1.250000e-01 	1.008616e+00 	2.437080e-03 	2.437080e-03 	
END SCATTER2D

BEGIN SCATTER2D /COMETA_ZZ_production_analysis/yee
Path=/COMETA_ZZ_production_analysis/yee
ScaledBy=1.07558558490647269e-05
Title=~
# val1       	err1-        	err1+        	val2         	err2-        	err2+        	
-2.875000e+00	1.250000e-01 	1.250000e-01 	0.000000e+00 	0.000000e+00 	0.000000e+00 	
-2.625000e+00	1.250000e-01 	1.250000e-01 	0.000000e+00 	0.000000e+00 	0.000000e+00 	
-2.375000e+00	1.250000e-01 	1.250000e-01 	1.930443e-01 	1.131459e-03 	1.131459e-03 	
-2.125000e+00	1.250000e-01 	1.250000e-01 	7.475932e-01 	2.178672e-03 	2.178672e-03 	
-1.875000e+00	1.250000e-01 	1.250000e-01 	1.294365e+00 	2.764799e-03 	2.764799e-03 	
-1.625000e+00	1.250000e-01 	1.250000e-01 	1.774245e+00 	3.164760e-03 	3.164760e-03 	
-1.375000e+00	1.250000e-01 	1.250000e-01 	2.171077e+00 	3.483503e-03 	3.483503e-03 	
-1.125000e+00	1.250000e-01 	1.250000e-01 	2.499340e+00 	3.599049e-03 	3.599049e-03 	
-8.750000e-01	1.250000e-01 	1.250000e-01 	2.754515e+00 	3.935047e-03 	3.935047e-03 	
-6.250000e-01	1.250000e-01 	1.250000e-01 	2.940285e+00 	3.932048e-03 	3.932048e-03 	
-3.750000e-01	1.250000e-01 	1.250000e-01 	3.066944e+00 	3.927237e-03 	3.927237e-03 	
-1.250000e-01	1.250000e-01 	1.250000e-01 	3.133501e+00 	3.951111e-03 	3.951111e-03 	
1.250000e-01 	1.250000e-01 	1.250000e-01 	3.128212e+00 	3.944542e-03 	3.944542e-03 	
3.750000e-01 	1.250000e-01 	1.250000e-01 	3.063212e+00 	3.895772e-03 	3.895772e-03 	
6.250000e-01 	1.250000e-01 	1.250000e-01 	2.941123e+00 	3.864482e-03 	3.864482e-03 	
8.750000e-01 	1.250000e-01 	1.250000e-01 	2.755879e+00 	3.717985e-03 	3.717985e-03 	
1.125000e+00 	1.250000e-01 	1.250000e-01 	2.506427e+00 	3.571393e-03 	3.571393e-03 	
1.375000e+00 	1.250000e-01 	1.250000e-01 	2.181089e+00 	3.372869e-03 	3.372869e-03 	
1.625000e+00 	1.250000e-01 	1.250000e-01 	1.776950e+00 	3.132382e-03 	3.132382e-03 	
1.875000e+00 	1.250000e-01 	1.250000e-01 	1.293134e+00 	2.726164e-03 	2.726164e-03 	
2.125000e+00 	1.250000e-01 	1.250000e-01 	7.441764e-01 	2.116147e-03 	2.116147e-03 	
2.375000e+00 	1.250000e-01 	1.250000e-01 	1.925652e-01 	1.106046e-03 	1.106046e-03 	
2.625000e+00 	1.250000e-01 	1.250000e-01 	0.000000e+00 	0.000000e+00 	0.000000e+00 	
2.875000e+00 	1.250000e-01 	1.250000e-01 	0.000000e+00 	0.000000e+00 	0.000000e+00 	
END SCATTER2D

BEGIN SCATTER2D /COMETA_ZZ_production_analysis/dyee
Path=/COMETA_ZZ_production_analysis/dyee
ScaledBy=1.07558558490647269e-05
Title=~
# val1       	err1-        	err1+        	val2         	err2-        	err2+        	
1.250000e-01 	1.250000e-01 	1.250000e-01 	6.766560e+00 	5.891533e-03 	5.891533e-03 	
3.750000e-01 	1.250000e-01 	1.250000e-01 	6.434884e+00 	5.780547e-03 	5.780547e-03 	
6.250000e-01 	1.250000e-01 	1.250000e-01 	5.940746e+00 	5.480435e-03 	5.480435e-03 	
8.750000e-01 	1.250000e-01 	1.250000e-01 	5.237810e+00 	5.247746e-03 	5.247746e-03 	
1.125000e+00 	1.250000e-01 	1.250000e-01 	4.412923e+00 	4.772938e-03 	4.772938e-03 	
1.375000e+00 	1.250000e-01 	1.250000e-01 	3.573485e+00 	4.337800e-03 	4.337800e-03 	
1.625000e+00 	1.250000e-01 	1.250000e-01 	2.775628e+00 	3.938151e-03 	3.938151e-03 	
1.875000e+00 	1.250000e-01 	1.250000e-01 	2.076543e+00 	3.391969e-03 	3.391969e-03 	
2.125000e+00 	1.250000e-01 	1.250000e-01 	1.479860e+00 	2.892939e-03 	2.892939e-03 	
2.375000e+00 	1.250000e-01 	1.250000e-01 	1.007608e+00 	2.413606e-03 	2.413606e-03 	
2.625000e+00 	1.250000e-01 	1.250000e-01 	6.492764e-01 	2.023987e-03 	2.023987e-03 	
2.875000e+00 	1.250000e-01 	1.250000e-01 	3.912034e-01 	1.529207e-03 	1.529207e-03 	
3.125000e+00 	1.250000e-01 	1.250000e-01 	2.191274e-01 	1.146375e-03 	1.146375e-03 	
3.375000e+00 	1.250000e-01 	1.250000e-01 	1.100855e-01 	7.934265e-04 	7.934265e-04 	
3.625000e+00 	1.250000e-01 	1.250000e-01 	5.051934e-02 	5.334066e-04 	5.334066e-04 	
3.875000e+00 	1.250000e-01 	1.250000e-01 	2.117136e-02 	3.284194e-04 	3.284194e-04 	
4.125000e+00 	1.250000e-01 	1.250000e-01 	7.268825e-03 	1.878538e-04 	1.878538e-04 	
4.375000e+00 	1.250000e-01 	1.250000e-01 	2.297598e-03 	1.026937e-04 	1.026937e-04 	
4.625000e+00 	1.250000e-01 	1.250000e-01 	6.122341e-04 	4.865053e-05 	4.865053e-05 	
4.875000e+00 	1.250000e-01 	1.250000e-01 	6.711922e-05 	1.848382e-05 	1.848382e-05 	
END SCATTER2D

BEGIN SCATTER2D /COMETA_ZZ_production_analysis/dypp
Path=/COMETA_ZZ_production_analysis/dypp
ScaledBy=1.07558558490647269e-05
Title=~
# val1       	err1-        	err1+        	val2         	err2-        	err2+        	
1.250000e-01 	1.250000e-01 	1.250000e-01 	5.757415e+00 	5.378538e-03 	5.378538e-03 	
3.750000e-01 	1.250000e-01 	1.250000e-01 	5.585318e+00 	5.321223e-03 	5.321223e-03 	
6.250000e-01 	1.250000e-01 	1.250000e-01 	5.193426e+00 	5.109333e-03 	5.109333e-03 	
8.750000e-01 	1.250000e-01 	1.250000e-01 	4.706395e+00 	4.842559e-03 	4.842559e-03 	
1.125000e+00 	1.250000e-01 	1.250000e-01 	4.140880e+00 	4.692678e-03 	4.692678e-03 	
1.375000e+00 	1.250000e-01 	1.250000e-01 	3.534286e+00 	4.208520e-03 	4.208520e-03 	
1.625000e+00 	1.250000e-01 	1.250000e-01 	2.936224e+00 	3.848338e-03 	3.848338e-03 	
1.875000e+00 	1.250000e-01 	1.250000e-01 	2.370264e+00 	3.586679e-03 	3.586679e-03 	
2.125000e+00 	1.250000e-01 	1.250000e-01 	1.879779e+00 	3.156810e-03 	3.156810e-03 	
2.375000e+00 	1.250000e-01 	1.250000e-01 	1.447196e+00 	2.820843e-03 	2.820843e-03 	
2.625000e+00 	1.250000e-01 	1.250000e-01 	1.093781e+00 	2.496684e-03 	2.496684e-03 	
2.875000e+00 	1.250000e-01 	1.250000e-01 	8.086578e-01 	2.269032e-03 	2.269032e-03 	
3.125000e+00 	1.250000e-01 	1.250000e-01 	5.854200e-01 	2.090740e-03 	2.090740e-03 	
3.375000e+00 	1.250000e-01 	1.250000e-01 	4.130197e-01 	1.727202e-03 	1.727202e-03 	
3.625000e+00 	1.250000e-01 	1.250000e-01 	2.788411e-01 	1.475528e-03 	1.475528e-03 	
3.875000e+00 	1.250000e-01 	1.250000e-01 	1.854295e-01 	1.263293e-03 	1.263293e-03 	
4.125000e+00 	1.250000e-01 	1.250000e-01 	1.174567e-01 	1.076937e-03 	1.076937e-03 	
4.375000e+00 	1.250000e-01 	1.250000e-01 	6.940524e-02 	8.755151e-04 	8.755151e-04 	
4.625000e+00 	1.250000e-01 	1.250000e-01 	3.709667e-02 	7.072931e-04 	7.072931e-04 	
4.875000e+00 	1.250000e-01 	1.250000e-01 	1.498695e-02 	4.730957e-04 	4.730957e-04 	
END SCATTER2D

BEGIN SCATTER2D /COMETA_ZZ_production_analysis/dyez
Path=/COMETA_ZZ_production_analysis/dyez
ScaledBy=1.07558558490647269e-05
Title=~
# val1       	err1-        	err1+        	val2         	err2-        	err2+        	
1.250000e-01 	1.250000e-01 	1.250000e-01 	6.346615e+00 	5.632357e-03 	5.632357e-03 	
3.750000e-01 	1.250000e-01 	1.250000e-01 	6.061403e+00 	5.502151e-03 	5.502151e-03 	
6.250000e-01 	1.250000e-01 	1.250000e-01 	5.568026e+00 	5.256584e-03 	5.256584e-03 	
8.750000e-01 	1.250000e-01 	1.250000e-01 	4.917773e+00 	5.032026e-03 	5.032026e-03 	
1.125000e+00 	1.250000e-01 	1.250000e-01 	4.199810e+00 	4.554010e-03 	4.554010e-03 	
1.375000e+00 	1.250000e-01 	1.250000e-01 	3.482893e+00 	4.170460e-03 	4.170460e-03 	
1.625000e+00 	1.250000e-01 	1.250000e-01 	2.798955e+00 	3.797780e-03 	3.797780e-03 	
1.875000e+00 	1.250000e-01 	1.250000e-01 	2.195395e+00 	3.423007e-03 	3.423007e-03 	
2.125000e+00 	1.250000e-01 	1.250000e-01 	1.678145e+00 	3.059493e-03 	3.059493e-03 	
2.375000e+00 	1.250000e-01 	1.250000e-01 	1.246671e+00 	2.742758e-03 	2.742758e-03 	
2.625000e+00 	1.250000e-01 	1.250000e-01 	9.077678e-01 	2.510073e-03 	2.510073e-03 	
2.875000e+00 	1.250000e-01 	1.250000e-01 	6.398443e-01 	2.100629e-03 	2.100629e-03 	
3.125000e+00 	1.250000e-01 	1.250000e-01 	4.406028e-01 	1.810861e-03 	1.810861e-03 	
3.375000e+00 	1.250000e-01 	1.250000e-01 	2.902679e-01 	1.724792e-03 	1.724792e-03 	
3.625000e+00 	1.250000e-01 	1.250000e-01 	1.807301e-01 	1.292852e-03 	1.292852e-03 	
3.875000e+00 	1.250000e-01 	1.250000e-01 	1.050641e-01 	1.064655e-03 	1.064655e-03 	
4.125000e+00 	1.250000e-01 	1.250000e-01 	5.771744e-02 	8.739109e-04 	8.739109e-04 	
4.375000e+00 	1.250000e-01 	1.250000e-01 	2.719477e-02 	6.427283e-04 	6.427283e-04 	
4.625000e+00 	1.250000e-01 	1.250000e-01 	1.024562e-02 	4.604380e-04 	4.604380e-04 	
4.875000e+00 	1.250000e-01 	1.250000e-01 	2.450096e-03 	2.350423e-04 	2.350423e-04 	
END SCATTER2D

BEGIN SCATTER2D /COMETA_ZZ_production_analysis/dphiee
Path=/COMETA_ZZ_production_analysis/dphiee
ScaledBy=1.07558558490647269e-05
Title=~
# val1       	err1-        	err1+        	val2         	err2-        	err2+        	
3.000000e+00 	3.000000e+00 	3.000000e+00 	1.854550e-02 	6.205455e-05 	6.205455e-05 	
9.000000e+00 	3.000000e+00 	3.000000e+00 	1.910737e-02 	5.931074e-05 	5.931074e-05 	
1.500000e+01 	3.000000e+00 	3.000000e+00 	2.006107e-02 	6.064360e-05 	6.064360e-05 	
2.100000e+01 	3.000000e+00 	3.000000e+00 	2.153781e-02 	6.276049e-05 	6.276049e-05 	
2.700000e+01 	3.000000e+00 	3.000000e+00 	2.321006e-02 	6.455584e-05 	6.455584e-05 	
3.300000e+01 	3.000000e+00 	3.000000e+00 	2.530373e-02 	6.850502e-05 	6.850502e-05 	
3.900000e+01 	3.000000e+00 	3.000000e+00 	2.739924e-02 	7.172192e-05 	7.172192e-05 	
4.500000e+01 	3.000000e+00 	3.000000e+00 	2.981447e-02 	7.522992e-05 	7.522992e-05 	
5.100000e+01 	3.000000e+00 	3.000000e+00 	3.224496e-02 	8.477251e-05 	8.477251e-05 	
5.700000e+01 	3.000000e+00 	3.000000e+00 	3.477954e-02 	8.211834e-05 	8.211834e-05 	
6.300000e+01 	3.000000e+00 	3.000000e+00 	3.767918e-02 	8.717503e-05 	8.717503e-05 	
6.900000e+01 	3.000000e+00 	3.000000e+00 	4.091337e-02 	9.113352e-05 	9.113352e-05 	
7.500000e+01 	3.000000e+00 	3.000000e+00 	4.428312e-02 	9.587805e-05 	9.587805e-05 	
8.100000e+01 	3.000000e+00 	3.000000e+00 	4.773591e-02 	1.002139e-04 	1.002139e-04 	
8.700000e+01 	3.000000e+00 	3.000000e+00 	5.196437e-02 	1.058045e-04 	1.058045e-04 	
9.300000e+01 	3.000000e+00 	3.000000e+00 	5.647163e-02 	1.195320e-04 	1.195320e-04 	
9.900000e+01 	3.000000e+00 	3.000000e+00 	6.106279e-02 	1.170118e-04 	1.170118e-04 	
1.050000e+02 	3.000000e+00 	3.000000e+00 	6.614114e-02 	1.236679e-04 	1.236679e-04 	
1.110000e+02 	3.000000e+00 	3.000000e+00 	7.103765e-02 	1.286124e-04 	1.286124e-04 	
1.170000e+02 	3.000000e+00 	3.000000e+00 	7.634932e-02 	1.341438e-04 	1.341438e-04 	
1.230000e+02 	3.000000e+00 	3.000000e+00 	8.142330e-02 	1.383096e-04 	1.383096e-04 	
1.290000e+02 	3.000000e+00 	3.000000e+00 	8.573926e-02 	1.421415e-04 	1.421415e-04 	
1.350000e+02 	3.000000e+00 	3.000000e+00 	9.057199e-02 	1.454347e-04 	1.454347e-04 	
1.410000e+02 	3.000000e+00 	3.000000e+00 	9.380723e-02 	1.502371e-04 	1.502371e-04 	
1.470000e+02 	3.000000e+00 	3.000000e+00 	9.542170e-02 	1.474316e-04 	1.474316e-04 	
1.530000e+02 	3.000000e+00 	3.000000e+00 	9.621047e-02 	1.454697e-04 	1.454697e-04 	
1.590000e+02 	3.000000e+00 	3.000000e+00 	9.505960e-02 	1.439851e-04 	1.439851e-04 	
1.650000e+02 	3.000000e+00 	3.000000e+00 	9.279927e-02 	1.401288e-04 	1.401288e-04 	
1.710000e+02 	3.000000e+00 	3.000000e+00 	9.002065e-02 	1.384202e-04 	1.384202e-04 	
1.770000e+02 	3.000000e+00 	3.000000e+00 	8.820747e-02 	1.381883e-04 	1.381883e-04 	
END SCATTER2D

BEGIN SCATTER2D /COMETA_ZZ_production_analysis/dphipp
Path=/COMETA_ZZ_production_analysis/dphipp
ScaledBy=1.07558558490647269e-05
Title=~
# val1       	err1-        	err1+        	val2         	err2-        	err2+        	
3.000000e+00 	3.000000e+00 	3.000000e+00 	3.995038e-02 	9.477898e-05 	9.477898e-05 	
9.000000e+00 	3.000000e+00 	3.000000e+00 	4.044811e-02 	9.570633e-05 	9.570633e-05 	
1.500000e+01 	3.000000e+00 	3.000000e+00 	4.069346e-02 	9.756470e-05 	9.756470e-05 	
2.100000e+01 	3.000000e+00 	3.000000e+00 	4.094757e-02 	9.588363e-05 	9.588363e-05 	
2.700000e+01 	3.000000e+00 	3.000000e+00 	4.118692e-02 	9.652277e-05 	9.652277e-05 	
3.300000e+01 	3.000000e+00 	3.000000e+00 	4.162930e-02 	9.638264e-05 	9.638264e-05 	
3.900000e+01 	3.000000e+00 	3.000000e+00 	4.244200e-02 	9.779675e-05 	9.779675e-05 	
4.500000e+01 	3.000000e+00 	3.000000e+00 	4.311910e-02 	9.844842e-05 	9.844842e-05 	
5.100000e+01 	3.000000e+00 	3.000000e+00 	4.381126e-02 	9.892575e-05 	9.892575e-05 	
5.700000e+01 	3.000000e+00 	3.000000e+00 	4.480072e-02 	1.021464e-04 	1.021464e-04 	
6.300000e+01 	3.000000e+00 	3.000000e+00 	4.572222e-02 	1.071989e-04 	1.071989e-04 	
6.900000e+01 	3.000000e+00 	3.000000e+00 	4.690717e-02 	1.024036e-04 	1.024036e-04 	
7.500000e+01 	3.000000e+00 	3.000000e+00 	4.820355e-02 	1.038371e-04 	1.038371e-04 	
8.100000e+01 	3.000000e+00 	3.000000e+00 	4.961154e-02 	1.051165e-04 	1.051165e-04 	
8.700000e+01 	3.000000e+00 	3.000000e+00 	5.118396e-02 	1.068879e-04 	1.068879e-04 	
9.300000e+01 	3.000000e+00 	3.000000e+00 	5.290463e-02 	1.080138e-04 	1.080138e-04 	
9.900000e+01 	3.000000e+00 	3.000000e+00 	5.468442e-02 	1.100164e-04 	1.100164e-04 	
1.050000e+02 	3.000000e+00 	3.000000e+00 	5.691158e-02 	1.116941e-04 	1.116941e-04 	
1.110000e+02 	3.000000e+00 	3.000000e+00 	5.894432e-02 	1.132629e-04 	1.132629e-04 	
1.170000e+02 	3.000000e+00 	3.000000e+00 	6.126493e-02 	1.233441e-04 	1.233441e-04 	
1.230000e+02 	3.000000e+00 	3.000000e+00 	6.402450e-02 	1.184749e-04 	1.184749e-04 	
1.290000e+02 	3.000000e+00 	3.000000e+00 	6.665213e-02 	1.233603e-04 	1.233603e-04 	
1.350000e+02 	3.000000e+00 	3.000000e+00 	6.948646e-02 	1.219572e-04 	1.219572e-04 	
1.410000e+02 	3.000000e+00 	3.000000e+00 	7.252077e-02 	1.242354e-04 	1.242354e-04 	
1.470000e+02 	3.000000e+00 	3.000000e+00 	7.572011e-02 	1.270244e-04 	1.270244e-04 	
1.530000e+02 	3.000000e+00 	3.000000e+00 	7.897123e-02 	1.289649e-04 	1.289649e-04 	
1.590000e+02 	3.000000e+00 	3.000000e+00 	8.211379e-02 	1.320516e-04 	1.320516e-04 	
1.650000e+02 	3.000000e+00 	3.000000e+00 	8.497637e-02 	1.322386e-04 	1.322386e-04 	
1.710000e+02 	3.000000e+00 	3.000000e+00 	8.682578e-02 	1.328669e-04 	1.328669e-04 	
1.770000e+02 	3.000000e+00 	3.000000e+00 	8.824489e-02 	1.339092e-04 	1.339092e-04 	
END SCATTER2D

BEGIN SCATTER2D /COMETA_ZZ_production_analysis/dree
Path=/COMETA_ZZ_production_analysis/dree
ScaledBy=1.07558558490647269e-05
Title=~
# val1       	err1-        	err1+        	val2         	err2-        	err2+        	
1.000000e-01 	1.000000e-01 	1.000000e-01 	2.269918e-03 	3.216108e-05 	3.216108e-05 	
3.000000e-01 	1.000000e-01 	1.000000e-01 	6.957461e-02 	3.821061e-04 	3.821061e-04 	
5.000000e-01 	1.000000e-01 	1.000000e-01 	2.834835e-01 	9.679315e-04 	9.679315e-04 	
7.000000e-01 	1.000000e-01 	1.000000e-01 	6.181444e-01 	1.600324e-03 	1.600324e-03 	
9.000000e-01 	1.000000e-01 	1.000000e-01 	1.022409e+00 	2.185004e-03 	2.185004e-03 	
1.100000e+00 	1.000000e-01 	1.000000e-01 	1.475127e+00 	2.755673e-03 	2.755673e-03 	
1.300000e+00 	1.000000e-01 	1.000000e-01 	1.959382e+00 	3.286873e-03 	3.286873e-03 	
1.500000e+00 	1.000000e-01 	1.000000e-01 	2.499887e+00 	3.834251e-03 	3.834251e-03 	
1.700000e+00 	1.000000e-01 	1.000000e-01 	3.099976e+00 	4.579296e-03 	4.579296e-03 	
1.900000e+00 	1.000000e-01 	1.000000e-01 	3.734976e+00 	5.043787e-03 	5.043787e-03 	
2.100000e+00 	1.000000e-01 	1.000000e-01 	4.428681e+00 	5.512391e-03 	5.512391e-03 	
2.300000e+00 	1.000000e-01 	1.000000e-01 	5.091241e+00 	5.966999e-03 	5.966999e-03 	
2.500000e+00 	1.000000e-01 	1.000000e-01 	5.667685e+00 	6.367717e-03 	6.367717e-03 	
2.700000e+00 	1.000000e-01 	1.000000e-01 	5.963709e+00 	6.443271e-03 	6.443271e-03 	
2.900000e+00 	1.000000e-01 	1.000000e-01 	5.935211e+00 	6.308156e-03 	6.308156e-03 	
3.100000e+00 	1.000000e-01 	1.000000e-01 	5.252160e+00 	5.887117e-03 	5.887117e-03 	
3.300000e+00 	1.000000e-01 	1.000000e-01 	2.239497e+00 	3.876831e-03 	3.876831e-03 	
3.500000e+00 	1.000000e-01 	1.000000e-01 	1.065826e+00 	2.680787e-03 	2.680787e-03 	
3.700000e+00 	1.000000e-01 	1.000000e-01 	5.402788e-01 	1.914031e-03 	1.914031e-03 	
3.900000e+00 	1.000000e-01 	1.000000e-01 	2.692503e-01 	1.347180e-03 	1.347180e-03 	
4.100000e+00 	1.000000e-01 	1.000000e-01 	1.303612e-01 	9.281119e-04 	9.281119e-04 	
4.300000e+00 	1.000000e-01 	1.000000e-01 	5.860573e-02 	6.058041e-04 	6.058041e-04 	
4.500000e+00 	1.000000e-01 	1.000000e-01 	2.516243e-02 	3.757909e-04 	3.757909e-04 	
4.700000e+00 	1.000000e-01 	1.000000e-01 	9.601089e-03 	2.282656e-04 	2.282656e-04 	
4.900000e+00 	1.000000e-01 	1.000000e-01 	3.257413e-03 	1.203845e-04 	1.203845e-04 	
5.100000e+00 	1.000000e-01 	1.000000e-01 	1.034550e-03 	6.876481e-05 	6.876481e-05 	
5.300000e+00 	1.000000e-01 	1.000000e-01 	2.448165e-04 	2.536958e-05 	2.536958e-05 	
5.500000e+00 	1.000000e-01 	1.000000e-01 	6.027992e-05 	1.110543e-05 	1.110543e-05 	
5.700000e+00 	1.000000e-01 	1.000000e-01 	1.396046e-06 	1.878788e-06 	1.878788e-06 	
5.900000e+00 	1.000000e-01 	1.000000e-01 	0.000000e+00 	0.000000e+00 	0.000000e+00 	
END SCATTER2D

BEGIN SCATTER2D /COMETA_ZZ_production_analysis/drpp
Path=/COMETA_ZZ_production_analysis/drpp
ScaledBy=1.07558558490647269e-05
Title=~
# val1       	err1-        	err1+        	val2         	err2-        	err2+        	
1.000000e-01 	1.000000e-01 	1.000000e-01 	2.083080e-01 	1.199705e-03 	1.199705e-03 	
3.000000e-01 	1.000000e-01 	1.000000e-01 	6.619189e-01 	2.203072e-03 	2.203072e-03 	
5.000000e-01 	1.000000e-01 	1.000000e-01 	1.076900e+00 	2.705310e-03 	2.705310e-03 	
7.000000e-01 	1.000000e-01 	1.000000e-01 	1.451360e+00 	3.130986e-03 	3.130986e-03 	
9.000000e-01 	1.000000e-01 	1.000000e-01 	1.786773e+00 	3.458174e-03 	3.458174e-03 	
1.100000e+00 	1.000000e-01 	1.000000e-01 	2.100057e+00 	3.747662e-03 	3.747662e-03 	
1.300000e+00 	1.000000e-01 	1.000000e-01 	2.386191e+00 	3.934296e-03 	3.934296e-03 	
1.500000e+00 	1.000000e-01 	1.000000e-01 	2.645330e+00 	4.166942e-03 	4.166942e-03 	
1.700000e+00 	1.000000e-01 	1.000000e-01 	2.901696e+00 	4.303173e-03 	4.303173e-03 	
1.900000e+00 	1.000000e-01 	1.000000e-01 	3.167493e+00 	4.468126e-03 	4.468126e-03 	
2.100000e+00 	1.000000e-01 	1.000000e-01 	3.440377e+00 	4.726686e-03 	4.726686e-03 	
2.300000e+00 	1.000000e-01 	1.000000e-01 	3.756710e+00 	5.015969e-03 	5.015969e-03 	
2.500000e+00 	1.000000e-01 	1.000000e-01 	4.079260e+00 	5.045537e-03 	5.045537e-03 	
2.700000e+00 	1.000000e-01 	1.000000e-01 	4.440180e+00 	5.249984e-03 	5.249984e-03 	
2.900000e+00 	1.000000e-01 	1.000000e-01 	4.806980e+00 	5.466228e-03 	5.466228e-03 	
3.100000e+00 	1.000000e-01 	1.000000e-01 	4.780600e+00 	5.433812e-03 	5.433812e-03 	
3.300000e+00 	1.000000e-01 	1.000000e-01 	2.748002e+00 	4.215807e-03 	4.215807e-03 	
3.500000e+00 	1.000000e-01 	1.000000e-01 	1.724704e+00 	3.445341e-03 	3.445341e-03 	
3.700000e+00 	1.000000e-01 	1.000000e-01 	1.143045e+00 	2.899822e-03 	2.899822e-03 	
3.900000e+00 	1.000000e-01 	1.000000e-01 	7.638508e-01 	2.677975e-03 	2.677975e-03 	
4.100000e+00 	1.000000e-01 	1.000000e-01 	5.076030e-01 	2.073607e-03 	2.073607e-03 	
4.300000e+00 	1.000000e-01 	1.000000e-01 	3.386040e-01 	1.810664e-03 	1.810664e-03 	
4.500000e+00 	1.000000e-01 	1.000000e-01 	2.196238e-01 	1.491835e-03 	1.491835e-03 	
4.700000e+00 	1.000000e-01 	1.000000e-01 	1.397914e-01 	1.278879e-03 	1.278879e-03 	
4.900000e+00 	1.000000e-01 	1.000000e-01 	8.527785e-02 	1.021686e-03 	1.021686e-03 	
5.100000e+00 	1.000000e-01 	1.000000e-01 	4.787895e-02 	7.930336e-04 	7.930336e-04 	
5.300000e+00 	1.000000e-01 	1.000000e-01 	2.388877e-02 	5.889149e-04 	5.889149e-04 	
5.500000e+00 	1.000000e-01 	1.000000e-01 	1.092110e-02 	4.028927e-04 	4.028927e-04 	
5.700000e+00 	1.000000e-01 	1.000000e-01 	3.192063e-03 	2.193658e-04 	2.193658e-04 	
5.900000e+00 	1.000000e-01 	1.000000e-01 	5.781408e-04 	8.740332e-05 	8.740332e-05 	
END SCATTER2D

BEGIN SCATTER2D /COMETA_ZZ_production_analysis/cthep
Path=/COMETA_ZZ_production_analysis/cthep
ScaledBy=1.07558558490647269e-05
Title=~
# val1       	err1-        	err1+        	val2         	err2-        	err2+        	
-9.750000e-01	2.500000e-02 	2.500000e-02 	7.008739e+00 	1.436709e-02 	1.436709e-02 	
-9.250000e-01	2.500000e-02 	2.500000e-02 	7.049383e+00 	1.431134e-02 	1.431134e-02 	
-8.750000e-01	2.500000e-02 	2.500000e-02 	6.768081e+00 	1.386606e-02 	1.386606e-02 	
-8.250000e-01	2.500000e-02 	2.500000e-02 	6.452885e+00 	1.334556e-02 	1.334556e-02 	
-7.750000e-01	2.500000e-02 	2.500000e-02 	6.186439e+00 	1.298326e-02 	1.298326e-02 	
-7.250000e-01	2.500000e-02 	2.500000e-02 	5.898754e+00 	1.260444e-02 	1.260444e-02 	
-6.750000e-01	2.500000e-02 	2.500000e-02 	5.640886e+00 	1.220837e-02 	1.220837e-02 	
-6.250000e-01	2.500000e-02 	2.500000e-02 	5.395438e+00 	1.187944e-02 	1.187944e-02 	
-5.750000e-01	2.500000e-02 	2.500000e-02 	5.166998e+00 	1.151986e-02 	1.151986e-02 	
-5.250000e-01	2.500000e-02 	2.500000e-02 	4.967842e+00 	1.117488e-02 	1.117488e-02 	
-4.750000e-01	2.500000e-02 	2.500000e-02 	4.760192e+00 	1.107157e-02 	1.107157e-02 	
-4.250000e-01	2.500000e-02 	2.500000e-02 	4.617715e+00 	1.090853e-02 	1.090853e-02 	
-3.750000e-01	2.500000e-02 	2.500000e-02 	4.451322e+00 	1.042957e-02 	1.042957e-02 	
-3.250000e-01	2.500000e-02 	2.500000e-02 	4.321350e+00 	1.014595e-02 	1.014595e-02 	
-2.750000e-01	2.500000e-02 	2.500000e-02 	4.208687e+00 	9.977572e-03 	9.977572e-03 	
-2.250000e-01	2.500000e-02 	2.500000e-02 	4.102169e+00 	9.831355e-03 	9.831355e-03 	
-1.750000e-01	2.500000e-02 	2.500000e-02 	4.043844e+00 	9.773554e-03 	9.773554e-03 	
-1.250000e-01	2.500000e-02 	2.500000e-02 	3.985281e+00 	9.649736e-03 	9.649736e-03 	
-7.500000e-02	2.500000e-02 	2.500000e-02 	3.957728e+00 	9.607024e-03 	9.607024e-03 	
-2.500000e-02	2.500000e-02 	2.500000e-02 	3.936139e+00 	1.022388e-02 	1.022388e-02 	
2.500000e-02 	2.500000e-02 	2.500000e-02 	3.939818e+00 	1.021332e-02 	1.021332e-02 	
7.500000e-02 	2.500000e-02 	2.500000e-02 	3.972797e+00 	1.098874e-02 	1.098874e-02 	
1.250000e-01 	2.500000e-02 	2.500000e-02 	4.003365e+00 	9.711767e-03 	9.711767e-03 	
1.750000e-01 	2.500000e-02 	2.500000e-02 	4.047091e+00 	9.785878e-03 	9.785878e-03 	
2.250000e-01 	2.500000e-02 	2.500000e-02 	4.128503e+00 	9.914105e-03 	9.914105e-03 	
2.750000e-01 	2.500000e-02 	2.500000e-02 	4.227741e+00 	1.004661e-02 	1.004661e-02 	
3.250000e-01 	2.500000e-02 	2.500000e-02 	4.334043e+00 	1.025066e-02 	1.025066e-02 	
3.750000e-01 	2.500000e-02 	2.500000e-02 	4.474367e+00 	1.053859e-02 	1.053859e-02 	
4.250000e-01 	2.500000e-02 	2.500000e-02 	4.621938e+00 	1.073155e-02 	1.073155e-02 	
4.750000e-01 	2.500000e-02 	2.500000e-02 	4.802125e+00 	1.109534e-02 	1.109534e-02 	
5.250000e-01 	2.500000e-02 	2.500000e-02 	4.943699e+00 	1.120209e-02 	1.120209e-02 	
5.750000e-01 	2.500000e-02 	2.500000e-02 	5.168204e+00 	1.159037e-02 	1.159037e-02 	
6.250000e-01 	2.500000e-02 	2.500000e-02 	5.385983e+00 	1.187250e-02 	1.187250e-02 	
6.750000e-01 	2.500000e-02 	2.500000e-02 	5.650646e+00 	1.231204e-02 	1.231204e-02 	
7.250000e-01 	2.500000e-02 	2.500000e-02 	5.900725e+00 	1.261860e-02 	1.261860e-02 	
7.750000e-01 	2.500000e-02 	2.500000e-02 	6.168811e+00 	1.308036e-02 	1.308036e-02 	
8.250000e-01 	2.500000e-02 	2.500000e-02 	6.460677e+00 	1.362398e-02 	1.362398e-02 	
8.750000e-01 	2.500000e-02 	2.500000e-02 	6.706785e+00 	1.398038e-02 	1.398038e-02 	
9.250000e-01 	2.500000e-02 	2.500000e-02 	6.993992e+00 	1.426307e-02 	1.426307e-02 	
9.750000e-01 	2.500000e-02 	2.500000e-02 	6.937199e+00 	1.433201e-02 	1.433201e-02 	
END SCATTER2D

BEGIN SCATTER2D /COMETA_ZZ_production_analysis/cthmm
Path=/COMETA_ZZ_production_analysis/cthmm
ScaledBy=1.07558558490647269e-05
Title=~
# val1       	err1-        	err1+        	val2         	err2-        	err2+        	
-9.750000e-01	2.500000e-02 	2.500000e-02 	7.253912e+00 	1.452924e-02 	1.452924e-02 	
-9.250000e-01	2.500000e-02 	2.500000e-02 	7.047208e+00 	1.427241e-02 	1.427241e-02 	
-8.750000e-01	2.500000e-02 	2.500000e-02 	6.745300e+00 	1.404835e-02 	1.404835e-02 	
-8.250000e-01	2.500000e-02 	2.500000e-02 	6.440511e+00 	1.337415e-02 	1.337415e-02 	
-7.750000e-01	2.500000e-02 	2.500000e-02 	6.144394e+00 	1.293342e-02 	1.293342e-02 	
-7.250000e-01	2.500000e-02 	2.500000e-02 	5.847402e+00 	1.273131e-02 	1.273131e-02 	
-6.750000e-01	2.500000e-02 	2.500000e-02 	5.572612e+00 	1.224949e-02 	1.224949e-02 	
-6.250000e-01	2.500000e-02 	2.500000e-02 	5.318883e+00 	1.172440e-02 	1.172440e-02 	
-5.750000e-01	2.500000e-02 	2.500000e-02 	5.103622e+00 	1.141987e-02 	1.141987e-02 	
-5.250000e-01	2.500000e-02 	2.500000e-02 	4.889006e+00 	1.110495e-02 	1.110495e-02 	
-4.750000e-01	2.500000e-02 	2.500000e-02 	4.714871e+00 	1.089459e-02 	1.089459e-02 	
-4.250000e-01	2.500000e-02 	2.500000e-02 	4.543071e+00 	1.058570e-02 	1.058570e-02 	
-3.750000e-01	2.500000e-02 	2.500000e-02 	4.397160e+00 	1.034667e-02 	1.034667e-02 	
-3.250000e-01	2.500000e-02 	2.500000e-02 	4.266695e+00 	1.007426e-02 	1.007426e-02 	
-2.750000e-01	2.500000e-02 	2.500000e-02 	4.156259e+00 	1.002478e-02 	1.002478e-02 	
-2.250000e-01	2.500000e-02 	2.500000e-02 	4.079423e+00 	9.807334e-03 	9.807334e-03 	
-1.750000e-01	2.500000e-02 	2.500000e-02 	4.005500e+00 	9.664961e-03 	9.664961e-03 	
-1.250000e-01	2.500000e-02 	2.500000e-02 	3.938398e+00 	9.625504e-03 	9.625504e-03 	
-7.500000e-02	2.500000e-02 	2.500000e-02 	3.906541e+00 	9.778948e-03 	9.778948e-03 	
-2.500000e-02	2.500000e-02 	2.500000e-02 	3.912830e+00 	9.630616e-03 	9.630616e-03 	
2.500000e-02 	2.500000e-02 	2.500000e-02 	3.903788e+00 	9.590929e-03 	9.590929e-03 	
7.500000e-02 	2.500000e-02 	2.500000e-02 	3.906012e+00 	9.509315e-03 	9.509315e-03 	
1.250000e-01 	2.500000e-02 	2.500000e-02 	3.968615e+00 	9.626567e-03 	9.626567e-03 	
1.750000e-01 	2.500000e-02 	2.500000e-02 	4.018663e+00 	9.768068e-03 	9.768068e-03 	
2.250000e-01 	2.500000e-02 	2.500000e-02 	4.086821e+00 	9.878008e-03 	9.878008e-03 	
2.750000e-01 	2.500000e-02 	2.500000e-02 	4.187457e+00 	1.003134e-02 	1.003134e-02 	
3.250000e-01 	2.500000e-02 	2.500000e-02 	4.294601e+00 	1.018347e-02 	1.018347e-02 	
3.750000e-01 	2.500000e-02 	2.500000e-02 	4.442431e+00 	1.099665e-02 	1.099665e-02 	
4.250000e-01 	2.500000e-02 	2.500000e-02 	4.595423e+00 	1.066468e-02 	1.066468e-02 	
4.750000e-01 	2.500000e-02 	2.500000e-02 	4.766011e+00 	1.109936e-02 	1.109936e-02 	
5.250000e-01 	2.500000e-02 	2.500000e-02 	4.954340e+00 	1.123346e-02 	1.123346e-02 	
5.750000e-01 	2.500000e-02 	2.500000e-02 	5.184187e+00 	1.152885e-02 	1.152885e-02 	
6.250000e-01 	2.500000e-02 	2.500000e-02 	5.414649e+00 	1.301653e-02 	1.301653e-02 	
6.750000e-01 	2.500000e-02 	2.500000e-02 	5.668076e+00 	1.228492e-02 	1.228492e-02 	
7.250000e-01 	2.500000e-02 	2.500000e-02 	5.938423e+00 	1.269482e-02 	1.269482e-02 	
7.750000e-01 	2.500000e-02 	2.500000e-02 	6.223273e+00 	1.307536e-02 	1.307536e-02 	
8.250000e-01 	2.500000e-02 	2.500000e-02 	6.510575e+00 	1.397666e-02 	1.397666e-02 	
8.750000e-01 	2.500000e-02 	2.500000e-02 	6.887767e+00 	1.399397e-02 	1.399397e-02 	
9.250000e-01 	2.500000e-02 	2.500000e-02 	7.165169e+00 	1.442651e-02 	1.442651e-02 	
9.750000e-01 	2.500000e-02 	2.500000e-02 	7.388501e+00 	1.483045e-02 	1.483045e-02 	
END SCATTER2D

BEGIN SCATTER2D /COMETA_ZZ_production_analysis/cscatt
Path=/COMETA_ZZ_production_analysis/cscatt
ScaledBy=1.07558558490647269e-05
Title=~
# val1       	err1-        	err1+        	val2         	err2-        	err2+        	
1.250000e-02 	1.250000e-02 	1.250000e-02 	7.347781e+00 	1.868299e-02 	1.868299e-02 	
3.750000e-02 	1.250000e-02 	1.250000e-02 	7.378028e+00 	1.864336e-02 	1.864336e-02 	
6.250000e-02 	1.250000e-02 	1.250000e-02 	7.436683e+00 	1.874974e-02 	1.874974e-02 	
8.750000e-02 	1.250000e-02 	1.250000e-02 	7.424400e+00 	1.878422e-02 	1.878422e-02 	
1.125000e-01 	1.250000e-02 	1.250000e-02 	7.463934e+00 	1.878279e-02 	1.878279e-02 	
1.375000e-01 	1.250000e-02 	1.250000e-02 	7.536752e+00 	1.891087e-02 	1.891087e-02 	
1.625000e-01 	1.250000e-02 	1.250000e-02 	7.594931e+00 	1.900408e-02 	1.900408e-02 	
1.875000e-01 	1.250000e-02 	1.250000e-02 	7.634193e+00 	1.902739e-02 	1.902739e-02 	
2.125000e-01 	1.250000e-02 	1.250000e-02 	7.720353e+00 	1.965060e-02 	1.965060e-02 	
2.375000e-01 	1.250000e-02 	1.250000e-02 	7.829784e+00 	1.941518e-02 	1.941518e-02 	
2.625000e-01 	1.250000e-02 	1.250000e-02 	7.906952e+00 	1.952303e-02 	1.952303e-02 	
2.875000e-01 	1.250000e-02 	1.250000e-02 	8.018420e+00 	1.977532e-02 	1.977532e-02 	
3.125000e-01 	1.250000e-02 	1.250000e-02 	8.162600e+00 	1.995735e-02 	1.995735e-02 	
3.375000e-01 	1.250000e-02 	1.250000e-02 	8.297020e+00 	2.003981e-02 	2.003981e-02 	
3.625000e-01 	1.250000e-02 	1.250000e-02 	8.412643e+00 	2.026386e-02 	2.026386e-02 	
3.875000e-01 	1.250000e-02 	1.250000e-02 	8.578137e+00 	2.049966e-02 	2.049966e-02 	
4.125000e-01 	1.250000e-02 	1.250000e-02 	8.768995e+00 	2.076479e-02 	2.076479e-02 	
4.375000e-01 	1.250000e-02 	1.250000e-02 	8.962861e+00 	2.119732e-02 	2.119732e-02 	
4.625000e-01 	1.250000e-02 	1.250000e-02 	9.135727e+00 	2.132084e-02 	2.132084e-02 	
4.875000e-01 	1.250000e-02 	1.250000e-02 	9.244746e+00 	2.143966e-02 	2.143966e-02 	
5.125000e-01 	1.250000e-02 	1.250000e-02 	9.552372e+00 	2.196155e-02 	2.196155e-02 	
5.375000e-01 	1.250000e-02 	1.250000e-02 	9.798781e+00 	2.222173e-02 	2.222173e-02 	
5.625000e-01 	1.250000e-02 	1.250000e-02 	1.002838e+01 	2.485274e-02 	2.485274e-02 	
5.875000e-01 	1.250000e-02 	1.250000e-02 	1.023933e+01 	2.289352e-02 	2.289352e-02 	
6.125000e-01 	1.250000e-02 	1.250000e-02 	1.054280e+01 	2.371703e-02 	2.371703e-02 	
6.375000e-01 	1.250000e-02 	1.250000e-02 	1.082017e+01 	2.376251e-02 	2.376251e-02 	
6.625000e-01 	1.250000e-02 	1.250000e-02 	1.111393e+01 	2.386386e-02 	2.386386e-02 	
6.875000e-01 	1.250000e-02 	1.250000e-02 	1.144599e+01 	2.439073e-02 	2.439073e-02 	
7.125000e-01 	1.250000e-02 	1.250000e-02 	1.179721e+01 	2.476377e-02 	2.476377e-02 	
7.375000e-01 	1.250000e-02 	1.250000e-02 	1.215118e+01 	2.526793e-02 	2.526793e-02 	
7.625000e-01 	1.250000e-02 	1.250000e-02 	1.245849e+01 	2.652938e-02 	2.652938e-02 	
7.875000e-01 	1.250000e-02 	1.250000e-02 	1.295319e+01 	2.629920e-02 	2.629920e-02 	
8.125000e-01 	1.250000e-02 	1.250000e-02 	1.325568e+01 	2.671791e-02 	2.671791e-02 	
8.375000e-01 	1.250000e-02 	1.250000e-02 	1.371014e+01 	2.784423e-02 	2.784423e-02 	
8.625000e-01 	1.250000e-02 	1.250000e-02 	1.424562e+01 	2.772272e-02 	2.772272e-02 	
8.875000e-01 	1.250000e-02 	1.250000e-02 	1.467274e+01 	2.833684e-02 	2.833684e-02 	
9.125000e-01 	1.250000e-02 	1.250000e-02 	1.519608e+01 	2.940220e-02 	2.940220e-02 	
9.375000e-01 	1.250000e-02 	1.250000e-02 	1.559936e+01 	2.978056e-02 	2.978056e-02 	
9.625000e-01 	1.250000e-02 	1.250000e-02 	1.591826e+01 	3.182808e-02 	3.182808e-02 	
9.875000e-01 	1.250000e-02 	1.250000e-02 	1.522212e+01 	3.248682e-02 	3.248682e-02 	
END SCATTER2D

BEGIN SCATTER2D /COMETA_ZZ_production_analysis/cosee
Path=/COMETA_ZZ_production_analysis/cosee
ScaledBy=1.07558558490647269e-05
Title=~
# val1       	err1-        	err1+        	val2         	err2-        	err2+        	
-9.750000e-01	2.500000e-02 	2.500000e-02 	3.655910e+00 	9.419413e-03 	9.419413e-03 	
-9.250000e-01	2.500000e-02 	2.500000e-02 	3.854272e+00 	9.731581e-03 	9.731581e-03 	
-8.750000e-01	2.500000e-02 	2.500000e-02 	4.024265e+00 	1.008461e-02 	1.008461e-02 	
-8.250000e-01	2.500000e-02 	2.500000e-02 	4.139100e+00 	1.041206e-02 	1.041206e-02 	
-7.750000e-01	2.500000e-02 	2.500000e-02 	4.226571e+00 	1.050848e-02 	1.050848e-02 	
-7.250000e-01	2.500000e-02 	2.500000e-02 	4.283808e+00 	1.069206e-02 	1.069206e-02 	
-6.750000e-01	2.500000e-02 	2.500000e-02 	4.343065e+00 	1.080477e-02 	1.080477e-02 	
-6.250000e-01	2.500000e-02 	2.500000e-02 	4.374816e+00 	1.086091e-02 	1.086091e-02 	
-5.750000e-01	2.500000e-02 	2.500000e-02 	4.389182e+00 	1.086962e-02 	1.086962e-02 	
-5.250000e-01	2.500000e-02 	2.500000e-02 	4.398631e+00 	1.091422e-02 	1.091422e-02 	
-4.750000e-01	2.500000e-02 	2.500000e-02 	4.432856e+00 	1.115382e-02 	1.115382e-02 	
-4.250000e-01	2.500000e-02 	2.500000e-02 	4.446123e+00 	1.092388e-02 	1.092388e-02 	
-3.750000e-01	2.500000e-02 	2.500000e-02 	4.461736e+00 	1.092467e-02 	1.092467e-02 	
-3.250000e-01	2.500000e-02 	2.500000e-02 	4.472583e+00 	1.087636e-02 	1.087636e-02 	
-2.750000e-01	2.500000e-02 	2.500000e-02 	4.472496e+00 	1.106879e-02 	1.106879e-02 	
-2.250000e-01	2.500000e-02 	2.500000e-02 	4.502607e+00 	1.092282e-02 	1.092282e-02 	
-1.750000e-01	2.500000e-02 	2.500000e-02 	4.514519e+00 	1.089117e-02 	1.089117e-02 	
-1.250000e-01	2.500000e-02 	2.500000e-02 	4.571411e+00 	1.103612e-02 	1.103612e-02 	
-7.500000e-02	2.500000e-02 	2.500000e-02 	4.594893e+00 	1.100801e-02 	1.100801e-02 	
-2.500000e-02	2.500000e-02 	2.500000e-02 	4.654113e+00 	1.101681e-02 	1.101681e-02 	
2.500000e-02 	2.500000e-02 	2.500000e-02 	4.702668e+00 	1.123741e-02 	1.123741e-02 	
7.500000e-02 	2.500000e-02 	2.500000e-02 	4.773436e+00 	1.110548e-02 	1.110548e-02 	
1.250000e-01 	2.500000e-02 	2.500000e-02 	4.821988e+00 	1.111585e-02 	1.111585e-02 	
1.750000e-01 	2.500000e-02 	2.500000e-02 	4.918599e+00 	1.124663e-02 	1.124663e-02 	
2.250000e-01 	2.500000e-02 	2.500000e-02 	4.999256e+00 	1.134706e-02 	1.134706e-02 	
2.750000e-01 	2.500000e-02 	2.500000e-02 	5.125510e+00 	1.155130e-02 	1.155130e-02 	
3.250000e-01 	2.500000e-02 	2.500000e-02 	5.252764e+00 	1.156784e-02 	1.156784e-02 	
3.750000e-01 	2.500000e-02 	2.500000e-02 	5.391822e+00 	1.174167e-02 	1.174167e-02 	
4.250000e-01 	2.500000e-02 	2.500000e-02 	5.547797e+00 	1.190283e-02 	1.190283e-02 	
4.750000e-01 	2.500000e-02 	2.500000e-02 	5.751121e+00 	1.364607e-02 	1.364607e-02 	
5.250000e-01 	2.500000e-02 	2.500000e-02 	5.962118e+00 	1.236688e-02 	1.236688e-02 	
5.750000e-01 	2.500000e-02 	2.500000e-02 	6.202896e+00 	1.254392e-02 	1.254392e-02 	
6.250000e-01 	2.500000e-02 	2.500000e-02 	6.514504e+00 	1.292643e-02 	1.292643e-02 	
6.750000e-01 	2.500000e-02 	2.500000e-02 	6.842070e+00 	1.391422e-02 	1.391422e-02 	
7.250000e-01 	2.500000e-02 	2.500000e-02 	7.277086e+00 	1.370168e-02 	1.370168e-02 	
7.750000e-01 	2.500000e-02 	2.500000e-02 	7.738634e+00 	1.422555e-02 	1.422555e-02 	
8.250000e-01 	2.500000e-02 	2.500000e-02 	8.264849e+00 	1.480919e-02 	1.480919e-02 	
8.750000e-01 	2.500000e-02 	2.500000e-02 	8.591983e+00 	1.534431e-02 	1.534431e-02 	
9.250000e-01 	2.500000e-02 	2.500000e-02 	7.453206e+00 	1.415765e-02 	1.415765e-02 	
9.750000e-01 	2.500000e-02 	2.500000e-02 	2.843117e+00 	7.680282e-03 	7.680282e-03 	
END SCATTER2D

BEGIN SCATTER2D /COMETA_ZZ_production_analysis/cospp
Path=/COMETA_ZZ_production_analysis/cospp
ScaledBy=1.07558558490647269e-05
Title=~
# val1       	err1-        	err1+        	val2         	err2-        	err2+        	
-9.750000e-01	2.500000e-02 	2.500000e-02 	6.151351e+00 	1.360290e-02 	1.360290e-02 	
-9.250000e-01	2.500000e-02 	2.500000e-02 	5.570367e+00 	1.298055e-02 	1.298055e-02 	
-8.750000e-01	2.500000e-02 	2.500000e-02 	5.219284e+00 	1.267973e-02 	1.267973e-02 	
-8.250000e-01	2.500000e-02 	2.500000e-02 	4.954103e+00 	1.161701e-02 	1.161701e-02 	
-7.750000e-01	2.500000e-02 	2.500000e-02 	4.747845e+00 	1.126719e-02 	1.126719e-02 	
-7.250000e-01	2.500000e-02 	2.500000e-02 	4.578153e+00 	1.102840e-02 	1.102840e-02 	
-6.750000e-01	2.500000e-02 	2.500000e-02 	4.465038e+00 	1.083182e-02 	1.083182e-02 	
-6.250000e-01	2.500000e-02 	2.500000e-02 	4.368124e+00 	1.062244e-02 	1.062244e-02 	
-5.750000e-01	2.500000e-02 	2.500000e-02 	4.278870e+00 	1.049188e-02 	1.049188e-02 	
-5.250000e-01	2.500000e-02 	2.500000e-02 	4.218863e+00 	1.040869e-02 	1.040869e-02 	
-4.750000e-01	2.500000e-02 	2.500000e-02 	4.174760e+00 	1.030367e-02 	1.030367e-02 	
-4.250000e-01	2.500000e-02 	2.500000e-02 	4.148049e+00 	1.020807e-02 	1.020807e-02 	
-3.750000e-01	2.500000e-02 	2.500000e-02 	4.098086e+00 	1.014104e-02 	1.014104e-02 	
-3.250000e-01	2.500000e-02 	2.500000e-02 	4.070831e+00 	1.009771e-02 	1.009771e-02 	
-2.750000e-01	2.500000e-02 	2.500000e-02 	4.057099e+00 	1.005471e-02 	1.005471e-02 	
-2.250000e-01	2.500000e-02 	2.500000e-02 	4.061966e+00 	1.007307e-02 	1.007307e-02 	
-1.750000e-01	2.500000e-02 	2.500000e-02 	4.083755e+00 	1.009041e-02 	1.009041e-02 	
-1.250000e-01	2.500000e-02 	2.500000e-02 	4.080000e+00 	1.009307e-02 	1.009307e-02 	
-7.500000e-02	2.500000e-02 	2.500000e-02 	4.111839e+00 	1.013672e-02 	1.013672e-02 	
-2.500000e-02	2.500000e-02 	2.500000e-02 	4.126327e+00 	1.014943e-02 	1.014943e-02 	
2.500000e-02 	2.500000e-02 	2.500000e-02 	4.168109e+00 	1.011972e-02 	1.011972e-02 	
7.500000e-02 	2.500000e-02 	2.500000e-02 	4.243949e+00 	1.024391e-02 	1.024391e-02 	
1.250000e-01 	2.500000e-02 	2.500000e-02 	4.293517e+00 	1.092286e-02 	1.092286e-02 	
1.750000e-01 	2.500000e-02 	2.500000e-02 	4.360457e+00 	1.037222e-02 	1.037222e-02 	
2.250000e-01 	2.500000e-02 	2.500000e-02 	4.451578e+00 	1.057735e-02 	1.057735e-02 	
2.750000e-01 	2.500000e-02 	2.500000e-02 	4.557822e+00 	1.074761e-02 	1.074761e-02 	
3.250000e-01 	2.500000e-02 	2.500000e-02 	4.659895e+00 	1.087731e-02 	1.087731e-02 	
3.750000e-01 	2.500000e-02 	2.500000e-02 	4.792396e+00 	1.094533e-02 	1.094533e-02 	
4.250000e-01 	2.500000e-02 	2.500000e-02 	4.955686e+00 	1.117305e-02 	1.117305e-02 	
4.750000e-01 	2.500000e-02 	2.500000e-02 	5.128509e+00 	1.138102e-02 	1.138102e-02 	
5.250000e-01 	2.500000e-02 	2.500000e-02 	5.312207e+00 	1.158494e-02 	1.158494e-02 	
5.750000e-01 	2.500000e-02 	2.500000e-02 	5.565636e+00 	1.183052e-02 	1.183052e-02 	
6.250000e-01 	2.500000e-02 	2.500000e-02 	5.815737e+00 	1.215358e-02 	1.215358e-02 	
6.750000e-01 	2.500000e-02 	2.500000e-02 	6.144621e+00 	1.372169e-02 	1.372169e-02 	
7.250000e-01 	2.500000e-02 	2.500000e-02 	6.566647e+00 	1.300711e-02 	1.300711e-02 	
7.750000e-01 	2.500000e-02 	2.500000e-02 	7.033496e+00 	1.349012e-02 	1.349012e-02 	
8.250000e-01 	2.500000e-02 	2.500000e-02 	7.634762e+00 	1.422114e-02 	1.422114e-02 	
8.750000e-01 	2.500000e-02 	2.500000e-02 	8.339890e+00 	1.495315e-02 	1.495315e-02 	
9.250000e-01 	2.500000e-02 	2.500000e-02 	8.998323e+00 	1.586467e-02 	1.586467e-02 	
9.750000e-01 	2.500000e-02 	2.500000e-02 	9.200434e+00 	1.632610e-02 	1.632610e-02 	
END SCATTER2D

BEGIN SCATTER2D /COMETA_ZZ_production_analysis/cp1dmap_ZZ
Path=/COMETA_ZZ_production_analysis/cp1dmap_ZZ
ScaledBy=1.07558558490647269e-05
Title=~
# val1       	err1-        	err1+        	val2         	err2-        	err2+        	
5.000000e-01 	5.000000e-01 	5.000000e-01 	1.115688e-01 	4.165305e-04 	4.165305e-04 	
1.500000e+00 	5.000000e-01 	5.000000e-01 	1.221385e-01 	4.282311e-04 	4.282311e-04 	
2.500000e+00 	5.000000e-01 	5.000000e-01 	1.890025e-01 	5.229431e-04 	5.229431e-04 	
3.500000e+00 	5.000000e-01 	5.000000e-01 	2.732954e-01 	6.191521e-04 	6.191521e-04 	
4.500000e+00 	5.000000e-01 	5.000000e-01 	3.868175e-01 	7.210190e-04 	7.210190e-04 	
5.500000e+00 	5.000000e-01 	5.000000e-01 	5.458119e-01 	8.398423e-04 	8.398423e-04 	
6.500000e+00 	5.000000e-01 	5.000000e-01 	8.599336e-01 	1.030663e-03 	1.030663e-03 	
7.500000e+00 	5.000000e-01 	5.000000e-01 	8.589211e-01 	1.052926e-03 	1.052926e-03 	
8.500000e+00 	5.000000e-01 	5.000000e-01 	5.434773e-01 	8.339187e-04 	8.339187e-04 	
9.500000e+00 	5.000000e-01 	5.000000e-01 	3.842466e-01 	7.049053e-04 	7.049053e-04 	
1.050000e+01 	5.000000e-01 	5.000000e-01 	2.710565e-01 	6.043509e-04 	6.043509e-04 	
1.150000e+01 	5.000000e-01 	5.000000e-01 	1.852493e-01 	5.138702e-04 	5.138702e-04 	
1.250000e+01 	5.000000e-01 	5.000000e-01 	1.200339e-01 	4.118894e-04 	4.118894e-04 	
1.350000e+01 	5.000000e-01 	5.000000e-01 	1.108063e-01 	4.093954e-04 	4.093954e-04 	
1.450000e+01 	5.000000e-01 	5.000000e-01 	1.831779e-01 	4.589844e-04 	4.589844e-04 	
1.550000e+01 	5.000000e-01 	5.000000e-01 	1.832769e-01 	4.530575e-04 	4.530575e-04 	
1.650000e+01 	5.000000e-01 	5.000000e-01 	1.108364e-01 	4.063651e-04 	4.063651e-04 	
1.750000e+01 	5.000000e-01 	5.000000e-01 	1.203332e-01 	4.134951e-04 	4.134951e-04 	
1.850000e+01 	5.000000e-01 	5.000000e-01 	1.858737e-01 	5.055873e-04 	5.055873e-04 	
1.950000e+01 	5.000000e-01 	5.000000e-01 	2.706822e-01 	6.034119e-04 	6.034119e-04 	
2.050000e+01 	5.000000e-01 	5.000000e-01 	3.833714e-01 	7.080638e-04 	7.080638e-04 	
2.150000e+01 	5.000000e-01 	5.000000e-01 	5.425893e-01 	8.260294e-04 	8.260294e-04 	
2.250000e+01 	5.000000e-01 	5.000000e-01 	8.582167e-01 	1.072541e-03 	1.072541e-03 	
2.350000e+01 	5.000000e-01 	5.000000e-01 	8.603183e-01 	1.033126e-03 	1.033126e-03 	
2.450000e+01 	5.000000e-01 	5.000000e-01 	5.447700e-01 	8.379869e-04 	8.379869e-04 	
2.550000e+01 	5.000000e-01 	5.000000e-01 	3.869041e-01 	7.252083e-04 	7.252083e-04 	
2.650000e+01 	5.000000e-01 	5.000000e-01 	2.755129e-01 	6.206604e-04 	6.206604e-04 	
2.750000e+01 	5.000000e-01 	5.000000e-01 	1.882943e-01 	5.232098e-04 	5.232098e-04 	
2.850000e+01 	5.000000e-01 	5.000000e-01 	1.210811e-01 	4.235849e-04 	4.235849e-04 	
2.950000e+01 	5.000000e-01 	5.000000e-01 	1.118216e-01 	4.176660e-04 	4.176660e-04 	
END SCATTER2D

