BEGIN SCATTER2D /COMETA_ZZ_production_analysis/totxsec
Path=/COMETA_ZZ_production_analysis/totxsec
ScaledBy=1.07993445161953701e-05
Title=~
# val1       	err1-        	err1+        	val2         	err2-        	err2+        	
5.000000e-01 	5.000000e-01 	5.000000e-01 	9.266106e-01 	5.470119e-04 	5.470119e-04 	
END SCATTER2D

BEGIN SCATTER2D /COMETA_ZZ_production_analysis/m4l
Path=/COMETA_ZZ_production_analysis/m4l
ScaledBy=1.07993445161953701e-05
Title=~
# val1       	err1-        	err1+        	val2         	err2-        	err2+        	
1.000000e+01 	1.000000e+01 	1.000000e+01 	0.000000e+00 	0.000000e+00 	0.000000e+00 	
3.000000e+01 	1.000000e+01 	1.000000e+01 	0.000000e+00 	0.000000e+00 	0.000000e+00 	
5.000000e+01 	1.000000e+01 	1.000000e+01 	0.000000e+00 	0.000000e+00 	0.000000e+00 	
7.000000e+01 	1.000000e+01 	1.000000e+01 	0.000000e+00 	0.000000e+00 	0.000000e+00 	
9.000000e+01 	1.000000e+01 	1.000000e+01 	0.000000e+00 	0.000000e+00 	0.000000e+00 	
1.100000e+02 	1.000000e+01 	1.000000e+01 	0.000000e+00 	0.000000e+00 	0.000000e+00 	
1.300000e+02 	1.000000e+01 	1.000000e+01 	0.000000e+00 	0.000000e+00 	0.000000e+00 	
1.500000e+02 	1.000000e+01 	1.000000e+01 	0.000000e+00 	0.000000e+00 	0.000000e+00 	
1.700000e+02 	1.000000e+01 	1.000000e+01 	0.000000e+00 	0.000000e+00 	0.000000e+00 	
1.900000e+02 	1.000000e+01 	1.000000e+01 	1.379341e-02 	1.707775e-05 	1.707775e-05 	
2.100000e+02 	1.000000e+01 	1.000000e+01 	1.328129e-02 	1.507824e-05 	1.507824e-05 	
2.300000e+02 	1.000000e+01 	1.000000e+01 	7.774196e-03 	1.062655e-05 	1.062655e-05 	
2.500000e+02 	1.000000e+01 	1.000000e+01 	4.452958e-03 	7.384846e-06 	7.384846e-06 	
2.700000e+02 	1.000000e+01 	1.000000e+01 	2.610912e-03 	5.280800e-06 	5.280800e-06 	
2.900000e+02 	1.000000e+01 	1.000000e+01 	1.567519e-03 	3.822131e-06 	3.822131e-06 	
3.100000e+02 	1.000000e+01 	1.000000e+01 	9.676430e-04 	2.759910e-06 	2.759910e-06 	
3.300000e+02 	1.000000e+01 	1.000000e+01 	6.123836e-04 	2.065491e-06 	2.065491e-06 	
3.500000e+02 	1.000000e+01 	1.000000e+01 	3.980031e-04 	1.624488e-06 	1.624488e-06 	
3.700000e+02 	1.000000e+01 	1.000000e+01 	2.624334e-04 	1.268842e-06 	1.268842e-06 	
3.900000e+02 	1.000000e+01 	1.000000e+01 	1.770324e-04 	9.750681e-07 	9.750681e-07 	
4.100000e+02 	1.000000e+01 	1.000000e+01 	1.211387e-04 	7.816849e-07 	7.816849e-07 	
4.300000e+02 	1.000000e+01 	1.000000e+01 	8.439427e-05 	6.404456e-07 	6.404456e-07 	
4.500000e+02 	1.000000e+01 	1.000000e+01 	5.949713e-05 	5.458583e-07 	5.458583e-07 	
4.700000e+02 	1.000000e+01 	1.000000e+01 	4.322060e-05 	4.753719e-07 	4.753719e-07 	
4.900000e+02 	1.000000e+01 	1.000000e+01 	3.112529e-05 	3.669223e-07 	3.669223e-07 	
5.100000e+02 	1.000000e+01 	1.000000e+01 	2.228678e-05 	2.846402e-07 	2.846402e-07 	
5.300000e+02 	1.000000e+01 	1.000000e+01 	1.720824e-05 	2.745046e-07 	2.745046e-07 	
5.500000e+02 	1.000000e+01 	1.000000e+01 	1.274274e-05 	2.361677e-07 	2.361677e-07 	
5.700000e+02 	1.000000e+01 	1.000000e+01 	9.222985e-06 	1.729933e-07 	1.729933e-07 	
5.900000e+02 	1.000000e+01 	1.000000e+01 	6.913233e-06 	1.596273e-07 	1.596273e-07 	
6.100000e+02 	1.000000e+01 	1.000000e+01 	5.463313e-06 	1.407617e-07 	1.407617e-07 	
6.300000e+02 	1.000000e+01 	1.000000e+01 	3.980619e-06 	9.747726e-08 	9.747726e-08 	
6.500000e+02 	1.000000e+01 	1.000000e+01 	3.417166e-06 	1.177375e-07 	1.177375e-07 	
6.700000e+02 	1.000000e+01 	1.000000e+01 	2.456433e-06 	7.688616e-08 	7.688616e-08 	
6.900000e+02 	1.000000e+01 	1.000000e+01 	1.851740e-06 	6.832624e-08 	6.832624e-08 	
7.100000e+02 	1.000000e+01 	1.000000e+01 	1.576414e-06 	6.410636e-08 	6.410636e-08 	
7.300000e+02 	1.000000e+01 	1.000000e+01 	1.187704e-06 	4.233600e-08 	4.233600e-08 	
7.500000e+02 	1.000000e+01 	1.000000e+01 	9.755149e-07 	3.992968e-08 	3.992968e-08 	
7.700000e+02 	1.000000e+01 	1.000000e+01 	8.127197e-07 	4.243186e-08 	4.243186e-08 	
7.900000e+02 	1.000000e+01 	1.000000e+01 	5.827357e-07 	2.578007e-08 	2.578007e-08 	
8.100000e+02 	1.000000e+01 	1.000000e+01 	4.899141e-07 	2.621243e-08 	2.621243e-08 	
8.300000e+02 	1.000000e+01 	1.000000e+01 	4.126342e-07 	2.525083e-08 	2.525083e-08 	
8.500000e+02 	1.000000e+01 	1.000000e+01 	3.115308e-07 	1.586044e-08 	1.586044e-08 	
8.700000e+02 	1.000000e+01 	1.000000e+01 	2.554195e-07 	2.842412e-08 	2.842412e-08 	
8.900000e+02 	1.000000e+01 	1.000000e+01 	2.161586e-07 	1.189517e-08 	1.189517e-08 	
9.100000e+02 	1.000000e+01 	1.000000e+01 	1.707899e-07 	1.812300e-08 	1.812300e-08 	
9.300000e+02 	1.000000e+01 	1.000000e+01 	1.366626e-07 	6.729902e-09 	6.729902e-09 	
9.500000e+02 	1.000000e+01 	1.000000e+01 	1.213378e-07 	8.129405e-09 	8.129405e-09 	
9.700000e+02 	1.000000e+01 	1.000000e+01 	8.934332e-08 	6.336572e-09 	6.336572e-09 	
9.900000e+02 	1.000000e+01 	1.000000e+01 	6.635560e-08 	5.023888e-09 	5.023888e-09 	
1.010000e+03 	1.000000e+01 	1.000000e+01 	6.091925e-08 	2.919977e-09 	2.919977e-09 	
1.030000e+03 	1.000000e+01 	1.000000e+01 	5.269651e-08 	3.482986e-09 	3.482986e-09 	
1.050000e+03 	1.000000e+01 	1.000000e+01 	3.795702e-08 	4.114033e-09 	4.114033e-09 	
1.070000e+03 	1.000000e+01 	1.000000e+01 	3.883715e-08 	3.130008e-09 	3.130008e-09 	
1.090000e+03 	1.000000e+01 	1.000000e+01 	3.501608e-08 	2.898611e-09 	2.898611e-09 	
1.110000e+03 	1.000000e+01 	1.000000e+01 	2.614953e-08 	1.676127e-09 	1.676127e-09 	
1.130000e+03 	1.000000e+01 	1.000000e+01 	2.554360e-08 	1.598035e-09 	1.598035e-09 	
1.150000e+03 	1.000000e+01 	1.000000e+01 	2.520942e-08 	3.888510e-09 	3.888510e-09 	
1.170000e+03 	1.000000e+01 	1.000000e+01 	1.844300e-08 	2.748809e-09 	2.748809e-09 	
1.190000e+03 	1.000000e+01 	1.000000e+01 	1.304467e-08 	6.741528e-10 	6.741528e-10 	
1.210000e+03 	1.000000e+01 	1.000000e+01 	1.153973e-08 	6.170166e-10 	6.170166e-10 	
1.230000e+03 	1.000000e+01 	1.000000e+01 	1.096003e-08 	9.519293e-10 	9.519293e-10 	
1.250000e+03 	1.000000e+01 	1.000000e+01 	8.305222e-09 	4.514795e-10 	4.514795e-10 	
1.270000e+03 	1.000000e+01 	1.000000e+01 	7.141568e-09 	3.530486e-10 	3.530486e-10 	
1.290000e+03 	1.000000e+01 	1.000000e+01 	6.612995e-09 	4.278590e-10 	4.278590e-10 	
1.310000e+03 	1.000000e+01 	1.000000e+01 	5.471904e-09 	2.773745e-10 	2.773745e-10 	
1.330000e+03 	1.000000e+01 	1.000000e+01 	4.569341e-09 	2.349670e-10 	2.349670e-10 	
1.350000e+03 	1.000000e+01 	1.000000e+01 	4.180112e-09 	2.577405e-10 	2.577405e-10 	
1.370000e+03 	1.000000e+01 	1.000000e+01 	4.430614e-09 	3.963269e-10 	3.963269e-10 	
1.390000e+03 	1.000000e+01 	1.000000e+01 	3.724770e-09 	2.995096e-10 	2.995096e-10 	
1.410000e+03 	1.000000e+01 	1.000000e+01 	2.977444e-09 	2.051354e-10 	2.051354e-10 	
1.430000e+03 	1.000000e+01 	1.000000e+01 	2.957472e-09 	3.053414e-10 	3.053414e-10 	
1.450000e+03 	1.000000e+01 	1.000000e+01 	2.105571e-09 	1.242953e-10 	1.242953e-10 	
1.470000e+03 	1.000000e+01 	1.000000e+01 	2.111884e-09 	2.455508e-10 	2.455508e-10 	
1.490000e+03 	1.000000e+01 	1.000000e+01 	1.706498e-09 	1.094025e-10 	1.094025e-10 	
1.510000e+03 	1.000000e+01 	1.000000e+01 	1.978784e-09 	3.350991e-10 	3.350991e-10 	
1.530000e+03 	1.000000e+01 	1.000000e+01 	1.259769e-09 	6.830021e-11 	6.830021e-11 	
1.550000e+03 	1.000000e+01 	1.000000e+01 	1.338300e-09 	1.530920e-10 	1.530920e-10 	
1.570000e+03 	1.000000e+01 	1.000000e+01 	1.280312e-09 	1.505923e-10 	1.505923e-10 	
1.590000e+03 	1.000000e+01 	1.000000e+01 	8.520459e-10 	5.649585e-11 	5.649585e-11 	
1.610000e+03 	1.000000e+01 	1.000000e+01 	7.252890e-10 	4.282053e-11 	4.282053e-11 	
1.630000e+03 	1.000000e+01 	1.000000e+01 	6.914145e-10 	4.136278e-11 	4.136278e-11 	
1.650000e+03 	1.000000e+01 	1.000000e+01 	7.655528e-10 	6.684110e-11 	6.684110e-11 	
1.670000e+03 	1.000000e+01 	1.000000e+01 	6.932667e-10 	7.962183e-11 	7.962183e-11 	
1.690000e+03 	1.000000e+01 	1.000000e+01 	6.701104e-10 	1.151463e-10 	1.151463e-10 	
1.710000e+03 	1.000000e+01 	1.000000e+01 	4.418821e-10 	3.556506e-11 	3.556506e-11 	
1.730000e+03 	1.000000e+01 	1.000000e+01 	4.194294e-10 	2.867554e-11 	2.867554e-11 	
1.750000e+03 	1.000000e+01 	1.000000e+01 	3.443731e-10 	2.247910e-11 	2.247910e-11 	
1.770000e+03 	1.000000e+01 	1.000000e+01 	4.297012e-10 	8.257259e-11 	8.257259e-11 	
1.790000e+03 	1.000000e+01 	1.000000e+01 	2.672556e-10 	1.747357e-11 	1.747357e-11 	
1.810000e+03 	1.000000e+01 	1.000000e+01 	2.463231e-10 	2.180038e-11 	2.180038e-11 	
1.830000e+03 	1.000000e+01 	1.000000e+01 	2.392565e-10 	1.594931e-11 	1.594931e-11 	
1.850000e+03 	1.000000e+01 	1.000000e+01 	2.288744e-10 	3.214694e-11 	3.214694e-11 	
1.870000e+03 	1.000000e+01 	1.000000e+01 	1.874974e-10 	1.654927e-11 	1.654927e-11 	
1.890000e+03 	1.000000e+01 	1.000000e+01 	1.547952e-10 	9.630326e-12 	9.630326e-12 	
1.910000e+03 	1.000000e+01 	1.000000e+01 	1.531059e-10 	1.373716e-11 	1.373716e-11 	
1.930000e+03 	1.000000e+01 	1.000000e+01 	1.444515e-10 	1.574899e-11 	1.574899e-11 	
1.950000e+03 	1.000000e+01 	1.000000e+01 	1.044560e-10 	6.490132e-12 	6.490132e-12 	
1.970000e+03 	1.000000e+01 	1.000000e+01 	1.260167e-10 	1.154807e-11 	1.154807e-11 	
1.990000e+03 	1.000000e+01 	1.000000e+01 	9.566150e-11 	6.398433e-12 	6.398433e-12 	
END SCATTER2D

BEGIN SCATTER2D /COMETA_ZZ_production_analysis/m3l
Path=/COMETA_ZZ_production_analysis/m3l
ScaledBy=1.07993445161953701e-05
Title=~
# val1       	err1-        	err1+        	val2         	err2-        	err2+        	
5.000000e+00 	5.000000e+00 	5.000000e+00 	0.000000e+00 	0.000000e+00 	0.000000e+00 	
1.500000e+01 	5.000000e+00 	5.000000e+00 	0.000000e+00 	0.000000e+00 	0.000000e+00 	
2.500000e+01 	5.000000e+00 	5.000000e+00 	0.000000e+00 	0.000000e+00 	0.000000e+00 	
3.500000e+01 	5.000000e+00 	5.000000e+00 	0.000000e+00 	0.000000e+00 	0.000000e+00 	
4.500000e+01 	5.000000e+00 	5.000000e+00 	0.000000e+00 	0.000000e+00 	0.000000e+00 	
5.500000e+01 	5.000000e+00 	5.000000e+00 	0.000000e+00 	0.000000e+00 	0.000000e+00 	
6.500000e+01 	5.000000e+00 	5.000000e+00 	0.000000e+00 	0.000000e+00 	0.000000e+00 	
7.500000e+01 	5.000000e+00 	5.000000e+00 	0.000000e+00 	0.000000e+00 	0.000000e+00 	
8.500000e+01 	5.000000e+00 	5.000000e+00 	2.076801e-08 	2.215510e-09 	2.215510e-09 	
9.500000e+01 	5.000000e+00 	5.000000e+00 	1.410241e-05 	1.802851e-07 	1.802851e-07 	
1.050000e+02 	5.000000e+00 	5.000000e+00 	5.057847e-04 	1.869698e-06 	1.869698e-06 	
1.150000e+02 	5.000000e+00 	5.000000e+00 	3.808382e-03 	8.180909e-06 	8.180909e-06 	
1.250000e+02 	5.000000e+00 	5.000000e+00 	1.191532e-02 	1.987576e-05 	1.987576e-05 	
1.350000e+02 	5.000000e+00 	5.000000e+00 	1.720212e-02 	2.781929e-05 	2.781929e-05 	
1.450000e+02 	5.000000e+00 	5.000000e+00 	1.484207e-02 	2.368873e-05 	2.368873e-05 	
1.550000e+02 	5.000000e+00 	5.000000e+00 	1.146569e-02 	1.984974e-05 	1.984974e-05 	
1.650000e+02 	5.000000e+00 	5.000000e+00 	8.512234e-03 	1.620818e-05 	1.620818e-05 	
1.750000e+02 	5.000000e+00 	5.000000e+00 	6.252067e-03 	1.322207e-05 	1.322207e-05 	
1.850000e+02 	5.000000e+00 	5.000000e+00 	4.571629e-03 	1.074700e-05 	1.074700e-05 	
1.950000e+02 	5.000000e+00 	5.000000e+00 	3.342749e-03 	8.732273e-06 	8.732273e-06 	
2.050000e+02 	5.000000e+00 	5.000000e+00 	2.451539e-03 	7.123405e-06 	7.123405e-06 	
2.150000e+02 	5.000000e+00 	5.000000e+00 	1.826226e-03 	5.923919e-06 	5.923919e-06 	
2.250000e+02 	5.000000e+00 	5.000000e+00 	1.368657e-03 	4.875177e-06 	4.875177e-06 	
2.350000e+02 	5.000000e+00 	5.000000e+00 	1.021594e-03 	4.052957e-06 	4.052957e-06 	
2.450000e+02 	5.000000e+00 	5.000000e+00 	7.760092e-04 	3.346001e-06 	3.346001e-06 	
2.550000e+02 	5.000000e+00 	5.000000e+00 	5.912760e-04 	2.824018e-06 	2.824018e-06 	
2.650000e+02 	5.000000e+00 	5.000000e+00 	4.531656e-04 	2.394559e-06 	2.394559e-06 	
2.750000e+02 	5.000000e+00 	5.000000e+00 	3.537281e-04 	2.058322e-06 	2.058322e-06 	
2.850000e+02 	5.000000e+00 	5.000000e+00 	2.743415e-04 	1.746844e-06 	1.746844e-06 	
2.950000e+02 	5.000000e+00 	5.000000e+00 	2.155796e-04 	1.518328e-06 	1.518328e-06 	
3.050000e+02 	5.000000e+00 	5.000000e+00 	1.699509e-04 	1.245806e-06 	1.245806e-06 	
3.150000e+02 	5.000000e+00 	5.000000e+00 	1.327671e-04 	1.127459e-06 	1.127459e-06 	
3.250000e+02 	5.000000e+00 	5.000000e+00 	1.079082e-04 	1.044854e-06 	1.044854e-06 	
3.350000e+02 	5.000000e+00 	5.000000e+00 	8.661945e-05 	9.157136e-07 	9.157136e-07 	
3.450000e+02 	5.000000e+00 	5.000000e+00 	6.893445e-05 	8.033910e-07 	8.033910e-07 	
3.550000e+02 	5.000000e+00 	5.000000e+00 	5.667881e-05 	7.335467e-07 	7.335467e-07 	
3.650000e+02 	5.000000e+00 	5.000000e+00 	4.623302e-05 	6.258951e-07 	6.258951e-07 	
3.750000e+02 	5.000000e+00 	5.000000e+00 	3.850219e-05 	5.746543e-07 	5.746543e-07 	
3.850000e+02 	5.000000e+00 	5.000000e+00 	3.079715e-05 	4.780467e-07 	4.780467e-07 	
3.950000e+02 	5.000000e+00 	5.000000e+00 	2.560597e-05 	4.181967e-07 	4.181967e-07 	
4.050000e+02 	5.000000e+00 	5.000000e+00 	2.155859e-05 	4.211846e-07 	4.211846e-07 	
4.150000e+02 	5.000000e+00 	5.000000e+00 	1.670482e-05 	3.159478e-07 	3.159478e-07 	
4.250000e+02 	5.000000e+00 	5.000000e+00 	1.406090e-05 	2.748905e-07 	2.748905e-07 	
4.350000e+02 	5.000000e+00 	5.000000e+00 	1.184291e-05 	2.774325e-07 	2.774325e-07 	
4.450000e+02 	5.000000e+00 	5.000000e+00 	1.001847e-05 	2.338184e-07 	2.338184e-07 	
4.550000e+02 	5.000000e+00 	5.000000e+00 	8.427050e-06 	2.398645e-07 	2.398645e-07 	
4.650000e+02 	5.000000e+00 	5.000000e+00 	7.341291e-06 	2.126140e-07 	2.126140e-07 	
4.750000e+02 	5.000000e+00 	5.000000e+00 	6.145952e-06 	1.628754e-07 	1.628754e-07 	
4.850000e+02 	5.000000e+00 	5.000000e+00 	5.053805e-06 	1.727426e-07 	1.727426e-07 	
4.950000e+02 	5.000000e+00 	5.000000e+00 	4.445370e-06 	1.582693e-07 	1.582693e-07 	
5.050000e+02 	5.000000e+00 	5.000000e+00 	3.642888e-06 	1.034465e-07 	1.034465e-07 	
5.150000e+02 	5.000000e+00 	5.000000e+00 	3.155516e-06 	1.399136e-07 	1.399136e-07 	
5.250000e+02 	5.000000e+00 	5.000000e+00 	2.615625e-06 	1.143192e-07 	1.143192e-07 	
5.350000e+02 	5.000000e+00 	5.000000e+00 	2.304142e-06 	8.978183e-08 	8.978183e-08 	
5.450000e+02 	5.000000e+00 	5.000000e+00 	2.122492e-06 	1.063225e-07 	1.063225e-07 	
5.550000e+02 	5.000000e+00 	5.000000e+00 	1.689022e-06 	9.773648e-08 	9.773648e-08 	
5.650000e+02 	5.000000e+00 	5.000000e+00 	1.469910e-06 	6.902747e-08 	6.902747e-08 	
5.750000e+02 	5.000000e+00 	5.000000e+00 	1.303854e-06 	8.301195e-08 	8.301195e-08 	
5.850000e+02 	5.000000e+00 	5.000000e+00 	1.044766e-06 	4.608667e-08 	4.608667e-08 	
5.950000e+02 	5.000000e+00 	5.000000e+00 	1.053825e-06 	6.852559e-08 	6.852559e-08 	
6.050000e+02 	5.000000e+00 	5.000000e+00 	8.109923e-07 	4.518118e-08 	4.518118e-08 	
6.150000e+02 	5.000000e+00 	5.000000e+00 	7.395376e-07 	3.807475e-08 	3.807475e-08 	
6.250000e+02 	5.000000e+00 	5.000000e+00 	6.092882e-07 	4.268869e-08 	4.268869e-08 	
6.350000e+02 	5.000000e+00 	5.000000e+00 	5.201413e-07 	2.862447e-08 	2.862447e-08 	
6.450000e+02 	5.000000e+00 	5.000000e+00 	4.503374e-07 	2.270560e-08 	2.270560e-08 	
6.550000e+02 	5.000000e+00 	5.000000e+00 	4.038745e-07 	2.134882e-08 	2.134882e-08 	
6.650000e+02 	5.000000e+00 	5.000000e+00 	3.745100e-07 	3.003960e-08 	3.003960e-08 	
6.750000e+02 	5.000000e+00 	5.000000e+00 	3.249343e-07 	1.910783e-08 	1.910783e-08 	
6.850000e+02 	5.000000e+00 	5.000000e+00 	2.797477e-07 	1.505877e-08 	1.505877e-08 	
6.950000e+02 	5.000000e+00 	5.000000e+00 	2.401212e-07 	1.424958e-08 	1.424958e-08 	
7.050000e+02 	5.000000e+00 	5.000000e+00 	1.877708e-07 	1.257562e-08 	1.257562e-08 	
7.150000e+02 	5.000000e+00 	5.000000e+00 	1.789379e-07 	1.049104e-08 	1.049104e-08 	
7.250000e+02 	5.000000e+00 	5.000000e+00 	1.745999e-07 	1.182984e-08 	1.182984e-08 	
7.350000e+02 	5.000000e+00 	5.000000e+00 	1.448784e-07 	8.896065e-09 	8.896065e-09 	
7.450000e+02 	5.000000e+00 	5.000000e+00 	1.265550e-07 	7.655497e-09 	7.655497e-09 	
7.550000e+02 	5.000000e+00 	5.000000e+00 	1.279062e-07 	9.232774e-09 	9.232774e-09 	
7.650000e+02 	5.000000e+00 	5.000000e+00 	1.074695e-07 	8.874558e-09 	8.874558e-09 	
7.750000e+02 	5.000000e+00 	5.000000e+00 	9.545031e-08 	6.255279e-09 	6.255279e-09 	
7.850000e+02 	5.000000e+00 	5.000000e+00 	7.970459e-08 	5.980350e-09 	5.980350e-09 	
7.950000e+02 	5.000000e+00 	5.000000e+00 	8.012394e-08 	9.775968e-09 	9.775968e-09 	
8.050000e+02 	5.000000e+00 	5.000000e+00 	6.456505e-08 	5.635874e-09 	5.635874e-09 	
8.150000e+02 	5.000000e+00 	5.000000e+00 	5.237941e-08 	2.933753e-09 	2.933753e-09 	
8.250000e+02 	5.000000e+00 	5.000000e+00 	5.637651e-08 	4.880750e-09 	4.880750e-09 	
8.350000e+02 	5.000000e+00 	5.000000e+00 	5.014700e-08 	3.855417e-09 	3.855417e-09 	
8.450000e+02 	5.000000e+00 	5.000000e+00 	5.682160e-08 	8.471587e-09 	8.471587e-09 	
8.550000e+02 	5.000000e+00 	5.000000e+00 	4.499105e-08 	5.752468e-09 	5.752468e-09 	
8.650000e+02 	5.000000e+00 	5.000000e+00 	3.383130e-08 	2.239206e-09 	2.239206e-09 	
8.750000e+02 	5.000000e+00 	5.000000e+00 	2.686998e-08 	1.300104e-09 	1.300104e-09 	
8.850000e+02 	5.000000e+00 	5.000000e+00 	2.659267e-08 	2.060428e-09 	2.060428e-09 	
8.950000e+02 	5.000000e+00 	5.000000e+00 	2.692217e-08 	2.757680e-09 	2.757680e-09 	
9.050000e+02 	5.000000e+00 	5.000000e+00 	2.304502e-08 	2.616639e-09 	2.616639e-09 	
9.150000e+02 	5.000000e+00 	5.000000e+00 	2.196339e-08 	1.931334e-09 	1.931334e-09 	
9.250000e+02 	5.000000e+00 	5.000000e+00 	1.757921e-08 	1.184073e-09 	1.184073e-09 	
9.350000e+02 	5.000000e+00 	5.000000e+00 	1.698734e-08 	1.329919e-09 	1.329919e-09 	
9.450000e+02 	5.000000e+00 	5.000000e+00 	1.497934e-08 	1.103940e-09 	1.103940e-09 	
9.550000e+02 	5.000000e+00 	5.000000e+00 	1.449193e-08 	1.327630e-09 	1.327630e-09 	
9.650000e+02 	5.000000e+00 	5.000000e+00 	1.419209e-08 	1.698072e-09 	1.698072e-09 	
9.750000e+02 	5.000000e+00 	5.000000e+00 	1.251126e-08 	1.276266e-09 	1.276266e-09 	
9.850000e+02 	5.000000e+00 	5.000000e+00 	9.569533e-09 	6.945810e-10 	6.945810e-10 	
9.950000e+02 	5.000000e+00 	5.000000e+00 	9.648493e-09 	9.652556e-10 	9.652556e-10 	
END SCATTER2D

BEGIN SCATTER2D /COMETA_ZZ_production_analysis/mpp
Path=/COMETA_ZZ_production_analysis/mpp
ScaledBy=1.07993445161953701e-05
Title=~
# val1       	err1-        	err1+        	val2         	err2-        	err2+        	
5.000000e+00 	5.000000e+00 	5.000000e+00 	6.035389e-04 	4.194570e-06 	4.194570e-06 	
1.500000e+01 	5.000000e+00 	5.000000e+00 	1.871124e-03 	7.507644e-06 	7.507644e-06 	
2.500000e+01 	5.000000e+00 	5.000000e+00 	3.088565e-03 	9.689598e-06 	9.689598e-06 	
3.500000e+01 	5.000000e+00 	5.000000e+00 	4.333281e-03 	1.164842e-05 	1.164842e-05 	
4.500000e+01 	5.000000e+00 	5.000000e+00 	5.718805e-03 	1.348840e-05 	1.348840e-05 	
5.500000e+01 	5.000000e+00 	5.000000e+00 	7.333386e-03 	1.532413e-05 	1.532413e-05 	
6.500000e+01 	5.000000e+00 	5.000000e+00 	9.122671e-03 	1.938812e-05 	1.938812e-05 	
7.500000e+01 	5.000000e+00 	5.000000e+00 	1.089190e-02 	1.940880e-05 	1.940880e-05 	
8.500000e+01 	5.000000e+00 	5.000000e+00 	1.146670e-02 	2.063403e-05 	2.063403e-05 	
9.500000e+01 	5.000000e+00 	5.000000e+00 	1.004012e-02 	1.923821e-05 	1.923821e-05 	
1.050000e+02 	5.000000e+00 	5.000000e+00 	7.627427e-03 	1.587504e-05 	1.587504e-05 	
1.150000e+02 	5.000000e+00 	5.000000e+00 	5.621138e-03 	1.293975e-05 	1.293975e-05 	
1.250000e+02 	5.000000e+00 	5.000000e+00 	4.071113e-03 	1.041519e-05 	1.041519e-05 	
1.350000e+02 	5.000000e+00 	5.000000e+00 	2.923253e-03 	8.176555e-06 	8.176555e-06 	
1.450000e+02 	5.000000e+00 	5.000000e+00 	2.109609e-03 	6.624809e-06 	6.624809e-06 	
1.550000e+02 	5.000000e+00 	5.000000e+00 	1.520017e-03 	5.334583e-06 	5.334583e-06 	
1.650000e+02 	5.000000e+00 	5.000000e+00 	1.095104e-03 	4.226030e-06 	4.226030e-06 	
1.750000e+02 	5.000000e+00 	5.000000e+00 	8.019563e-04 	3.475332e-06 	3.475332e-06 	
1.850000e+02 	5.000000e+00 	5.000000e+00 	5.914772e-04 	2.839978e-06 	2.839978e-06 	
1.950000e+02 	5.000000e+00 	5.000000e+00 	4.374975e-04 	2.312640e-06 	2.312640e-06 	
2.050000e+02 	5.000000e+00 	5.000000e+00 	3.228641e-04 	1.925316e-06 	1.925316e-06 	
2.150000e+02 	5.000000e+00 	5.000000e+00 	2.442329e-04 	1.591662e-06 	1.591662e-06 	
2.250000e+02 	5.000000e+00 	5.000000e+00 	1.833603e-04 	1.324684e-06 	1.324684e-06 	
2.350000e+02 	5.000000e+00 	5.000000e+00 	1.408029e-04 	1.140441e-06 	1.140441e-06 	
2.450000e+02 	5.000000e+00 	5.000000e+00 	1.072717e-04 	9.615095e-07 	9.615095e-07 	
2.550000e+02 	5.000000e+00 	5.000000e+00 	8.188416e-05 	8.055990e-07 	8.055990e-07 	
2.650000e+02 	5.000000e+00 	5.000000e+00 	6.301033e-05 	6.931860e-07 	6.931860e-07 	
2.750000e+02 	5.000000e+00 	5.000000e+00 	5.066946e-05 	6.595847e-07 	6.595847e-07 	
2.850000e+02 	5.000000e+00 	5.000000e+00 	3.925684e-05 	5.333448e-07 	5.333448e-07 	
2.950000e+02 	5.000000e+00 	5.000000e+00 	3.029032e-05 	4.448143e-07 	4.448143e-07 	
3.050000e+02 	5.000000e+00 	5.000000e+00 	2.409955e-05 	3.839021e-07 	3.839021e-07 	
3.150000e+02 	5.000000e+00 	5.000000e+00 	1.934068e-05 	3.557226e-07 	3.557226e-07 	
3.250000e+02 	5.000000e+00 	5.000000e+00 	1.470032e-05 	2.840269e-07 	2.840269e-07 	
3.350000e+02 	5.000000e+00 	5.000000e+00 	1.320838e-05 	2.838559e-07 	2.838559e-07 	
3.450000e+02 	5.000000e+00 	5.000000e+00 	1.022330e-05 	2.374756e-07 	2.374756e-07 	
3.550000e+02 	5.000000e+00 	5.000000e+00 	7.924298e-06 	2.018832e-07 	2.018832e-07 	
3.650000e+02 	5.000000e+00 	5.000000e+00 	6.841996e-06 	2.012652e-07 	2.012652e-07 	
3.750000e+02 	5.000000e+00 	5.000000e+00 	5.765228e-06 	1.601432e-07 	1.601432e-07 	
3.850000e+02 	5.000000e+00 	5.000000e+00 	4.181249e-06 	1.328438e-07 	1.328438e-07 	
3.950000e+02 	5.000000e+00 	5.000000e+00 	3.907495e-06 	1.451301e-07 	1.451301e-07 	
4.050000e+02 	5.000000e+00 	5.000000e+00 	3.048034e-06 	1.187081e-07 	1.187081e-07 	
4.150000e+02 	5.000000e+00 	5.000000e+00 	2.345293e-06 	7.744098e-08 	7.744098e-08 	
4.250000e+02 	5.000000e+00 	5.000000e+00 	2.054648e-06 	8.049267e-08 	8.049267e-08 	
4.350000e+02 	5.000000e+00 	5.000000e+00 	1.722407e-06 	9.259997e-08 	9.259997e-08 	
4.450000e+02 	5.000000e+00 	5.000000e+00 	1.365801e-06 	7.354652e-08 	7.354652e-08 	
4.550000e+02 	5.000000e+00 	5.000000e+00 	1.146511e-06 	4.741046e-08 	4.741046e-08 	
4.650000e+02 	5.000000e+00 	5.000000e+00 	1.110310e-06 	9.977188e-08 	9.977188e-08 	
4.750000e+02 	5.000000e+00 	5.000000e+00 	8.605184e-07 	4.840998e-08 	4.840998e-08 	
4.850000e+02 	5.000000e+00 	5.000000e+00 	6.379345e-07 	2.999801e-08 	2.999801e-08 	
4.950000e+02 	5.000000e+00 	5.000000e+00 	5.953081e-07 	4.315376e-08 	4.315376e-08 	
5.050000e+02 	5.000000e+00 	5.000000e+00 	5.275546e-07 	3.043583e-08 	3.043583e-08 	
5.150000e+02 	5.000000e+00 	5.000000e+00 	3.777591e-07 	1.709936e-08 	1.709936e-08 	
5.250000e+02 	5.000000e+00 	5.000000e+00 	3.850025e-07 	2.126158e-08 	2.126158e-08 	
5.350000e+02 	5.000000e+00 	5.000000e+00 	3.172878e-07 	1.354152e-08 	1.354152e-08 	
5.450000e+02 	5.000000e+00 	5.000000e+00 	2.777047e-07 	1.965009e-08 	1.965009e-08 	
5.550000e+02 	5.000000e+00 	5.000000e+00 	2.182839e-07 	1.125510e-08 	1.125510e-08 	
5.650000e+02 	5.000000e+00 	5.000000e+00 	1.975745e-07 	1.288838e-08 	1.288838e-08 	
5.750000e+02 	5.000000e+00 	5.000000e+00 	1.755781e-07 	1.024241e-08 	1.024241e-08 	
5.850000e+02 	5.000000e+00 	5.000000e+00 	1.308968e-07 	6.770135e-09 	6.770135e-09 	
5.950000e+02 	5.000000e+00 	5.000000e+00 	1.503912e-07 	1.130464e-08 	1.130464e-08 	
6.050000e+02 	5.000000e+00 	5.000000e+00 	9.234590e-08 	1.114449e-08 	1.114449e-08 	
6.150000e+02 	5.000000e+00 	5.000000e+00 	1.110988e-07 	1.001087e-08 	1.001087e-08 	
6.250000e+02 	5.000000e+00 	5.000000e+00 	7.947024e-08 	8.984514e-09 	8.984514e-09 	
6.350000e+02 	5.000000e+00 	5.000000e+00 	6.404254e-08 	3.731196e-09 	3.731196e-09 	
6.450000e+02 	5.000000e+00 	5.000000e+00 	5.419138e-08 	3.257878e-09 	3.257878e-09 	
6.550000e+02 	5.000000e+00 	5.000000e+00 	5.556031e-08 	6.307077e-09 	6.307077e-09 	
6.650000e+02 	5.000000e+00 	5.000000e+00 	4.866849e-08 	3.452925e-09 	3.452925e-09 	
6.750000e+02 	5.000000e+00 	5.000000e+00 	3.931559e-08 	2.495617e-09 	2.495617e-09 	
6.850000e+02 	5.000000e+00 	5.000000e+00 	4.009931e-08 	2.889285e-09 	2.889285e-09 	
6.950000e+02 	5.000000e+00 	5.000000e+00 	3.051235e-08 	1.992049e-09 	1.992049e-09 	
7.050000e+02 	5.000000e+00 	5.000000e+00 	3.079018e-08 	3.427882e-09 	3.427882e-09 	
7.150000e+02 	5.000000e+00 	5.000000e+00 	2.630540e-08 	2.560843e-09 	2.560843e-09 	
7.250000e+02 	5.000000e+00 	5.000000e+00 	2.415710e-08 	2.046438e-09 	2.046438e-09 	
7.350000e+02 	5.000000e+00 	5.000000e+00 	1.731016e-08 	1.102355e-09 	1.102355e-09 	
7.450000e+02 	5.000000e+00 	5.000000e+00 	2.037189e-08 	2.586965e-09 	2.586965e-09 	
7.550000e+02 	5.000000e+00 	5.000000e+00 	1.337074e-08 	1.125267e-09 	1.125267e-09 	
7.650000e+02 	5.000000e+00 	5.000000e+00 	1.776835e-08 	3.389572e-09 	3.389572e-09 	
7.750000e+02 	5.000000e+00 	5.000000e+00 	1.237249e-08 	1.081642e-09 	1.081642e-09 	
7.850000e+02 	5.000000e+00 	5.000000e+00 	1.012650e-08 	5.353223e-10 	5.353223e-10 	
7.950000e+02 	5.000000e+00 	5.000000e+00 	1.009423e-08 	9.094223e-10 	9.094223e-10 	
END SCATTER2D

BEGIN SCATTER2D /COMETA_ZZ_production_analysis/mee
Path=/COMETA_ZZ_production_analysis/mee
ScaledBy=1.07993445161953701e-05
Title=~
# val1       	err1-        	err1+        	val2         	err2-        	err2+        	
8.125000e+01 	2.500000e-01 	2.500000e-01 	3.642660e-03 	4.642836e-05 	4.642836e-05 	
8.175000e+01 	2.500000e-01 	2.500000e-01 	4.076868e-03 	5.040840e-05 	5.040840e-05 	
8.225000e+01 	2.500000e-01 	2.500000e-01 	4.581580e-03 	5.220496e-05 	5.220496e-05 	
8.275000e+01 	2.500000e-01 	2.500000e-01 	5.223377e-03 	5.972083e-05 	5.972083e-05 	
8.325000e+01 	2.500000e-01 	2.500000e-01 	5.829709e-03 	6.026913e-05 	6.026913e-05 	
8.375000e+01 	2.500000e-01 	2.500000e-01 	6.726566e-03 	6.521162e-05 	6.521162e-05 	
8.425000e+01 	2.500000e-01 	2.500000e-01 	7.664416e-03 	6.882702e-05 	6.882702e-05 	
8.475000e+01 	2.500000e-01 	2.500000e-01 	8.787097e-03 	7.403741e-05 	7.403741e-05 	
8.525000e+01 	2.500000e-01 	2.500000e-01 	1.060173e-02 	8.014104e-05 	8.014104e-05 	
8.575000e+01 	2.500000e-01 	2.500000e-01 	1.248752e-02 	8.724736e-05 	8.724736e-05 	
8.625000e+01 	2.500000e-01 	2.500000e-01 	1.501885e-02 	9.733795e-05 	9.733795e-05 	
8.675000e+01 	2.500000e-01 	2.500000e-01 	1.853825e-02 	1.068335e-04 	1.068335e-04 	
8.725000e+01 	2.500000e-01 	2.500000e-01 	2.332937e-02 	1.213503e-04 	1.213503e-04 	
8.775000e+01 	2.500000e-01 	2.500000e-01 	2.990791e-02 	1.368157e-04 	1.368157e-04 	
8.825000e+01 	2.500000e-01 	2.500000e-01 	3.959649e-02 	1.563397e-04 	1.563397e-04 	
8.875000e+01 	2.500000e-01 	2.500000e-01 	5.381141e-02 	1.820894e-04 	1.820894e-04 	
8.925000e+01 	2.500000e-01 	2.500000e-01 	7.682627e-02 	2.192139e-04 	2.192139e-04 	
8.975000e+01 	2.500000e-01 	2.500000e-01 	1.129502e-01 	3.199601e-04 	3.199601e-04 	
9.025000e+01 	2.500000e-01 	2.500000e-01 	1.676774e-01 	3.242507e-04 	3.242507e-04 	
9.075000e+01 	2.500000e-01 	2.500000e-01 	2.300426e-01 	3.817236e-04 	3.817236e-04 	
9.125000e+01 	2.500000e-01 	2.500000e-01 	2.524564e-01 	3.977191e-04 	3.977191e-04 	
9.175000e+01 	2.500000e-01 	2.500000e-01 	2.101409e-01 	3.661307e-04 	3.661307e-04 	
9.225000e+01 	2.500000e-01 	2.500000e-01 	1.475625e-01 	3.033856e-04 	3.033856e-04 	
9.275000e+01 	2.500000e-01 	2.500000e-01 	9.958392e-02 	2.493914e-04 	2.493914e-04 	
9.325000e+01 	2.500000e-01 	2.500000e-01 	6.861165e-02 	2.081688e-04 	2.081688e-04 	
9.375000e+01 	2.500000e-01 	2.500000e-01 	4.922495e-02 	1.763925e-04 	1.763925e-04 	
9.425000e+01 	2.500000e-01 	2.500000e-01 	3.687009e-02 	1.559229e-04 	1.559229e-04 	
9.475000e+01 	2.500000e-01 	2.500000e-01 	2.828060e-02 	1.332495e-04 	1.332495e-04 	
9.525000e+01 	2.500000e-01 	2.500000e-01 	2.230711e-02 	1.181965e-04 	1.181965e-04 	
9.575000e+01 	2.500000e-01 	2.500000e-01 	1.812435e-02 	1.064784e-04 	1.064784e-04 	
9.625000e+01 	2.500000e-01 	2.500000e-01 	1.489247e-02 	9.617194e-05 	9.617194e-05 	
9.675000e+01 	2.500000e-01 	2.500000e-01 	1.243670e-02 	8.839060e-05 	8.839060e-05 	
9.725000e+01 	2.500000e-01 	2.500000e-01 	1.056036e-02 	8.293698e-05 	8.293698e-05 	
9.775000e+01 	2.500000e-01 	2.500000e-01 	9.068818e-03 	7.608370e-05 	7.608370e-05 	
9.825000e+01 	2.500000e-01 	2.500000e-01 	7.955594e-03 	7.112036e-05 	7.112036e-05 	
9.875000e+01 	2.500000e-01 	2.500000e-01 	6.845461e-03 	6.488320e-05 	6.488320e-05 	
9.925000e+01 	2.500000e-01 	2.500000e-01 	6.185227e-03 	6.176714e-05 	6.176714e-05 	
9.975000e+01 	2.500000e-01 	2.500000e-01 	5.514191e-03 	5.907714e-05 	5.907714e-05 	
1.002500e+02 	2.500000e-01 	2.500000e-01 	4.903017e-03 	5.528950e-05 	5.528950e-05 	
1.007500e+02 	2.500000e-01 	2.500000e-01 	4.376542e-03 	5.380640e-05 	5.380640e-05 	
END SCATTER2D

BEGIN SCATTER2D /COMETA_ZZ_production_analysis/pt4l
Path=/COMETA_ZZ_production_analysis/pt4l
ScaledBy=1.07993445161953701e-05
Title=~
# val1       	err1-        	err1+        	val2         	err2-        	err2+        	
2.500000e+00 	2.500000e+00 	2.500000e+00 	2.566366e-02 	4.322178e-05 	4.322178e-05 	
7.500000e+00 	2.500000e+00 	2.500000e+00 	3.316831e-02 	4.325707e-05 	4.325707e-05 	
1.250000e+01 	2.500000e+00 	2.500000e+00 	2.451866e-02 	3.734272e-05 	3.734272e-05 	
1.750000e+01 	2.500000e+00 	2.500000e+00 	1.826576e-02 	3.246925e-05 	3.246925e-05 	
2.250000e+01 	2.500000e+00 	2.500000e+00 	1.403048e-02 	2.862571e-05 	2.862571e-05 	
2.750000e+01 	2.500000e+00 	2.500000e+00 	1.111905e-02 	2.557908e-05 	2.557908e-05 	
3.250000e+01 	2.500000e+00 	2.500000e+00 	8.954077e-03 	2.306785e-05 	2.306785e-05 	
3.750000e+01 	2.500000e+00 	2.500000e+00 	7.356900e-03 	2.105257e-05 	2.105257e-05 	
4.250000e+01 	2.500000e+00 	2.500000e+00 	6.091361e-03 	1.921903e-05 	1.921903e-05 	
4.750000e+01 	2.500000e+00 	2.500000e+00 	5.099308e-03 	1.795500e-05 	1.795500e-05 	
5.250000e+01 	2.500000e+00 	2.500000e+00 	4.262468e-03 	1.657244e-05 	1.657244e-05 	
5.750000e+01 	2.500000e+00 	2.500000e+00 	3.621237e-03 	1.570042e-05 	1.570042e-05 	
6.250000e+01 	2.500000e+00 	2.500000e+00 	3.081628e-03 	1.491974e-05 	1.491974e-05 	
6.750000e+01 	2.500000e+00 	2.500000e+00 	2.587387e-03 	1.427632e-05 	1.427632e-05 	
7.250000e+01 	2.500000e+00 	2.500000e+00 	2.209708e-03 	1.421444e-05 	1.421444e-05 	
7.750000e+01 	2.500000e+00 	2.500000e+00 	1.815135e-03 	1.340150e-05 	1.340150e-05 	
8.250000e+01 	2.500000e+00 	2.500000e+00 	1.551311e-03 	1.345216e-05 	1.345216e-05 	
8.750000e+01 	2.500000e+00 	2.500000e+00 	1.301970e-03 	1.298719e-05 	1.298719e-05 	
9.250000e+01 	2.500000e+00 	2.500000e+00 	1.079203e-03 	1.171772e-05 	1.171772e-05 	
9.750000e+01 	2.500000e+00 	2.500000e+00 	9.806248e-04 	1.083994e-05 	1.083994e-05 	
1.025000e+02 	2.500000e+00 	2.500000e+00 	8.581211e-04 	1.011882e-05 	1.011882e-05 	
1.075000e+02 	2.500000e+00 	2.500000e+00 	7.677581e-04 	9.659151e-06 	9.659151e-06 	
1.125000e+02 	2.500000e+00 	2.500000e+00 	6.806000e-04 	8.688172e-06 	8.688172e-06 	
1.175000e+02 	2.500000e+00 	2.500000e+00 	6.012568e-04 	7.494428e-06 	7.494428e-06 	
1.225000e+02 	2.500000e+00 	2.500000e+00 	5.446986e-04 	7.254322e-06 	7.254322e-06 	
1.275000e+02 	2.500000e+00 	2.500000e+00 	5.029519e-04 	6.871688e-06 	6.871688e-06 	
1.325000e+02 	2.500000e+00 	2.500000e+00 	4.353240e-04 	6.086431e-06 	6.086431e-06 	
1.375000e+02 	2.500000e+00 	2.500000e+00 	3.784955e-04 	5.593551e-06 	5.593551e-06 	
1.425000e+02 	2.500000e+00 	2.500000e+00 	3.398554e-04 	5.233875e-06 	5.233875e-06 	
1.475000e+02 	2.500000e+00 	2.500000e+00 	3.231847e-04 	4.934881e-06 	4.934881e-06 	
1.525000e+02 	2.500000e+00 	2.500000e+00 	2.763426e-04 	4.503283e-06 	4.503283e-06 	
1.575000e+02 	2.500000e+00 	2.500000e+00 	2.529638e-04 	4.179369e-06 	4.179369e-06 	
1.625000e+02 	2.500000e+00 	2.500000e+00 	2.288376e-04 	3.994539e-06 	3.994539e-06 	
1.675000e+02 	2.500000e+00 	2.500000e+00 	2.113279e-04 	3.670787e-06 	3.670787e-06 	
1.725000e+02 	2.500000e+00 	2.500000e+00 	1.823060e-04 	3.221676e-06 	3.221676e-06 	
1.775000e+02 	2.500000e+00 	2.500000e+00 	1.667531e-04 	3.063003e-06 	3.063003e-06 	
1.825000e+02 	2.500000e+00 	2.500000e+00 	1.571414e-04 	3.055152e-06 	3.055152e-06 	
1.875000e+02 	2.500000e+00 	2.500000e+00 	1.348953e-04 	2.694602e-06 	2.694602e-06 	
1.925000e+02 	2.500000e+00 	2.500000e+00 	1.291239e-04 	2.717546e-06 	2.717546e-06 	
1.975000e+02 	2.500000e+00 	2.500000e+00 	1.140395e-04 	2.319056e-06 	2.319056e-06 	
2.025000e+02 	2.500000e+00 	2.500000e+00 	1.063173e-04 	2.315330e-06 	2.315330e-06 	
2.075000e+02 	2.500000e+00 	2.500000e+00 	9.347982e-05 	2.011043e-06 	2.011043e-06 	
2.125000e+02 	2.500000e+00 	2.500000e+00 	8.729824e-05 	2.012503e-06 	2.012503e-06 	
2.175000e+02 	2.500000e+00 	2.500000e+00 	7.797749e-05 	1.840356e-06 	1.840356e-06 	
2.225000e+02 	2.500000e+00 	2.500000e+00 	7.134187e-05 	1.774289e-06 	1.774289e-06 	
2.275000e+02 	2.500000e+00 	2.500000e+00 	6.551851e-05 	1.645161e-06 	1.645161e-06 	
2.325000e+02 	2.500000e+00 	2.500000e+00 	5.843215e-05 	1.395967e-06 	1.395967e-06 	
2.375000e+02 	2.500000e+00 	2.500000e+00 	5.238355e-05 	1.337185e-06 	1.337185e-06 	
2.425000e+02 	2.500000e+00 	2.500000e+00 	5.128870e-05 	1.417349e-06 	1.417349e-06 	
2.475000e+02 	2.500000e+00 	2.500000e+00 	4.513993e-05 	1.245441e-06 	1.245441e-06 	
2.525000e+02 	2.500000e+00 	2.500000e+00 	4.067737e-05 	1.065001e-06 	1.065001e-06 	
2.575000e+02 	2.500000e+00 	2.500000e+00 	3.704907e-05 	1.054224e-06 	1.054224e-06 	
2.625000e+02 	2.500000e+00 	2.500000e+00 	3.599295e-05 	1.048819e-06 	1.048819e-06 	
2.675000e+02 	2.500000e+00 	2.500000e+00 	3.277316e-05 	1.023296e-06 	1.023296e-06 	
2.725000e+02 	2.500000e+00 	2.500000e+00 	3.039048e-05 	9.061213e-07 	9.061213e-07 	
2.775000e+02 	2.500000e+00 	2.500000e+00 	2.728438e-05 	8.923241e-07 	8.923241e-07 	
2.825000e+02 	2.500000e+00 	2.500000e+00 	2.579096e-05 	8.990247e-07 	8.990247e-07 	
2.875000e+02 	2.500000e+00 	2.500000e+00 	2.443771e-05 	8.181632e-07 	8.181632e-07 	
2.925000e+02 	2.500000e+00 	2.500000e+00 	2.224036e-05 	7.678505e-07 	7.678505e-07 	
2.975000e+02 	2.500000e+00 	2.500000e+00 	1.974963e-05 	6.730738e-07 	6.730738e-07 	
END SCATTER2D

BEGIN SCATTER2D /COMETA_ZZ_production_analysis/ptpp
Path=/COMETA_ZZ_production_analysis/ptpp
ScaledBy=1.07993445161953701e-05
Title=~
# val1       	err1-        	err1+        	val2         	err2-        	err2+        	
7.500000e+00 	7.500000e+00 	7.500000e+00 	4.311728e-03 	9.767531e-06 	9.767531e-06 	
2.250000e+01 	7.500000e+00 	7.500000e+00 	8.474557e-03 	1.362906e-05 	1.362906e-05 	
3.750000e+01 	7.500000e+00 	7.500000e+00 	9.830184e-03 	1.455620e-05 	1.455620e-05 	
5.250000e+01 	7.500000e+00 	7.500000e+00 	1.099010e-02 	1.513439e-05 	1.513439e-05 	
6.750000e+01 	7.500000e+00 	7.500000e+00 	1.201305e-02 	1.665943e-05 	1.665943e-05 	
8.250000e+01 	7.500000e+00 	7.500000e+00 	1.038696e-02 	1.442598e-05 	1.442598e-05 	
9.750000e+01 	7.500000e+00 	7.500000e+00 	3.718161e-03 	8.686037e-06 	8.686037e-06 	
1.125000e+02 	7.500000e+00 	7.500000e+00 	1.048042e-03 	4.989121e-06 	4.989121e-06 	
1.275000e+02 	7.500000e+00 	7.500000e+00 	4.347159e-04 	3.386302e-06 	3.386302e-06 	
1.425000e+02 	7.500000e+00 	7.500000e+00 	2.151154e-04 	2.246856e-06 	2.246856e-06 	
1.575000e+02 	7.500000e+00 	7.500000e+00 	1.244773e-04 	1.604319e-06 	1.604319e-06 	
1.725000e+02 	7.500000e+00 	7.500000e+00 	7.598048e-05 	1.081893e-06 	1.081893e-06 	
1.875000e+02 	7.500000e+00 	7.500000e+00 	4.849649e-05 	8.406105e-07 	8.406105e-07 	
2.025000e+02 	7.500000e+00 	7.500000e+00 	3.111393e-05 	5.935872e-07 	5.935872e-07 	
2.175000e+02 	7.500000e+00 	7.500000e+00 	2.076461e-05 	4.328424e-07 	4.328424e-07 	
2.325000e+02 	7.500000e+00 	7.500000e+00 	1.427186e-05 	3.485417e-07 	3.485417e-07 	
2.475000e+02 	7.500000e+00 	7.500000e+00 	9.438994e-06 	2.428594e-07 	2.428594e-07 	
2.625000e+02 	7.500000e+00 	7.500000e+00 	6.997762e-06 	2.020611e-07 	2.020611e-07 	
2.775000e+02 	7.500000e+00 	7.500000e+00 	4.965848e-06 	1.684215e-07 	1.684215e-07 	
2.925000e+02 	7.500000e+00 	7.500000e+00 	3.617266e-06 	1.277632e-07 	1.277632e-07 	
3.075000e+02 	7.500000e+00 	7.500000e+00 	2.643386e-06 	1.151915e-07 	1.151915e-07 	
3.225000e+02 	7.500000e+00 	7.500000e+00 	1.860743e-06 	6.816977e-08 	6.816977e-08 	
3.375000e+02 	7.500000e+00 	7.500000e+00 	1.586678e-06 	7.389152e-08 	7.389152e-08 	
3.525000e+02 	7.500000e+00 	7.500000e+00 	1.120335e-06 	5.152856e-08 	5.152856e-08 	
3.675000e+02 	7.500000e+00 	7.500000e+00 	8.239516e-07 	3.869727e-08 	3.869727e-08 	
3.825000e+02 	7.500000e+00 	7.500000e+00 	6.597254e-07 	3.156751e-08 	3.156751e-08 	
3.975000e+02 	7.500000e+00 	7.500000e+00 	4.880322e-07 	2.535726e-08 	2.535726e-08 	
4.125000e+02 	7.500000e+00 	7.500000e+00 	4.213910e-07 	2.462606e-08 	2.462606e-08 	
4.275000e+02 	7.500000e+00 	7.500000e+00 	3.105536e-07 	1.886124e-08 	1.886124e-08 	
4.425000e+02 	7.500000e+00 	7.500000e+00 	2.779665e-07 	2.040418e-08 	2.040418e-08 	
4.575000e+02 	7.500000e+00 	7.500000e+00 	1.886527e-07 	1.156148e-08 	1.156148e-08 	
4.725000e+02 	7.500000e+00 	7.500000e+00 	1.592220e-07 	1.080141e-08 	1.080141e-08 	
4.875000e+02 	7.500000e+00 	7.500000e+00 	1.201222e-07 	8.682577e-09 	8.682577e-09 	
5.025000e+02 	7.500000e+00 	7.500000e+00 	1.018353e-07 	6.648451e-09 	6.648451e-09 	
5.175000e+02 	7.500000e+00 	7.500000e+00 	8.881136e-08 	7.076274e-09 	7.076274e-09 	
5.325000e+02 	7.500000e+00 	7.500000e+00 	7.300278e-08 	6.647510e-09 	6.647510e-09 	
5.475000e+02 	7.500000e+00 	7.500000e+00 	5.568726e-08 	4.254922e-09 	4.254922e-09 	
5.625000e+02 	7.500000e+00 	7.500000e+00 	5.306074e-08 	4.861605e-09 	4.861605e-09 	
5.775000e+02 	7.500000e+00 	7.500000e+00 	4.622202e-08 	4.637115e-09 	4.637115e-09 	
5.925000e+02 	7.500000e+00 	7.500000e+00 	3.648034e-08 	4.691480e-09 	4.691480e-09 	
END SCATTER2D

BEGIN SCATTER2D /COMETA_ZZ_production_analysis/ptee
Path=/COMETA_ZZ_production_analysis/ptee
ScaledBy=1.07993445161953701e-05
Title=~
# val1       	err1-        	err1+        	val2         	err2-        	err2+        	
7.500000e+00 	7.500000e+00 	7.500000e+00 	6.954754e-03 	1.305049e-05 	1.305049e-05 	
2.250000e+01 	7.500000e+00 	7.500000e+00 	1.813661e-02 	2.047731e-05 	2.047731e-05 	
3.750000e+01 	7.500000e+00 	7.500000e+00 	1.645048e-02 	1.958942e-05 	1.958942e-05 	
5.250000e+01 	7.500000e+00 	7.500000e+00 	9.785431e-03 	1.407962e-05 	1.407962e-05 	
6.750000e+01 	7.500000e+00 	7.500000e+00 	5.016299e-03 	9.326851e-06 	9.326851e-06 	
8.250000e+01 	7.500000e+00 	7.500000e+00 	2.476201e-03 	6.124572e-06 	6.124572e-06 	
9.750000e+01 	7.500000e+00 	7.500000e+00 	1.262902e-03 	4.165860e-06 	4.165860e-06 	
1.125000e+02 	7.500000e+00 	7.500000e+00 	6.753072e-04 	2.791925e-06 	2.791925e-06 	
1.275000e+02 	7.500000e+00 	7.500000e+00 	3.777960e-04 	1.995026e-06 	1.995026e-06 	
1.425000e+02 	7.500000e+00 	7.500000e+00 	2.198354e-04 	1.418745e-06 	1.418745e-06 	
1.575000e+02 	7.500000e+00 	7.500000e+00 	1.346035e-04 	1.010619e-06 	1.010619e-06 	
1.725000e+02 	7.500000e+00 	7.500000e+00 	8.818598e-05 	8.296160e-07 	8.296160e-07 	
1.875000e+02 	7.500000e+00 	7.500000e+00 	5.692422e-05 	5.846930e-07 	5.846930e-07 	
2.025000e+02 	7.500000e+00 	7.500000e+00 	3.863120e-05 	4.657586e-07 	4.657586e-07 	
2.175000e+02 	7.500000e+00 	7.500000e+00 	2.633003e-05 	3.464179e-07 	3.464179e-07 	
2.325000e+02 	7.500000e+00 	7.500000e+00 	1.827043e-05 	2.699328e-07 	2.699328e-07 	
2.475000e+02 	7.500000e+00 	7.500000e+00 	1.343832e-05 	2.237125e-07 	2.237125e-07 	
2.625000e+02 	7.500000e+00 	7.500000e+00 	9.855740e-06 	1.819733e-07 	1.819733e-07 	
2.775000e+02 	7.500000e+00 	7.500000e+00 	7.361972e-06 	1.551278e-07 	1.551278e-07 	
2.925000e+02 	7.500000e+00 	7.500000e+00 	5.327883e-06 	1.153420e-07 	1.153420e-07 	
3.075000e+02 	7.500000e+00 	7.500000e+00 	4.154514e-06 	1.034621e-07 	1.034621e-07 	
3.225000e+02 	7.500000e+00 	7.500000e+00 	3.157555e-06 	7.915955e-08 	7.915955e-08 	
3.375000e+02 	7.500000e+00 	7.500000e+00 	2.444370e-06 	6.664862e-08 	6.664862e-08 	
3.525000e+02 	7.500000e+00 	7.500000e+00 	1.966894e-06 	6.288889e-08 	6.288889e-08 	
3.675000e+02 	7.500000e+00 	7.500000e+00 	1.469145e-06 	4.855415e-08 	4.855415e-08 	
3.825000e+02 	7.500000e+00 	7.500000e+00 	1.197491e-06 	4.230207e-08 	4.230207e-08 	
3.975000e+02 	7.500000e+00 	7.500000e+00 	9.530656e-07 	3.768026e-08 	3.768026e-08 	
4.125000e+02 	7.500000e+00 	7.500000e+00 	7.389238e-07 	3.025314e-08 	3.025314e-08 	
4.275000e+02 	7.500000e+00 	7.500000e+00 	5.782304e-07 	3.052262e-08 	3.052262e-08 	
4.425000e+02 	7.500000e+00 	7.500000e+00 	4.901763e-07 	1.996224e-08 	1.996224e-08 	
4.575000e+02 	7.500000e+00 	7.500000e+00 	3.640335e-07 	1.687378e-08 	1.687378e-08 	
4.725000e+02 	7.500000e+00 	7.500000e+00 	3.034565e-07 	1.437883e-08 	1.437883e-08 	
4.875000e+02 	7.500000e+00 	7.500000e+00 	2.728578e-07 	1.591183e-08 	1.591183e-08 	
5.025000e+02 	7.500000e+00 	7.500000e+00 	2.023385e-07 	9.821487e-09 	9.821487e-09 	
5.175000e+02 	7.500000e+00 	7.500000e+00 	1.856847e-07 	9.436080e-09 	9.436080e-09 	
5.325000e+02 	7.500000e+00 	7.500000e+00 	1.575756e-07 	8.796713e-09 	8.796713e-09 	
5.475000e+02 	7.500000e+00 	7.500000e+00 	1.224050e-07 	7.645492e-09 	7.645492e-09 	
5.625000e+02 	7.500000e+00 	7.500000e+00 	1.129840e-07 	6.931264e-09 	6.931264e-09 	
5.775000e+02 	7.500000e+00 	7.500000e+00 	7.527549e-08 	4.275151e-09 	4.275151e-09 	
5.925000e+02 	7.500000e+00 	7.500000e+00 	7.235402e-08 	4.941094e-09 	4.941094e-09 	
END SCATTER2D

BEGIN SCATTER2D /COMETA_ZZ_production_analysis/ptep
Path=/COMETA_ZZ_production_analysis/ptep
ScaledBy=1.07993445161953701e-05
Title=~
# val1       	err1-        	err1+        	val2         	err2-        	err2+        	
5.000000e+00 	5.000000e+00 	5.000000e+00 	3.701804e-04 	3.596998e-06 	3.596998e-06 	
1.500000e+01 	5.000000e+00 	5.000000e+00 	3.718935e-03 	1.126195e-05 	1.126195e-05 	
2.500000e+01 	5.000000e+00 	5.000000e+00 	1.127642e-02 	1.911395e-05 	1.911395e-05 	
3.500000e+01 	5.000000e+00 	5.000000e+00 	2.254185e-02 	2.667527e-05 	2.667527e-05 	
4.500000e+01 	5.000000e+00 	5.000000e+00 	2.479626e-02 	3.008288e-05 	3.008288e-05 	
5.500000e+01 	5.000000e+00 	5.000000e+00 	1.615481e-02 	2.281297e-05 	2.281297e-05 	
6.500000e+01 	5.000000e+00 	5.000000e+00 	7.568316e-03 	1.482740e-05 	1.482740e-05 	
7.500000e+01 	5.000000e+00 	5.000000e+00 	3.207304e-03 	8.812090e-06 	8.812090e-06 	
8.500000e+01 	5.000000e+00 	5.000000e+00 	1.426982e-03 	5.402553e-06 	5.402553e-06 	
9.500000e+01 	5.000000e+00 	5.000000e+00 	6.869945e-04 	3.431084e-06 	3.431084e-06 	
1.050000e+02 	5.000000e+00 	5.000000e+00 	3.567240e-04 	2.386261e-06 	2.386261e-06 	
1.150000e+02 	5.000000e+00 	5.000000e+00 	1.989348e-04 	1.621847e-06 	1.621847e-06 	
1.250000e+02 	5.000000e+00 	5.000000e+00 	1.191981e-04 	1.217030e-06 	1.217030e-06 	
1.350000e+02 	5.000000e+00 	5.000000e+00 	7.444370e-05 	8.863717e-07 	8.863717e-07 	
1.450000e+02 	5.000000e+00 	5.000000e+00 	4.775613e-05 	6.485896e-07 	6.485896e-07 	
1.550000e+02 	5.000000e+00 	5.000000e+00 	3.159004e-05 	4.659880e-07 	4.659880e-07 	
1.650000e+02 	5.000000e+00 	5.000000e+00 	2.175812e-05 	4.006287e-07 	4.006287e-07 	
1.750000e+02 	5.000000e+00 	5.000000e+00 	1.559133e-05 	3.019340e-07 	3.019340e-07 	
1.850000e+02 	5.000000e+00 	5.000000e+00 	1.101545e-05 	2.494071e-07 	2.494071e-07 	
1.950000e+02 	5.000000e+00 	5.000000e+00 	8.248384e-06 	1.914006e-07 	1.914006e-07 	
2.050000e+02 	5.000000e+00 	5.000000e+00 	5.878366e-06 	1.585629e-07 	1.585629e-07 	
2.150000e+02 	5.000000e+00 	5.000000e+00 	4.618162e-06 	1.263010e-07 	1.263010e-07 	
2.250000e+02 	5.000000e+00 	5.000000e+00 	3.527165e-06 	1.099189e-07 	1.099189e-07 	
2.350000e+02 	5.000000e+00 	5.000000e+00 	2.774110e-06 	9.289432e-08 	9.289432e-08 	
2.450000e+02 	5.000000e+00 	5.000000e+00 	1.983862e-06 	6.563631e-08 	6.563631e-08 	
2.550000e+02 	5.000000e+00 	5.000000e+00 	1.601113e-06 	5.786542e-08 	5.786542e-08 	
2.650000e+02 	5.000000e+00 	5.000000e+00 	1.284448e-06 	5.576490e-08 	5.576490e-08 	
2.750000e+02 	5.000000e+00 	5.000000e+00 	1.088343e-06 	5.089252e-08 	5.089252e-08 	
2.850000e+02 	5.000000e+00 	5.000000e+00 	8.658834e-07 	4.313459e-08 	4.313459e-08 	
2.950000e+02 	5.000000e+00 	5.000000e+00 	7.254568e-07 	3.768020e-08 	3.768020e-08 	
3.050000e+02 	5.000000e+00 	5.000000e+00 	5.270924e-07 	2.715112e-08 	2.715112e-08 	
3.150000e+02 	5.000000e+00 	5.000000e+00 	4.594726e-07 	2.534500e-08 	2.534500e-08 	
3.250000e+02 	5.000000e+00 	5.000000e+00 	3.700569e-07 	2.144233e-08 	2.144233e-08 	
3.350000e+02 	5.000000e+00 	5.000000e+00 	2.994237e-07 	1.981342e-08 	1.981342e-08 	
3.450000e+02 	5.000000e+00 	5.000000e+00 	2.416215e-07 	1.600532e-08 	1.600532e-08 	
3.550000e+02 	5.000000e+00 	5.000000e+00 	2.225833e-07 	1.516008e-08 	1.516008e-08 	
3.650000e+02 	5.000000e+00 	5.000000e+00 	1.775034e-07 	1.189645e-08 	1.189645e-08 	
3.750000e+02 	5.000000e+00 	5.000000e+00 	1.668521e-07 	1.046711e-08 	1.046711e-08 	
3.850000e+02 	5.000000e+00 	5.000000e+00 	1.306534e-07 	9.452323e-09 	9.452323e-09 	
3.950000e+02 	5.000000e+00 	5.000000e+00 	1.065388e-07 	9.356938e-09 	9.356938e-09 	
END SCATTER2D

BEGIN SCATTER2D /COMETA_ZZ_production_analysis/ptmm
Path=/COMETA_ZZ_production_analysis/ptmm
ScaledBy=1.07993445161953701e-05
Title=~
# val1       	err1-        	err1+        	val2         	err2-        	err2+        	
5.000000e+00 	5.000000e+00 	5.000000e+00 	5.792524e-04 	4.610208e-06 	4.610208e-06 	
1.500000e+01 	5.000000e+00 	5.000000e+00 	4.019679e-03 	1.189339e-05 	1.189339e-05 	
2.500000e+01 	5.000000e+00 	5.000000e+00 	1.159650e-02 	1.936950e-05 	1.936950e-05 	
3.500000e+01 	5.000000e+00 	5.000000e+00 	2.259811e-02 	2.815044e-05 	2.815044e-05 	
4.500000e+01 	5.000000e+00 	5.000000e+00 	2.444019e-02 	2.853395e-05 	2.853395e-05 	
5.500000e+01 	5.000000e+00 	5.000000e+00 	1.589101e-02 	2.261505e-05 	2.261505e-05 	
6.500000e+01 	5.000000e+00 	5.000000e+00 	7.402592e-03 	1.447082e-05 	1.447082e-05 	
7.500000e+01 	5.000000e+00 	5.000000e+00 	3.167084e-03 	8.683866e-06 	8.683866e-06 	
8.500000e+01 	5.000000e+00 	5.000000e+00 	1.404054e-03 	5.322390e-06 	5.322390e-06 	
9.500000e+01 	5.000000e+00 	5.000000e+00 	6.722108e-04 	3.596050e-06 	3.596050e-06 	
1.050000e+02 	5.000000e+00 	5.000000e+00 	3.499228e-04 	2.246309e-06 	2.246309e-06 	
1.150000e+02 	5.000000e+00 	5.000000e+00 	1.962515e-04 	1.554002e-06 	1.554002e-06 	
1.250000e+02 	5.000000e+00 	5.000000e+00 	1.148798e-04 	1.072638e-06 	1.072638e-06 	
1.350000e+02 	5.000000e+00 	5.000000e+00 	7.025070e-05 	7.857679e-07 	7.857679e-07 	
1.450000e+02 	5.000000e+00 	5.000000e+00 	4.683824e-05 	6.287663e-07 	6.287663e-07 	
1.550000e+02 	5.000000e+00 	5.000000e+00 	3.046281e-05 	4.484288e-07 	4.484288e-07 	
1.650000e+02 	5.000000e+00 	5.000000e+00 	2.109133e-05 	3.476905e-07 	3.476905e-07 	
1.750000e+02 	5.000000e+00 	5.000000e+00 	1.542146e-05 	2.909117e-07 	2.909117e-07 	
1.850000e+02 	5.000000e+00 	5.000000e+00 	1.095648e-05 	2.391540e-07 	2.391540e-07 	
1.950000e+02 	5.000000e+00 	5.000000e+00 	7.490534e-06 	1.651140e-07 	1.651140e-07 	
2.050000e+02 	5.000000e+00 	5.000000e+00 	5.873670e-06 	1.461809e-07 	1.461809e-07 	
2.150000e+02 	5.000000e+00 	5.000000e+00 	4.669238e-06 	1.372587e-07 	1.372587e-07 	
2.250000e+02 	5.000000e+00 	5.000000e+00 	3.250382e-06 	9.427475e-08 	9.427475e-08 	
2.350000e+02 	5.000000e+00 	5.000000e+00 	2.549670e-06 	7.971197e-08 	7.971197e-08 	
2.450000e+02 	5.000000e+00 	5.000000e+00 	2.065270e-06 	7.426290e-08 	7.426290e-08 	
2.550000e+02 	5.000000e+00 	5.000000e+00 	1.490581e-06 	5.249893e-08 	5.249893e-08 	
2.650000e+02 	5.000000e+00 	5.000000e+00 	1.217718e-06 	5.067861e-08 	5.067861e-08 	
2.750000e+02 	5.000000e+00 	5.000000e+00 	9.807548e-07 	4.107713e-08 	4.107713e-08 	
2.850000e+02 	5.000000e+00 	5.000000e+00 	7.453128e-07 	3.317490e-08 	3.317490e-08 	
2.950000e+02 	5.000000e+00 	5.000000e+00 	6.657871e-07 	3.175992e-08 	3.175992e-08 	
3.050000e+02 	5.000000e+00 	5.000000e+00 	5.396320e-07 	2.608943e-08 	2.608943e-08 	
3.150000e+02 	5.000000e+00 	5.000000e+00 	4.462104e-07 	2.441020e-08 	2.441020e-08 	
3.250000e+02 	5.000000e+00 	5.000000e+00 	3.916446e-07 	2.135346e-08 	2.135346e-08 	
3.350000e+02 	5.000000e+00 	5.000000e+00 	3.101919e-07 	1.845833e-08 	1.845833e-08 	
3.450000e+02 	5.000000e+00 	5.000000e+00 	2.236562e-07 	1.172211e-08 	1.172211e-08 	
3.550000e+02 	5.000000e+00 	5.000000e+00 	1.936141e-07 	1.179036e-08 	1.179036e-08 	
3.650000e+02 	5.000000e+00 	5.000000e+00 	1.700087e-07 	1.096880e-08 	1.096880e-08 	
3.750000e+02 	5.000000e+00 	5.000000e+00 	1.646015e-07 	1.385428e-08 	1.385428e-08 	
3.850000e+02 	5.000000e+00 	5.000000e+00 	1.194473e-07 	8.653035e-09 	8.653035e-09 	
3.950000e+02 	5.000000e+00 	5.000000e+00 	1.025691e-07 	7.306836e-09 	7.306836e-09 	
END SCATTER2D

BEGIN SCATTER2D /COMETA_ZZ_production_analysis/yep
Path=/COMETA_ZZ_production_analysis/yep
ScaledBy=1.07993445161953701e-05
Title=~
# val1       	err1-        	err1+        	val2         	err2-        	err2+        	
-2.375000e+00	1.250000e-01 	1.250000e-01 	7.924440e-02 	3.319133e-04 	3.319133e-04 	
-2.125000e+00	1.250000e-01 	1.250000e-01 	1.099423e-01 	3.843741e-04 	3.843741e-04 	
-1.875000e+00	1.250000e-01 	1.250000e-01 	1.330970e-01 	4.164561e-04 	4.164561e-04 	
-1.625000e+00	1.250000e-01 	1.250000e-01 	1.582919e-01 	4.512508e-04 	4.512508e-04 	
-1.375000e+00	1.250000e-01 	1.250000e-01 	1.822351e-01 	4.787906e-04 	4.787906e-04 	
-1.125000e+00	1.250000e-01 	1.250000e-01 	2.059371e-01 	5.108485e-04 	5.108485e-04 	
-8.750000e-01	1.250000e-01 	1.250000e-01 	2.276859e-01 	5.343908e-04 	5.343908e-04 	
-6.250000e-01	1.250000e-01 	1.250000e-01 	2.434153e-01 	5.483992e-04 	5.483992e-04 	
-3.750000e-01	1.250000e-01 	1.250000e-01 	2.545795e-01 	5.640099e-04 	5.640099e-04 	
-1.250000e-01	1.250000e-01 	1.250000e-01 	2.601146e-01 	5.681257e-04 	5.681257e-04 	
1.250000e-01 	1.250000e-01 	1.250000e-01 	2.593233e-01 	5.651916e-04 	5.651916e-04 	
3.750000e-01 	1.250000e-01 	1.250000e-01 	2.548381e-01 	5.597005e-04 	5.597005e-04 	
6.250000e-01 	1.250000e-01 	1.250000e-01 	2.435111e-01 	5.451436e-04 	5.451436e-04 	
8.750000e-01 	1.250000e-01 	1.250000e-01 	2.261297e-01 	5.245838e-04 	5.245838e-04 	
1.125000e+00 	1.250000e-01 	1.250000e-01 	2.063612e-01 	5.057181e-04 	5.057181e-04 	
1.375000e+00 	1.250000e-01 	1.250000e-01 	1.830940e-01 	5.941655e-04 	5.941655e-04 	
1.625000e+00 	1.250000e-01 	1.250000e-01 	1.577561e-01 	4.452437e-04 	4.452437e-04 	
1.875000e+00 	1.250000e-01 	1.250000e-01 	1.328831e-01 	4.152463e-04 	4.152463e-04 	
2.125000e+00 	1.250000e-01 	1.250000e-01 	1.096137e-01 	3.831546e-04 	3.831546e-04 	
2.375000e+00 	1.250000e-01 	1.250000e-01 	7.838910e-02 	3.222505e-04 	3.222505e-04 	
END SCATTER2D

BEGIN SCATTER2D /COMETA_ZZ_production_analysis/ymm
Path=/COMETA_ZZ_production_analysis/ymm
ScaledBy=1.07993445161953701e-05
Title=~
# val1       	err1-        	err1+        	val2         	err2-        	err2+        	
-2.375000e+00	1.250000e-01 	1.250000e-01 	8.813408e-02 	3.380890e-04 	3.380890e-04 	
-2.125000e+00	1.250000e-01 	1.250000e-01 	1.080313e-01 	3.712844e-04 	3.712844e-04 	
-1.875000e+00	1.250000e-01 	1.250000e-01 	1.294107e-01 	4.028301e-04 	4.028301e-04 	
-1.625000e+00	1.250000e-01 	1.250000e-01 	1.519714e-01 	4.415351e-04 	4.415351e-04 	
-1.375000e+00	1.250000e-01 	1.250000e-01 	1.754660e-01 	4.688188e-04 	4.688188e-04 	
-1.125000e+00	1.250000e-01 	1.250000e-01 	1.971157e-01 	4.966484e-04 	4.966484e-04 	
-8.750000e-01	1.250000e-01 	1.250000e-01 	2.169669e-01 	5.223225e-04 	5.223225e-04 	
-6.250000e-01	1.250000e-01 	1.250000e-01 	2.342301e-01 	5.430201e-04 	5.430201e-04 	
-3.750000e-01	1.250000e-01 	1.250000e-01 	2.442890e-01 	5.561698e-04 	5.561698e-04 	
-1.250000e-01	1.250000e-01 	1.250000e-01 	2.518840e-01 	5.665223e-04 	5.665223e-04 	
1.250000e-01 	1.250000e-01 	1.250000e-01 	2.510034e-01 	5.654173e-04 	5.654173e-04 	
3.750000e-01 	1.250000e-01 	1.250000e-01 	2.450769e-01 	5.509977e-04 	5.509977e-04 	
6.250000e-01 	1.250000e-01 	1.250000e-01 	2.333242e-01 	5.386516e-04 	5.386516e-04 	
8.750000e-01 	1.250000e-01 	1.250000e-01 	2.162989e-01 	5.190797e-04 	5.190797e-04 	
1.125000e+00 	1.250000e-01 	1.250000e-01 	1.969774e-01 	6.068035e-04 	6.068035e-04 	
1.375000e+00 	1.250000e-01 	1.250000e-01 	1.751530e-01 	4.679518e-04 	4.679518e-04 	
1.625000e+00 	1.250000e-01 	1.250000e-01 	1.521872e-01 	4.333276e-04 	4.333276e-04 	
1.875000e+00 	1.250000e-01 	1.250000e-01 	1.289152e-01 	3.991226e-04 	3.991226e-04 	
2.125000e+00 	1.250000e-01 	1.250000e-01 	1.077119e-01 	3.651111e-04 	3.651111e-04 	
2.375000e+00 	1.250000e-01 	1.250000e-01 	8.767543e-02 	3.354912e-04 	3.354912e-04 	
END SCATTER2D

BEGIN SCATTER2D /COMETA_ZZ_production_analysis/yee
Path=/COMETA_ZZ_production_analysis/yee
ScaledBy=1.07993445161953701e-05
Title=~
# val1       	err1-        	err1+        	val2         	err2-        	err2+        	
-2.875000e+00	1.250000e-01 	1.250000e-01 	0.000000e+00 	0.000000e+00 	0.000000e+00 	
-2.625000e+00	1.250000e-01 	1.250000e-01 	0.000000e+00 	0.000000e+00 	0.000000e+00 	
-2.375000e+00	1.250000e-01 	1.250000e-01 	1.491729e-02 	1.391354e-04 	1.391354e-04 	
-2.125000e+00	1.250000e-01 	1.250000e-01 	5.512293e-02 	2.564007e-04 	2.564007e-04 	
-1.875000e+00	1.250000e-01 	1.250000e-01 	9.900001e-02 	3.462047e-04 	3.462047e-04 	
-1.625000e+00	1.250000e-01 	1.250000e-01 	1.441897e-01 	4.225244e-04 	4.225244e-04 	
-1.375000e+00	1.250000e-01 	1.250000e-01 	1.877786e-01 	4.816234e-04 	4.816234e-04 	
-1.125000e+00	1.250000e-01 	1.250000e-01 	2.251240e-01 	5.322008e-04 	5.322008e-04 	
-8.750000e-01	1.250000e-01 	1.250000e-01 	2.562475e-01 	5.773666e-04 	5.773666e-04 	
-6.250000e-01	1.250000e-01 	1.250000e-01 	2.784479e-01 	5.980530e-04 	5.980530e-04 	
-3.750000e-01	1.250000e-01 	1.250000e-01 	2.927802e-01 	6.124441e-04 	6.124441e-04 	
-1.250000e-01	1.250000e-01 	1.250000e-01 	3.002977e-01 	6.199887e-04 	6.199887e-04 	
1.250000e-01 	1.250000e-01 	1.250000e-01 	2.996185e-01 	6.214669e-04 	6.214669e-04 	
3.750000e-01 	1.250000e-01 	1.250000e-01 	2.936955e-01 	6.157531e-04 	6.157531e-04 	
6.250000e-01 	1.250000e-01 	1.250000e-01 	2.783232e-01 	5.907708e-04 	5.907708e-04 	
8.750000e-01 	1.250000e-01 	1.250000e-01 	2.564151e-01 	5.663966e-04 	5.663966e-04 	
1.125000e+00 	1.250000e-01 	1.250000e-01 	2.259617e-01 	5.287829e-04 	5.287829e-04 	
1.375000e+00 	1.250000e-01 	1.250000e-01 	1.874955e-01 	4.786534e-04 	4.786534e-04 	
1.625000e+00 	1.250000e-01 	1.250000e-01 	1.432780e-01 	5.430687e-04 	5.430687e-04 	
1.875000e+00 	1.250000e-01 	1.250000e-01 	9.800713e-02 	3.390113e-04 	3.390113e-04 	
2.125000e+00 	1.250000e-01 	1.250000e-01 	5.508518e-02 	2.577965e-04 	2.577965e-04 	
2.375000e+00 	1.250000e-01 	1.250000e-01 	1.465680e-02 	1.347430e-04 	1.347430e-04 	
2.625000e+00 	1.250000e-01 	1.250000e-01 	0.000000e+00 	0.000000e+00 	0.000000e+00 	
2.875000e+00 	1.250000e-01 	1.250000e-01 	0.000000e+00 	0.000000e+00 	0.000000e+00 	
END SCATTER2D

BEGIN SCATTER2D /COMETA_ZZ_production_analysis/dyee
Path=/COMETA_ZZ_production_analysis/dyee
ScaledBy=1.07993445161953701e-05
Title=~
# val1       	err1-        	err1+        	val2         	err2-        	err2+        	
1.250000e-01 	1.250000e-01 	1.250000e-01 	6.393739e-01 	9.348002e-04 	9.348002e-04 	
3.750000e-01 	1.250000e-01 	1.250000e-01 	5.955997e-01 	8.379474e-04 	8.379474e-04 	
6.250000e-01 	1.250000e-01 	1.250000e-01 	5.323413e-01 	7.958328e-04 	7.958328e-04 	
8.750000e-01 	1.250000e-01 	1.250000e-01 	4.581688e-01 	7.538716e-04 	7.538716e-04 	
1.125000e+00 	1.250000e-01 	1.250000e-01 	3.776033e-01 	6.869269e-04 	6.869269e-04 	
1.375000e+00 	1.250000e-01 	1.250000e-01 	3.034467e-01 	6.292803e-04 	6.292803e-04 	
1.625000e+00 	1.250000e-01 	1.250000e-01 	2.365963e-01 	5.640635e-04 	5.640635e-04 	
1.875000e+00 	1.250000e-01 	1.250000e-01 	1.795030e-01 	4.988248e-04 	4.988248e-04 	
2.125000e+00 	1.250000e-01 	1.250000e-01 	1.327402e-01 	4.337991e-04 	4.337991e-04 	
2.375000e+00 	1.250000e-01 	1.250000e-01 	9.454912e-02 	3.728958e-04 	3.728958e-04 	
2.625000e+00 	1.250000e-01 	1.250000e-01 	6.510384e-02 	3.174185e-04 	3.174185e-04 	
2.875000e+00 	1.250000e-01 	1.250000e-01 	4.164874e-02 	2.575697e-04 	2.575697e-04 	
3.125000e+00 	1.250000e-01 	1.250000e-01 	2.530596e-02 	2.015382e-04 	2.015382e-04 	
3.375000e+00 	1.250000e-01 	1.250000e-01 	1.343888e-02 	1.452711e-04 	1.452711e-04 	
3.625000e+00 	1.250000e-01 	1.250000e-01 	6.720074e-03 	1.076626e-04 	1.076626e-04 	
3.875000e+00 	1.250000e-01 	1.250000e-01 	2.937626e-03 	7.341496e-05 	7.341496e-05 	
4.125000e+00 	1.250000e-01 	1.250000e-01 	9.421375e-04 	3.480288e-05 	3.480288e-05 	
4.375000e+00 	1.250000e-01 	1.250000e-01 	3.343549e-04 	2.576947e-05 	2.576947e-05 	
4.625000e+00 	1.250000e-01 	1.250000e-01 	8.250766e-05 	1.031783e-05 	1.031783e-05 	
4.875000e+00 	1.250000e-01 	1.250000e-01 	6.114213e-06 	1.816358e-06 	1.816358e-06 	
END SCATTER2D

BEGIN SCATTER2D /COMETA_ZZ_production_analysis/dypp
Path=/COMETA_ZZ_production_analysis/dypp
ScaledBy=1.07993445161953701e-05
Title=~
# val1       	err1-        	err1+        	val2         	err2-        	err2+        	
1.250000e-01 	1.250000e-01 	1.250000e-01 	4.878102e-01 	7.948186e-04 	7.948186e-04 	
3.750000e-01 	1.250000e-01 	1.250000e-01 	4.834695e-01 	7.946240e-04 	7.946240e-04 	
6.250000e-01 	1.250000e-01 	1.250000e-01 	4.667212e-01 	7.753906e-04 	7.753906e-04 	
8.750000e-01 	1.250000e-01 	1.250000e-01 	4.419825e-01 	7.494227e-04 	7.494227e-04 	
1.125000e+00 	1.250000e-01 	1.250000e-01 	4.011876e-01 	7.949928e-04 	7.949928e-04 	
1.375000e+00 	1.250000e-01 	1.250000e-01 	3.481770e-01 	6.527658e-04 	6.527658e-04 	
1.625000e+00 	1.250000e-01 	1.250000e-01 	2.908707e-01 	5.923986e-04 	5.923986e-04 	
1.875000e+00 	1.250000e-01 	1.250000e-01 	2.305797e-01 	5.251191e-04 	5.251191e-04 	
2.125000e+00 	1.250000e-01 	1.250000e-01 	1.764744e-01 	4.586709e-04 	4.586709e-04 	
2.375000e+00 	1.250000e-01 	1.250000e-01 	1.285085e-01 	3.902418e-04 	3.902418e-04 	
2.625000e+00 	1.250000e-01 	1.250000e-01 	9.200577e-02 	3.329598e-04 	3.329598e-04 	
2.875000e+00 	1.250000e-01 	1.250000e-01 	6.221076e-02 	2.770670e-04 	2.770670e-04 	
3.125000e+00 	1.250000e-01 	1.250000e-01 	4.052012e-02 	2.252077e-04 	2.252077e-04 	
3.375000e+00 	1.250000e-01 	1.250000e-01 	2.538953e-02 	1.819707e-04 	1.819707e-04 	
3.625000e+00 	1.250000e-01 	1.250000e-01 	1.466181e-02 	1.406895e-04 	1.406895e-04 	
3.875000e+00 	1.250000e-01 	1.250000e-01 	8.404390e-03 	1.118489e-04 	1.118489e-04 	
4.125000e+00 	1.250000e-01 	1.250000e-01 	4.329080e-03 	7.690324e-05 	7.690324e-05 	
4.375000e+00 	1.250000e-01 	1.250000e-01 	2.017962e-03 	5.270794e-05 	5.270794e-05 	
4.625000e+00 	1.250000e-01 	1.250000e-01 	8.232399e-04 	3.544719e-05 	3.544719e-05 	
4.875000e+00 	1.250000e-01 	1.250000e-01 	2.576352e-04 	1.606199e-05 	1.606199e-05 	
END SCATTER2D

BEGIN SCATTER2D /COMETA_ZZ_production_analysis/dyez
Path=/COMETA_ZZ_production_analysis/dyez
ScaledBy=1.07993445161953701e-05
Title=~
# val1       	err1-        	err1+        	val2         	err2-        	err2+        	
1.250000e-01 	1.250000e-01 	1.250000e-01 	5.189704e-01 	8.404784e-04 	8.404784e-04 	
3.750000e-01 	1.250000e-01 	1.250000e-01 	5.345856e-01 	9.140727e-04 	9.140727e-04 	
6.250000e-01 	1.250000e-01 	1.250000e-01 	5.413319e-01 	8.383169e-04 	8.383169e-04 	
8.750000e-01 	1.250000e-01 	1.250000e-01 	5.134975e-01 	8.044897e-04 	8.044897e-04 	
1.125000e+00 	1.250000e-01 	1.250000e-01 	4.500347e-01 	7.428958e-04 	7.428958e-04 	
1.375000e+00 	1.250000e-01 	1.250000e-01 	3.624322e-01 	6.607958e-04 	6.607958e-04 	
1.625000e+00 	1.250000e-01 	1.250000e-01 	2.725335e-01 	5.739395e-04 	5.739395e-04 	
1.875000e+00 	1.250000e-01 	1.250000e-01 	1.930320e-01 	4.783113e-04 	4.783113e-04 	
2.125000e+00 	1.250000e-01 	1.250000e-01 	1.288461e-01 	3.848617e-04 	3.848617e-04 	
2.375000e+00 	1.250000e-01 	1.250000e-01 	8.188277e-02 	3.008746e-04 	3.008746e-04 	
2.625000e+00 	1.250000e-01 	1.250000e-01 	5.058396e-02 	2.332229e-04 	2.332229e-04 	
2.875000e+00 	1.250000e-01 	1.250000e-01 	2.888665e-02 	1.748083e-04 	1.748083e-04 	
3.125000e+00 	1.250000e-01 	1.250000e-01 	1.576849e-02 	1.193500e-04 	1.193500e-04 	
3.375000e+00 	1.250000e-01 	1.250000e-01 	7.901562e-03 	8.252525e-05 	8.252525e-05 	
3.625000e+00 	1.250000e-01 	1.250000e-01 	3.641169e-03 	5.152951e-05 	5.152951e-05 	
3.875000e+00 	1.250000e-01 	1.250000e-01 	1.546086e-03 	3.126442e-05 	3.126442e-05 	
4.125000e+00 	1.250000e-01 	1.250000e-01 	6.681317e-04 	2.136670e-05 	2.136670e-05 	
4.375000e+00 	1.250000e-01 	1.250000e-01 	2.302723e-04 	1.186329e-05 	1.186329e-05 	
4.625000e+00 	1.250000e-01 	1.250000e-01 	5.834623e-05 	4.890128e-06 	4.890128e-06 	
4.875000e+00 	1.250000e-01 	1.250000e-01 	1.109700e-05 	1.847775e-06 	1.847775e-06 	
END SCATTER2D

BEGIN SCATTER2D /COMETA_ZZ_production_analysis/dphiee
Path=/COMETA_ZZ_production_analysis/dphiee
ScaledBy=1.07993445161953701e-05
Title=~
# val1       	err1-        	err1+        	val2         	err2-        	err2+        	
3.000000e+00 	3.000000e+00 	3.000000e+00 	4.734302e-04 	4.533553e-06 	4.533553e-06 	
9.000000e+00 	3.000000e+00 	3.000000e+00 	4.739083e-04 	4.492022e-06 	4.492022e-06 	
1.500000e+01 	3.000000e+00 	3.000000e+00 	5.023558e-04 	4.641047e-06 	4.641047e-06 	
2.100000e+01 	3.000000e+00 	3.000000e+00 	5.266239e-04 	4.783767e-06 	4.783767e-06 	
2.700000e+01 	3.000000e+00 	3.000000e+00 	5.589827e-04 	4.812709e-06 	4.812709e-06 	
3.300000e+01 	3.000000e+00 	3.000000e+00 	6.062877e-04 	5.176308e-06 	5.176308e-06 	
3.900000e+01 	3.000000e+00 	3.000000e+00 	6.729361e-04 	5.509982e-06 	5.509982e-06 	
4.500000e+01 	3.000000e+00 	3.000000e+00 	7.527995e-04 	5.493570e-06 	5.493570e-06 	
5.100000e+01 	3.000000e+00 	3.000000e+00 	8.584425e-04 	6.153365e-06 	6.153365e-06 	
5.700000e+01 	3.000000e+00 	3.000000e+00 	9.860442e-04 	6.386825e-06 	6.386825e-06 	
6.300000e+01 	3.000000e+00 	3.000000e+00 	1.137278e-03 	6.739005e-06 	6.739005e-06 	
6.900000e+01 	3.000000e+00 	3.000000e+00 	1.354544e-03 	7.485318e-06 	7.485318e-06 	
7.500000e+01 	3.000000e+00 	3.000000e+00 	1.608725e-03 	8.163079e-06 	8.163079e-06 	
8.100000e+01 	3.000000e+00 	3.000000e+00 	1.948708e-03 	9.273251e-06 	9.273251e-06 	
8.700000e+01 	3.000000e+00 	3.000000e+00 	2.344733e-03 	1.010772e-05 	1.010772e-05 	
9.300000e+01 	3.000000e+00 	3.000000e+00 	2.852306e-03 	1.155276e-05 	1.155276e-05 	
9.900000e+01 	3.000000e+00 	3.000000e+00 	3.493535e-03 	1.285881e-05 	1.285881e-05 	
1.050000e+02 	3.000000e+00 	3.000000e+00 	4.251284e-03 	1.433773e-05 	1.433773e-05 	
1.110000e+02 	3.000000e+00 	3.000000e+00 	5.162591e-03 	1.590258e-05 	1.590258e-05 	
1.170000e+02 	3.000000e+00 	3.000000e+00 	6.193893e-03 	1.790804e-05 	1.790804e-05 	
1.230000e+02 	3.000000e+00 	3.000000e+00 	7.435885e-03 	2.012748e-05 	2.012748e-05 	
1.290000e+02 	3.000000e+00 	3.000000e+00 	8.691610e-03 	2.200736e-05 	2.200736e-05 	
1.350000e+02 	3.000000e+00 	3.000000e+00 	1.011091e-02 	2.402506e-05 	2.402506e-05 	
1.410000e+02 	3.000000e+00 	3.000000e+00 	1.145090e-02 	2.571892e-05 	2.571892e-05 	
1.470000e+02 	3.000000e+00 	3.000000e+00 	1.260894e-02 	2.708237e-05 	2.708237e-05 	
1.530000e+02 	3.000000e+00 	3.000000e+00 	1.347003e-02 	2.767037e-05 	2.767037e-05 	
1.590000e+02 	3.000000e+00 	3.000000e+00 	1.387472e-02 	2.751779e-05 	2.751779e-05 	
1.650000e+02 	3.000000e+00 	3.000000e+00 	1.381231e-02 	2.685108e-05 	2.685108e-05 	
1.710000e+02 	3.000000e+00 	3.000000e+00 	1.332007e-02 	2.572604e-05 	2.572604e-05 	
1.770000e+02 	3.000000e+00 	3.000000e+00 	1.290032e-02 	2.891284e-05 	2.891284e-05 	
END SCATTER2D

BEGIN SCATTER2D /COMETA_ZZ_production_analysis/dphipp
Path=/COMETA_ZZ_production_analysis/dphipp
ScaledBy=1.07993445161953701e-05
Title=~
# val1       	err1-        	err1+        	val2         	err2-        	err2+        	
3.000000e+00 	3.000000e+00 	3.000000e+00 	4.348911e-03 	1.547349e-05 	1.547349e-05 	
9.000000e+00 	3.000000e+00 	3.000000e+00 	4.348749e-03 	1.541014e-05 	1.541014e-05 	
1.500000e+01 	3.000000e+00 	3.000000e+00 	4.401747e-03 	1.569837e-05 	1.569837e-05 	
2.100000e+01 	3.000000e+00 	3.000000e+00 	4.412433e-03 	1.560477e-05 	1.560477e-05 	
2.700000e+01 	3.000000e+00 	3.000000e+00 	4.449703e-03 	1.562493e-05 	1.562493e-05 	
3.300000e+01 	3.000000e+00 	3.000000e+00 	4.459556e-03 	1.555124e-05 	1.555124e-05 	
3.900000e+01 	3.000000e+00 	3.000000e+00 	4.533765e-03 	1.568778e-05 	1.568778e-05 	
4.500000e+01 	3.000000e+00 	3.000000e+00 	4.557833e-03 	1.572101e-05 	1.572101e-05 	
5.100000e+01 	3.000000e+00 	3.000000e+00 	4.658625e-03 	1.578406e-05 	1.578406e-05 	
5.700000e+01 	3.000000e+00 	3.000000e+00 	4.677620e-03 	1.585095e-05 	1.585095e-05 	
6.300000e+01 	3.000000e+00 	3.000000e+00 	4.727149e-03 	2.161577e-05 	2.161577e-05 	
6.900000e+01 	3.000000e+00 	3.000000e+00 	4.855595e-03 	1.604373e-05 	1.604373e-05 	
7.500000e+01 	3.000000e+00 	3.000000e+00 	4.899271e-03 	1.593090e-05 	1.593090e-05 	
8.100000e+01 	3.000000e+00 	3.000000e+00 	4.968289e-03 	1.620666e-05 	1.620666e-05 	
8.700000e+01 	3.000000e+00 	3.000000e+00 	5.037559e-03 	1.616254e-05 	1.616254e-05 	
9.300000e+01 	3.000000e+00 	3.000000e+00 	5.116267e-03 	1.617761e-05 	1.617761e-05 	
9.900000e+01 	3.000000e+00 	3.000000e+00 	5.162011e-03 	1.632956e-05 	1.632956e-05 	
1.050000e+02 	3.000000e+00 	3.000000e+00 	5.310042e-03 	1.641427e-05 	1.641427e-05 	
1.110000e+02 	3.000000e+00 	3.000000e+00 	5.375491e-03 	1.668883e-05 	1.668883e-05 	
1.170000e+02 	3.000000e+00 	3.000000e+00 	5.430110e-03 	1.689168e-05 	1.689168e-05 	
1.230000e+02 	3.000000e+00 	3.000000e+00 	5.535196e-03 	1.674604e-05 	1.674604e-05 	
1.290000e+02 	3.000000e+00 	3.000000e+00 	5.574675e-03 	1.682836e-05 	1.682836e-05 	
1.350000e+02 	3.000000e+00 	3.000000e+00 	5.689715e-03 	1.723986e-05 	1.723986e-05 	
1.410000e+02 	3.000000e+00 	3.000000e+00 	5.789883e-03 	1.715411e-05 	1.715411e-05 	
1.470000e+02 	3.000000e+00 	3.000000e+00 	5.847818e-03 	1.735884e-05 	1.735884e-05 	
1.530000e+02 	3.000000e+00 	3.000000e+00 	5.931016e-03 	1.750619e-05 	1.750619e-05 	
1.590000e+02 	3.000000e+00 	3.000000e+00 	5.994342e-03 	1.751122e-05 	1.751122e-05 	
1.650000e+02 	3.000000e+00 	3.000000e+00 	6.076030e-03 	1.759668e-05 	1.759668e-05 	
1.710000e+02 	3.000000e+00 	3.000000e+00 	6.087706e-03 	1.758417e-05 	1.758417e-05 	
1.770000e+02 	3.000000e+00 	3.000000e+00 	6.178001e-03 	1.768897e-05 	1.768897e-05 	
END SCATTER2D

BEGIN SCATTER2D /COMETA_ZZ_production_analysis/dree
Path=/COMETA_ZZ_production_analysis/dree
ScaledBy=1.07993445161953701e-05
Title=~
# val1       	err1-        	err1+        	val2         	err2-        	err2+        	
1.000000e-01 	1.000000e-01 	1.000000e-01 	1.579392e-06 	2.084791e-07 	2.084791e-07 	
3.000000e-01 	1.000000e-01 	1.000000e-01 	1.057388e-04 	2.143256e-06 	2.143256e-06 	
5.000000e-01 	1.000000e-01 	1.000000e-01 	8.710486e-04 	1.166733e-05 	1.166733e-05 	
7.000000e-01 	1.000000e-01 	1.000000e-01 	3.036704e-03 	2.964528e-05 	2.964528e-05 	
9.000000e-01 	1.000000e-01 	1.000000e-01 	7.820150e-03 	6.028746e-05 	6.028746e-05 	
1.100000e+00 	1.000000e-01 	1.000000e-01 	1.673975e-02 	1.048470e-04 	1.048470e-04 	
1.300000e+00 	1.000000e-01 	1.000000e-01 	3.247055e-02 	1.594296e-04 	1.594296e-04 	
1.500000e+00 	1.000000e-01 	1.000000e-01 	6.045939e-02 	2.430295e-04 	2.430295e-04 	
1.700000e+00 	1.000000e-01 	1.000000e-01 	1.063097e-01 	3.480380e-04 	3.480380e-04 	
1.900000e+00 	1.000000e-01 	1.000000e-01 	1.793440e-01 	4.703832e-04 	4.703832e-04 	
2.100000e+00 	1.000000e-01 	1.000000e-01 	2.898080e-01 	6.354233e-04 	6.354233e-04 	
2.300000e+00 	1.000000e-01 	1.000000e-01 	4.367524e-01 	8.206335e-04 	8.206335e-04 	
2.500000e+00 	1.000000e-01 	1.000000e-01 	6.080511e-01 	1.002661e-03 	1.002661e-03 	
2.700000e+00 	1.000000e-01 	1.000000e-01 	7.567448e-01 	1.125688e-03 	1.125688e-03 	
2.900000e+00 	1.000000e-01 	1.000000e-01 	8.286514e-01 	1.153872e-03 	1.153872e-03 	
3.100000e+00 	1.000000e-01 	1.000000e-01 	7.447503e-01 	1.153359e-03 	1.153359e-03 	
3.300000e+00 	1.000000e-01 	1.000000e-01 	2.946531e-01 	7.130430e-04 	7.130430e-04 	
3.500000e+00 	1.000000e-01 	1.000000e-01 	1.335340e-01 	5.000073e-04 	5.000073e-04 	
3.700000e+00 	1.000000e-01 	1.000000e-01 	6.739968e-02 	3.620742e-04 	3.620742e-04 	
3.900000e+00 	1.000000e-01 	1.000000e-01 	3.449832e-02 	2.688328e-04 	2.688328e-04 	
4.100000e+00 	1.000000e-01 	1.000000e-01 	1.748165e-02 	1.949318e-04 	1.949318e-04 	
4.300000e+00 	1.000000e-01 	1.000000e-01 	7.944603e-03 	1.265678e-04 	1.265678e-04 	
4.500000e+00 	1.000000e-01 	1.000000e-01 	3.601914e-03 	8.506715e-05 	8.506715e-05 	
4.700000e+00 	1.000000e-01 	1.000000e-01 	1.371228e-03 	4.995242e-05 	4.995242e-05 	
4.900000e+00 	1.000000e-01 	1.000000e-01 	4.461464e-04 	2.806319e-05 	2.806319e-05 	
5.100000e+00 	1.000000e-01 	1.000000e-01 	1.568772e-04 	1.631747e-05 	1.631747e-05 	
5.300000e+00 	1.000000e-01 	1.000000e-01 	3.810134e-05 	6.835351e-06 	6.835351e-06 	
5.500000e+00 	1.000000e-01 	1.000000e-01 	1.121357e-05 	3.297043e-06 	3.297043e-06 	
5.700000e+00 	1.000000e-01 	1.000000e-01 	-1.564133e-07	1.407409e-07 	1.407409e-07 	
5.900000e+00 	1.000000e-01 	1.000000e-01 	0.000000e+00 	0.000000e+00 	0.000000e+00 	
END SCATTER2D

BEGIN SCATTER2D /COMETA_ZZ_production_analysis/drpp
Path=/COMETA_ZZ_production_analysis/drpp
ScaledBy=1.07993445161953701e-05
Title=~
# val1       	err1-        	err1+        	val2         	err2-        	err2+        	
1.000000e-01 	1.000000e-01 	1.000000e-01 	1.706398e-02 	1.655487e-04 	1.655487e-04 	
3.000000e-01 	1.000000e-01 	1.000000e-01 	5.506881e-02 	2.958070e-04 	2.958070e-04 	
5.000000e-01 	1.000000e-01 	1.000000e-01 	9.404625e-02 	3.800864e-04 	3.800864e-04 	
7.000000e-01 	1.000000e-01 	1.000000e-01 	1.337743e-01 	4.628201e-04 	4.628201e-04 	
9.000000e-01 	1.000000e-01 	1.000000e-01 	1.750029e-01 	5.346138e-04 	5.346138e-04 	
1.100000e+00 	1.000000e-01 	1.000000e-01 	2.153805e-01 	5.935478e-04 	5.935478e-04 	
1.300000e+00 	1.000000e-01 	1.000000e-01 	2.535917e-01 	6.442240e-04 	6.442240e-04 	
1.500000e+00 	1.000000e-01 	1.000000e-01 	2.864836e-01 	8.164702e-04 	8.164702e-04 	
1.700000e+00 	1.000000e-01 	1.000000e-01 	3.138355e-01 	7.110590e-04 	7.110590e-04 	
1.900000e+00 	1.000000e-01 	1.000000e-01 	3.370955e-01 	7.364873e-04 	7.364873e-04 	
2.100000e+00 	1.000000e-01 	1.000000e-01 	3.559678e-01 	7.483570e-04 	7.483570e-04 	
2.300000e+00 	1.000000e-01 	1.000000e-01 	3.676618e-01 	7.618211e-04 	7.618211e-04 	
2.500000e+00 	1.000000e-01 	1.000000e-01 	3.790638e-01 	7.674083e-04 	7.674083e-04 	
2.700000e+00 	1.000000e-01 	1.000000e-01 	3.868768e-01 	7.779362e-04 	7.779362e-04 	
2.900000e+00 	1.000000e-01 	1.000000e-01 	3.912192e-01 	7.788583e-04 	7.788583e-04 	
3.100000e+00 	1.000000e-01 	1.000000e-01 	3.693221e-01 	7.550946e-04 	7.550946e-04 	
3.300000e+00 	1.000000e-01 	1.000000e-01 	2.039223e-01 	5.445654e-04 	5.445654e-04 	
3.500000e+00 	1.000000e-01 	1.000000e-01 	1.198872e-01 	4.122253e-04 	4.122253e-04 	
3.700000e+00 	1.000000e-01 	1.000000e-01 	7.315139e-02 	3.211175e-04 	3.211175e-04 	
3.900000e+00 	1.000000e-01 	1.000000e-01 	4.485161e-02 	2.562262e-04 	2.562262e-04 	
4.100000e+00 	1.000000e-01 	1.000000e-01 	2.666383e-02 	2.018748e-04 	2.018748e-04 	
4.300000e+00 	1.000000e-01 	1.000000e-01 	1.545291e-02 	1.517174e-04 	1.517174e-04 	
4.500000e+00 	1.000000e-01 	1.000000e-01 	8.728012e-03 	1.180346e-04 	1.180346e-04 	
4.700000e+00 	1.000000e-01 	1.000000e-01 	4.651885e-03 	8.685568e-05 	8.685568e-05 	
4.900000e+00 	1.000000e-01 	1.000000e-01 	2.471222e-03 	6.697996e-05 	6.697996e-05 	
5.100000e+00 	1.000000e-01 	1.000000e-01 	1.141709e-03 	4.226233e-05 	4.226233e-05 	
5.300000e+00 	1.000000e-01 	1.000000e-01 	4.317384e-04 	2.584904e-05 	2.584904e-05 	
5.500000e+00 	1.000000e-01 	1.000000e-01 	2.003815e-04 	2.057137e-05 	2.057137e-05 	
5.700000e+00 	1.000000e-01 	1.000000e-01 	4.018591e-05 	5.871054e-06 	5.871054e-06 	
5.900000e+00 	1.000000e-01 	1.000000e-01 	4.119538e-06 	1.857246e-06 	1.857246e-06 	
END SCATTER2D

BEGIN SCATTER2D /COMETA_ZZ_production_analysis/cthep
Path=/COMETA_ZZ_production_analysis/cthep
ScaledBy=1.07993445161953701e-05
Title=~
# val1       	err1-        	err1+        	val2         	err2-        	err2+        	
-9.750000e-01	2.500000e-02 	2.500000e-02 	2.976697e-02 	1.249688e-04 	1.249688e-04 	
-9.250000e-01	2.500000e-02 	2.500000e-02 	9.038898e-02 	3.243239e-04 	3.243239e-04 	
-8.750000e-01	2.500000e-02 	2.500000e-02 	1.510060e-01 	5.292622e-04 	5.292622e-04 	
-8.250000e-01	2.500000e-02 	2.500000e-02 	2.092421e-01 	7.207883e-04 	7.207883e-04 	
-7.750000e-01	2.500000e-02 	2.500000e-02 	2.651128e-01 	9.091282e-04 	9.091282e-04 	
-7.250000e-01	2.500000e-02 	2.500000e-02 	3.190461e-01 	1.077758e-03 	1.077758e-03 	
-6.750000e-01	2.500000e-02 	2.500000e-02 	3.714088e-01 	1.271729e-03 	1.271729e-03 	
-6.250000e-01	2.500000e-02 	2.500000e-02 	4.197001e-01 	1.437465e-03 	1.437465e-03 	
-5.750000e-01	2.500000e-02 	2.500000e-02 	4.621294e-01 	1.561785e-03 	1.561785e-03 	
-5.250000e-01	2.500000e-02 	2.500000e-02 	5.029339e-01 	1.694031e-03 	1.694031e-03 	
-4.750000e-01	2.500000e-02 	2.500000e-02 	5.339938e-01 	2.513758e-03 	2.513758e-03 	
-4.250000e-01	2.500000e-02 	2.500000e-02 	5.716758e-01 	1.924236e-03 	1.924236e-03 	
-3.750000e-01	2.500000e-02 	2.500000e-02 	6.046468e-01 	2.023731e-03 	2.023731e-03 	
-3.250000e-01	2.500000e-02 	2.500000e-02 	6.257615e-01 	2.082448e-03 	2.082448e-03 	
-2.750000e-01	2.500000e-02 	2.500000e-02 	6.472576e-01 	2.162084e-03 	2.162084e-03 	
-2.250000e-01	2.500000e-02 	2.500000e-02 	6.652566e-01 	2.218214e-03 	2.218214e-03 	
-1.750000e-01	2.500000e-02 	2.500000e-02 	6.828841e-01 	2.281637e-03 	2.281637e-03 	
-1.250000e-01	2.500000e-02 	2.500000e-02 	6.960600e-01 	2.310594e-03 	2.310594e-03 	
-7.500000e-02	2.500000e-02 	2.500000e-02 	7.052912e-01 	2.337841e-03 	2.337841e-03 	
-2.500000e-02	2.500000e-02 	2.500000e-02 	7.074267e-01 	2.352243e-03 	2.352243e-03 	
2.500000e-02 	2.500000e-02 	2.500000e-02 	7.097742e-01 	2.363820e-03 	2.363820e-03 	
7.500000e-02 	2.500000e-02 	2.500000e-02 	7.039286e-01 	2.343284e-03 	2.343284e-03 	
1.250000e-01 	2.500000e-02 	2.500000e-02 	6.924270e-01 	2.309469e-03 	2.309469e-03 	
1.750000e-01 	2.500000e-02 	2.500000e-02 	6.861081e-01 	2.272613e-03 	2.272613e-03 	
2.250000e-01 	2.500000e-02 	2.500000e-02 	6.667660e-01 	2.217232e-03 	2.217232e-03 	
2.750000e-01 	2.500000e-02 	2.500000e-02 	6.487861e-01 	2.140626e-03 	2.140626e-03 	
3.250000e-01 	2.500000e-02 	2.500000e-02 	6.300312e-01 	2.092642e-03 	2.092642e-03 	
3.750000e-01 	2.500000e-02 	2.500000e-02 	6.047141e-01 	2.006305e-03 	2.006305e-03 	
4.250000e-01 	2.500000e-02 	2.500000e-02 	5.739098e-01 	1.918686e-03 	1.918686e-03 	
4.750000e-01 	2.500000e-02 	2.500000e-02 	5.401903e-01 	1.802190e-03 	1.802190e-03 	
5.250000e-01 	2.500000e-02 	2.500000e-02 	5.025613e-01 	1.678917e-03 	1.678917e-03 	
5.750000e-01 	2.500000e-02 	2.500000e-02 	4.603860e-01 	1.559769e-03 	1.559769e-03 	
6.250000e-01 	2.500000e-02 	2.500000e-02 	4.166117e-01 	1.411537e-03 	1.411537e-03 	
6.750000e-01 	2.500000e-02 	2.500000e-02 	3.692411e-01 	1.251069e-03 	1.251069e-03 	
7.250000e-01 	2.500000e-02 	2.500000e-02 	3.214824e-01 	1.102529e-03 	1.102529e-03 	
7.750000e-01 	2.500000e-02 	2.500000e-02 	2.644755e-01 	9.079015e-04 	9.079015e-04 	
8.250000e-01 	2.500000e-02 	2.500000e-02 	2.101333e-01 	7.228522e-04 	7.228522e-04 	
8.750000e-01 	2.500000e-02 	2.500000e-02 	1.499758e-01 	5.435448e-04 	5.435448e-04 	
9.250000e-01 	2.500000e-02 	2.500000e-02 	9.034686e-02 	3.229353e-04 	3.229353e-04 	
9.750000e-01 	2.500000e-02 	2.500000e-02 	2.937403e-02 	1.234422e-04 	1.234422e-04 	
END SCATTER2D

BEGIN SCATTER2D /COMETA_ZZ_production_analysis/cthmm
Path=/COMETA_ZZ_production_analysis/cthmm
ScaledBy=1.07993445161953701e-05
Title=~
# val1       	err1-        	err1+        	val2         	err2-        	err2+        	
-9.750000e-01	2.500000e-02 	2.500000e-02 	3.161076e-02 	1.313719e-04 	1.313719e-04 	
-9.250000e-01	2.500000e-02 	2.500000e-02 	9.433901e-02 	3.363850e-04 	3.363850e-04 	
-8.750000e-01	2.500000e-02 	2.500000e-02 	1.553364e-01 	5.397760e-04 	5.397760e-04 	
-8.250000e-01	2.500000e-02 	2.500000e-02 	2.127415e-01 	7.327245e-04 	7.327245e-04 	
-7.750000e-01	2.500000e-02 	2.500000e-02 	2.711944e-01 	9.288785e-04 	9.288785e-04 	
-7.250000e-01	2.500000e-02 	2.500000e-02 	3.210732e-01 	2.077638e-03 	2.077638e-03 	
-6.750000e-01	2.500000e-02 	2.500000e-02 	3.709153e-01 	1.249640e-03 	1.249640e-03 	
-6.250000e-01	2.500000e-02 	2.500000e-02 	4.179346e-01 	1.418499e-03 	1.418499e-03 	
-5.750000e-01	2.500000e-02 	2.500000e-02 	4.640152e-01 	1.568476e-03 	1.568476e-03 	
-5.250000e-01	2.500000e-02 	2.500000e-02 	5.033368e-01 	1.691098e-03 	1.691098e-03 	
-4.750000e-01	2.500000e-02 	2.500000e-02 	5.369569e-01 	1.819774e-03 	1.819774e-03 	
-4.250000e-01	2.500000e-02 	2.500000e-02 	5.743136e-01 	1.924935e-03 	1.924935e-03 	
-3.750000e-01	2.500000e-02 	2.500000e-02 	5.995852e-01 	1.999528e-03 	1.999528e-03 	
-3.250000e-01	2.500000e-02 	2.500000e-02 	6.233010e-01 	2.076259e-03 	2.076259e-03 	
-2.750000e-01	2.500000e-02 	2.500000e-02 	6.439672e-01 	2.157523e-03 	2.157523e-03 	
-2.250000e-01	2.500000e-02 	2.500000e-02 	6.657122e-01 	2.219455e-03 	2.219455e-03 	
-1.750000e-01	2.500000e-02 	2.500000e-02 	6.836054e-01 	2.264914e-03 	2.264914e-03 	
-1.250000e-01	2.500000e-02 	2.500000e-02 	6.906138e-01 	2.305337e-03 	2.305337e-03 	
-7.500000e-02	2.500000e-02 	2.500000e-02 	6.982181e-01 	2.331045e-03 	2.331045e-03 	
-2.500000e-02	2.500000e-02 	2.500000e-02 	7.039006e-01 	2.336521e-03 	2.336521e-03 	
2.500000e-02 	2.500000e-02 	2.500000e-02 	7.021546e-01 	2.351797e-03 	2.351797e-03 	
7.500000e-02 	2.500000e-02 	2.500000e-02 	6.994976e-01 	2.348391e-03 	2.348391e-03 	
1.250000e-01 	2.500000e-02 	2.500000e-02 	6.921788e-01 	2.297867e-03 	2.297867e-03 	
1.750000e-01 	2.500000e-02 	2.500000e-02 	6.808434e-01 	2.269621e-03 	2.269621e-03 	
2.250000e-01 	2.500000e-02 	2.500000e-02 	6.653682e-01 	2.219484e-03 	2.219484e-03 	
2.750000e-01 	2.500000e-02 	2.500000e-02 	6.468435e-01 	2.164199e-03 	2.164199e-03 	
3.250000e-01 	2.500000e-02 	2.500000e-02 	6.262768e-01 	2.091647e-03 	2.091647e-03 	
3.750000e-01 	2.500000e-02 	2.500000e-02 	6.010957e-01 	2.005492e-03 	2.005492e-03 	
4.250000e-01 	2.500000e-02 	2.500000e-02 	5.713685e-01 	1.908600e-03 	1.908600e-03 	
4.750000e-01 	2.500000e-02 	2.500000e-02 	5.368913e-01 	1.812064e-03 	1.812064e-03 	
5.250000e-01 	2.500000e-02 	2.500000e-02 	5.012315e-01 	1.700467e-03 	1.700467e-03 	
5.750000e-01 	2.500000e-02 	2.500000e-02 	4.644988e-01 	1.556010e-03 	1.556010e-03 	
6.250000e-01 	2.500000e-02 	2.500000e-02 	4.208562e-01 	1.436560e-03 	1.436560e-03 	
6.750000e-01 	2.500000e-02 	2.500000e-02 	3.724693e-01 	1.266655e-03 	1.266655e-03 	
7.250000e-01 	2.500000e-02 	2.500000e-02 	3.241696e-01 	1.102861e-03 	1.102861e-03 	
7.750000e-01 	2.500000e-02 	2.500000e-02 	2.696530e-01 	9.191122e-04 	9.191122e-04 	
8.250000e-01 	2.500000e-02 	2.500000e-02 	2.126278e-01 	7.357665e-04 	7.357665e-04 	
8.750000e-01 	2.500000e-02 	2.500000e-02 	1.558137e-01 	5.399462e-04 	5.399462e-04 	
9.250000e-01 	2.500000e-02 	2.500000e-02 	9.388493e-02 	3.327704e-04 	3.327704e-04 	
9.750000e-01 	2.500000e-02 	2.500000e-02 	3.181851e-02 	1.293965e-04 	1.293965e-04 	
END SCATTER2D

BEGIN SCATTER2D /COMETA_ZZ_production_analysis/cscatt
Path=/COMETA_ZZ_production_analysis/cscatt
ScaledBy=1.07993445161953701e-05
Title=~
# val1       	err1-        	err1+        	val2         	err2-        	err2+        	
1.250000e-02 	1.250000e-02 	1.250000e-02 	2.076212e-01 	1.561017e-03 	1.561017e-03 	
3.750000e-02 	1.250000e-02 	1.250000e-02 	2.148499e-01 	1.614535e-03 	1.614535e-03 	
6.250000e-02 	1.250000e-02 	1.250000e-02 	2.170816e-01 	1.636228e-03 	1.636228e-03 	
8.750000e-02 	1.250000e-02 	1.250000e-02 	2.296857e-01 	1.661097e-03 	1.661097e-03 	
1.125000e-01 	1.250000e-02 	1.250000e-02 	2.391646e-01 	1.679680e-03 	1.679680e-03 	
1.375000e-01 	1.250000e-02 	1.250000e-02 	2.576549e-01 	1.698144e-03 	1.698144e-03 	
1.625000e-01 	1.250000e-02 	1.250000e-02 	2.748554e-01 	1.791758e-03 	1.791758e-03 	
1.875000e-01 	1.250000e-02 	1.250000e-02 	2.945961e-01 	1.784951e-03 	1.784951e-03 	
2.125000e-01 	1.250000e-02 	1.250000e-02 	3.200214e-01 	1.931748e-03 	1.931748e-03 	
2.375000e-01 	1.250000e-02 	1.250000e-02 	3.492728e-01 	1.938646e-03 	1.938646e-03 	
2.625000e-01 	1.250000e-02 	1.250000e-02 	3.806119e-01 	2.060640e-03 	2.060640e-03 	
2.875000e-01 	1.250000e-02 	1.250000e-02 	4.142570e-01 	2.172931e-03 	2.172931e-03 	
3.125000e-01 	1.250000e-02 	1.250000e-02 	4.459412e-01 	2.203740e-03 	2.203740e-03 	
3.375000e-01 	1.250000e-02 	1.250000e-02 	4.899876e-01 	2.362763e-03 	2.362763e-03 	
3.625000e-01 	1.250000e-02 	1.250000e-02 	5.336999e-01 	2.507455e-03 	2.507455e-03 	
3.875000e-01 	1.250000e-02 	1.250000e-02 	5.798284e-01 	2.657530e-03 	2.657530e-03 	
4.125000e-01 	1.250000e-02 	1.250000e-02 	6.313440e-01 	2.778543e-03 	2.778543e-03 	
4.375000e-01 	1.250000e-02 	1.250000e-02 	6.735945e-01 	2.906534e-03 	2.906534e-03 	
4.625000e-01 	1.250000e-02 	1.250000e-02 	7.359143e-01 	3.070837e-03 	3.070837e-03 	
4.875000e-01 	1.250000e-02 	1.250000e-02 	7.785088e-01 	3.195867e-03 	3.195867e-03 	
5.125000e-01 	1.250000e-02 	1.250000e-02 	8.497569e-01 	3.400044e-03 	3.400044e-03 	
5.375000e-01 	1.250000e-02 	1.250000e-02 	9.102421e-01 	3.594436e-03 	3.594436e-03 	
5.625000e-01 	1.250000e-02 	1.250000e-02 	9.726942e-01 	3.746865e-03 	3.746865e-03 	
5.875000e-01 	1.250000e-02 	1.250000e-02 	1.033345e+00 	3.869710e-03 	3.869710e-03 	
6.125000e-01 	1.250000e-02 	1.250000e-02 	1.108123e+00 	4.026049e-03 	4.026049e-03 	
6.375000e-01 	1.250000e-02 	1.250000e-02 	1.178558e+00 	4.202982e-03 	4.202982e-03 	
6.625000e-01 	1.250000e-02 	1.250000e-02 	1.252135e+00 	4.309690e-03 	4.309690e-03 	
6.875000e-01 	1.250000e-02 	1.250000e-02 	1.323390e+00 	4.422172e-03 	4.422172e-03 	
7.125000e-01 	1.250000e-02 	1.250000e-02 	1.400966e+00 	4.546351e-03 	4.546351e-03 	
7.375000e-01 	1.250000e-02 	1.250000e-02 	1.466749e+00 	4.624152e-03 	4.624152e-03 	
7.625000e-01 	1.250000e-02 	1.250000e-02 	1.547093e+00 	4.735747e-03 	4.735747e-03 	
7.875000e-01 	1.250000e-02 	1.250000e-02 	1.629916e+00 	4.808653e-03 	4.808653e-03 	
8.125000e-01 	1.250000e-02 	1.250000e-02 	1.679275e+00 	4.831450e-03 	4.831450e-03 	
8.375000e-01 	1.250000e-02 	1.250000e-02 	1.752136e+00 	5.959970e-03 	5.959970e-03 	
8.625000e-01 	1.250000e-02 	1.250000e-02 	1.812746e+00 	4.751300e-03 	4.751300e-03 	
8.875000e-01 	1.250000e-02 	1.250000e-02 	1.854994e+00 	4.616673e-03 	4.616673e-03 	
9.125000e-01 	1.250000e-02 	1.250000e-02 	1.867438e+00 	4.480708e-03 	4.480708e-03 	
9.375000e-01 	1.250000e-02 	1.250000e-02 	1.849194e+00 	4.207297e-03 	4.207297e-03 	
9.625000e-01 	1.250000e-02 	1.250000e-02 	1.769957e+00 	3.842910e-03 	3.842910e-03 	
9.875000e-01 	1.250000e-02 	1.250000e-02 	1.537227e+00 	3.422985e-03 	3.422985e-03 	
END SCATTER2D

BEGIN SCATTER2D /COMETA_ZZ_production_analysis/cosee
Path=/COMETA_ZZ_production_analysis/cosee
ScaledBy=1.07993445161953701e-05
Title=~
# val1       	err1-        	err1+        	val2         	err2-        	err2+        	
-9.750000e-01	2.500000e-02 	2.500000e-02 	5.363159e-01 	1.854004e-03 	1.854004e-03 	
-9.250000e-01	2.500000e-02 	2.500000e-02 	5.655378e-01 	1.961256e-03 	1.961256e-03 	
-8.750000e-01	2.500000e-02 	2.500000e-02 	5.706643e-01 	1.966241e-03 	1.966241e-03 	
-8.250000e-01	2.500000e-02 	2.500000e-02 	5.708965e-01 	1.983927e-03 	1.983927e-03 	
-7.750000e-01	2.500000e-02 	2.500000e-02 	5.624541e-01 	1.970311e-03 	1.970311e-03 	
-7.250000e-01	2.500000e-02 	2.500000e-02 	5.539607e-01 	1.970594e-03 	1.970594e-03 	
-6.750000e-01	2.500000e-02 	2.500000e-02 	5.397751e-01 	1.917551e-03 	1.917551e-03 	
-6.250000e-01	2.500000e-02 	2.500000e-02 	5.216640e-01 	1.857619e-03 	1.857619e-03 	
-5.750000e-01	2.500000e-02 	2.500000e-02 	5.109416e-01 	1.844923e-03 	1.844923e-03 	
-5.250000e-01	2.500000e-02 	2.500000e-02 	4.950660e-01 	1.803510e-03 	1.803510e-03 	
-4.750000e-01	2.500000e-02 	2.500000e-02 	4.836595e-01 	1.787827e-03 	1.787827e-03 	
-4.250000e-01	2.500000e-02 	2.500000e-02 	4.713993e-01 	1.733361e-03 	1.733361e-03 	
-3.750000e-01	2.500000e-02 	2.500000e-02 	4.614737e-01 	1.729226e-03 	1.729226e-03 	
-3.250000e-01	2.500000e-02 	2.500000e-02 	4.516889e-01 	1.698868e-03 	1.698868e-03 	
-2.750000e-01	2.500000e-02 	2.500000e-02 	4.405038e-01 	1.666576e-03 	1.666576e-03 	
-2.250000e-01	2.500000e-02 	2.500000e-02 	4.341923e-01 	1.642685e-03 	1.642685e-03 	
-1.750000e-01	2.500000e-02 	2.500000e-02 	4.249039e-01 	1.626221e-03 	1.626221e-03 	
-1.250000e-01	2.500000e-02 	2.500000e-02 	4.193051e-01 	1.608609e-03 	1.608609e-03 	
-7.500000e-02	2.500000e-02 	2.500000e-02 	4.149459e-01 	1.597339e-03 	1.597339e-03 	
-2.500000e-02	2.500000e-02 	2.500000e-02 	4.115425e-01 	1.598099e-03 	1.598099e-03 	
2.500000e-02 	2.500000e-02 	2.500000e-02 	4.113188e-01 	1.604554e-03 	1.604554e-03 	
7.500000e-02 	2.500000e-02 	2.500000e-02 	4.071735e-01 	1.556395e-03 	1.556395e-03 	
1.250000e-01 	2.500000e-02 	2.500000e-02 	4.084933e-01 	1.582331e-03 	1.582331e-03 	
1.750000e-01 	2.500000e-02 	2.500000e-02 	4.115765e-01 	1.609571e-03 	1.609571e-03 	
2.250000e-01 	2.500000e-02 	2.500000e-02 	4.077529e-01 	1.568388e-03 	1.568388e-03 	
2.750000e-01 	2.500000e-02 	2.500000e-02 	4.139371e-01 	1.599478e-03 	1.599478e-03 	
3.250000e-01 	2.500000e-02 	2.500000e-02 	4.179911e-01 	1.593503e-03 	1.593503e-03 	
3.750000e-01 	2.500000e-02 	2.500000e-02 	4.246023e-01 	1.599387e-03 	1.599387e-03 	
4.250000e-01 	2.500000e-02 	2.500000e-02 	4.320139e-01 	1.600500e-03 	1.600500e-03 	
4.750000e-01 	2.500000e-02 	2.500000e-02 	4.437514e-01 	1.638019e-03 	1.638019e-03 	
5.250000e-01 	2.500000e-02 	2.500000e-02 	4.546507e-01 	1.652687e-03 	1.652687e-03 	
5.750000e-01 	2.500000e-02 	2.500000e-02 	4.678944e-01 	1.677073e-03 	1.677073e-03 	
6.250000e-01 	2.500000e-02 	2.500000e-02 	4.862077e-01 	1.693487e-03 	1.693487e-03 	
6.750000e-01 	2.500000e-02 	2.500000e-02 	4.997009e-01 	2.456404e-03 	2.456404e-03 	
7.250000e-01 	2.500000e-02 	2.500000e-02 	5.241250e-01 	1.756876e-03 	1.756876e-03 	
7.750000e-01 	2.500000e-02 	2.500000e-02 	5.487225e-01 	1.794392e-03 	1.794392e-03 	
8.250000e-01 	2.500000e-02 	2.500000e-02 	5.688029e-01 	1.832865e-03 	1.832865e-03 	
8.750000e-01 	2.500000e-02 	2.500000e-02 	5.598591e-01 	1.822416e-03 	1.822416e-03 	
9.250000e-01 	2.500000e-02 	2.500000e-02 	3.756248e-01 	1.484837e-03 	1.484837e-03 	
9.750000e-01 	2.500000e-02 	2.500000e-02 	2.712336e-02 	2.709995e-04 	2.709995e-04 	
END SCATTER2D

BEGIN SCATTER2D /COMETA_ZZ_production_analysis/cospp
Path=/COMETA_ZZ_production_analysis/cospp
ScaledBy=1.07993445161953701e-05
Title=~
# val1       	err1-        	err1+        	val2         	err2-        	err2+        	
-9.750000e-01	2.500000e-02 	2.500000e-02 	3.527291e-01 	1.440159e-03 	1.440159e-03 	
-9.250000e-01	2.500000e-02 	2.500000e-02 	3.492650e-01 	1.438727e-03 	1.438727e-03 	
-8.750000e-01	2.500000e-02 	2.500000e-02 	3.517029e-01 	1.451251e-03 	1.451251e-03 	
-8.250000e-01	2.500000e-02 	2.500000e-02 	3.542838e-01 	1.458255e-03 	1.458255e-03 	
-7.750000e-01	2.500000e-02 	2.500000e-02 	3.559798e-01 	1.463915e-03 	1.463915e-03 	
-7.250000e-01	2.500000e-02 	2.500000e-02 	3.570916e-01 	1.481207e-03 	1.481207e-03 	
-6.750000e-01	2.500000e-02 	2.500000e-02 	3.569473e-01 	1.460108e-03 	1.460108e-03 	
-6.250000e-01	2.500000e-02 	2.500000e-02 	3.578204e-01 	1.467304e-03 	1.467304e-03 	
-5.750000e-01	2.500000e-02 	2.500000e-02 	3.586921e-01 	1.470178e-03 	1.470178e-03 	
-5.250000e-01	2.500000e-02 	2.500000e-02 	3.606992e-01 	1.472900e-03 	1.472900e-03 	
-4.750000e-01	2.500000e-02 	2.500000e-02 	3.657977e-01 	1.496244e-03 	1.496244e-03 	
-4.250000e-01	2.500000e-02 	2.500000e-02 	3.695027e-01 	1.496059e-03 	1.496059e-03 	
-3.750000e-01	2.500000e-02 	2.500000e-02 	3.691891e-01 	1.514365e-03 	1.514365e-03 	
-3.250000e-01	2.500000e-02 	2.500000e-02 	3.701377e-01 	1.501150e-03 	1.501150e-03 	
-2.750000e-01	2.500000e-02 	2.500000e-02 	3.729653e-01 	1.511003e-03 	1.511003e-03 	
-2.250000e-01	2.500000e-02 	2.500000e-02 	3.750424e-01 	1.499241e-03 	1.499241e-03 	
-1.750000e-01	2.500000e-02 	2.500000e-02 	3.800412e-01 	1.537452e-03 	1.537452e-03 	
-1.250000e-01	2.500000e-02 	2.500000e-02 	3.865551e-01 	1.542087e-03 	1.542087e-03 	
-7.500000e-02	2.500000e-02 	2.500000e-02 	3.880795e-01 	1.539457e-03 	1.539457e-03 	
-2.500000e-02	2.500000e-02 	2.500000e-02 	3.939213e-01 	1.560010e-03 	1.560010e-03 	
2.500000e-02 	2.500000e-02 	2.500000e-02 	4.003125e-01 	1.559214e-03 	1.559214e-03 	
7.500000e-02 	2.500000e-02 	2.500000e-02 	4.081497e-01 	1.575075e-03 	1.575075e-03 	
1.250000e-01 	2.500000e-02 	2.500000e-02 	4.151511e-01 	1.601400e-03 	1.601400e-03 	
1.750000e-01 	2.500000e-02 	2.500000e-02 	4.219479e-01 	1.619827e-03 	1.619827e-03 	
2.250000e-01 	2.500000e-02 	2.500000e-02 	4.332531e-01 	1.642932e-03 	1.642932e-03 	
2.750000e-01 	2.500000e-02 	2.500000e-02 	4.396060e-01 	1.647130e-03 	1.647130e-03 	
3.250000e-01 	2.500000e-02 	2.500000e-02 	4.534896e-01 	1.686691e-03 	1.686691e-03 	
3.750000e-01 	2.500000e-02 	2.500000e-02 	4.651899e-01 	1.687334e-03 	1.687334e-03 	
4.250000e-01 	2.500000e-02 	2.500000e-02 	4.825933e-01 	1.740115e-03 	1.740115e-03 	
4.750000e-01 	2.500000e-02 	2.500000e-02 	4.990616e-01 	1.775585e-03 	1.775585e-03 	
5.250000e-01 	2.500000e-02 	2.500000e-02 	5.190797e-01 	1.794978e-03 	1.794978e-03 	
5.750000e-01 	2.500000e-02 	2.500000e-02 	5.418369e-01 	1.848435e-03 	1.848435e-03 	
6.250000e-01 	2.500000e-02 	2.500000e-02 	5.657144e-01 	1.916892e-03 	1.916892e-03 	
6.750000e-01 	2.500000e-02 	2.500000e-02 	6.004405e-01 	1.982313e-03 	1.982313e-03 	
7.250000e-01 	2.500000e-02 	2.500000e-02 	6.370792e-01 	2.021524e-03 	2.021524e-03 	
7.750000e-01 	2.500000e-02 	2.500000e-02 	6.858559e-01 	2.116245e-03 	2.116245e-03 	
8.250000e-01 	2.500000e-02 	2.500000e-02 	7.406205e-01 	2.225014e-03 	2.225014e-03 	
8.750000e-01 	2.500000e-02 	2.500000e-02 	8.014425e-01 	2.308448e-03 	2.308448e-03 	
9.250000e-01 	2.500000e-02 	2.500000e-02 	8.538005e-01 	2.989469e-03 	2.989469e-03 	
9.750000e-01 	2.500000e-02 	2.500000e-02 	8.411445e-01 	2.418657e-03 	2.418657e-03 	
END SCATTER2D

BEGIN SCATTER2D /COMETA_ZZ_production_analysis/cp1dmap_ZZ
Path=/COMETA_ZZ_production_analysis/cp1dmap_ZZ
ScaledBy=1.07993445161953701e-05
Title=~
# val1       	err1-        	err1+        	val2         	err2-        	err2+        	
5.000000e-01 	5.000000e-01 	5.000000e-01 	1.207820e-03 	9.025045e-06 	9.025045e-06 	
1.500000e+00 	5.000000e-01 	5.000000e-01 	2.890436e-03 	1.847488e-05 	1.847488e-05 	
2.500000e+00 	5.000000e-01 	5.000000e-01 	6.860925e-03 	3.349016e-05 	3.349016e-05 	
3.500000e+00 	5.000000e-01 	5.000000e-01 	1.410837e-02 	5.489825e-05 	5.489825e-05 	
4.500000e+00 	5.000000e-01 	5.000000e-01 	2.754315e-02 	8.503331e-05 	8.503331e-05 	
5.500000e+00 	5.000000e-01 	5.000000e-01 	5.089162e-02 	1.244966e-04 	1.244966e-04 	
6.500000e+00 	5.000000e-01 	5.000000e-01 	1.066229e-01 	1.929043e-04 	1.929043e-04 	
7.500000e+00 	5.000000e-01 	5.000000e-01 	1.068555e-01 	1.916741e-04 	1.916741e-04 	
8.500000e+00 	5.000000e-01 	5.000000e-01 	5.103020e-02 	1.222354e-04 	1.222354e-04 	
9.500000e+00 	5.000000e-01 	5.000000e-01 	2.742061e-02 	8.133369e-05 	8.133369e-05 	
1.050000e+01 	5.000000e-01 	5.000000e-01 	1.424108e-02 	5.254107e-05 	5.254107e-05 	
1.150000e+01 	5.000000e-01 	5.000000e-01 	6.822274e-03 	3.250923e-05 	3.250923e-05 	
1.250000e+01 	5.000000e-01 	5.000000e-01 	2.883222e-03 	1.730637e-05 	1.730637e-05 	
1.350000e+01 	5.000000e-01 	5.000000e-01 	1.208792e-03 	8.427363e-06 	8.427363e-06 	
1.450000e+01 	5.000000e-01 	5.000000e-01 	4.233216e-02 	1.370447e-04 	1.370447e-04 	
1.550000e+01 	5.000000e-01 	5.000000e-01 	4.221131e-02 	1.355204e-04 	1.355204e-04 	
1.650000e+01 	5.000000e-01 	5.000000e-01 	1.206415e-03 	8.246057e-06 	8.246057e-06 	
1.750000e+01 	5.000000e-01 	5.000000e-01 	2.872179e-03 	1.729280e-05 	1.729280e-05 	
1.850000e+01 	5.000000e-01 	5.000000e-01 	6.846332e-03 	3.161873e-05 	3.161873e-05 	
1.950000e+01 	5.000000e-01 	5.000000e-01 	1.423088e-02 	5.307725e-05 	5.307725e-05 	
2.050000e+01 	5.000000e-01 	5.000000e-01 	2.758449e-02 	8.286522e-05 	8.286522e-05 	
2.150000e+01 	5.000000e-01 	5.000000e-01 	5.103502e-02 	1.211582e-04 	1.211582e-04 	
2.250000e+01 	5.000000e-01 	5.000000e-01 	1.070358e-01 	1.918981e-04 	1.918981e-04 	
2.350000e+01 	5.000000e-01 	5.000000e-01 	1.067803e-01 	2.121400e-04 	2.121400e-04 	
2.450000e+01 	5.000000e-01 	5.000000e-01 	5.104590e-02 	1.248297e-04 	1.248297e-04 	
2.550000e+01 	5.000000e-01 	5.000000e-01 	2.748033e-02 	8.551874e-05 	8.551874e-05 	
2.650000e+01 	5.000000e-01 	5.000000e-01 	1.431023e-02 	5.519212e-05 	5.519212e-05 	
2.750000e+01 	5.000000e-01 	5.000000e-01 	6.950186e-03 	3.407383e-05 	3.407383e-05 	
2.850000e+01 	5.000000e-01 	5.000000e-01 	2.878482e-03 	1.858164e-05 	1.858164e-05 	
2.950000e+01 	5.000000e-01 	5.000000e-01 	1.223698e-03 	9.195953e-06 	9.195953e-06 	
END SCATTER2D

